###################################################################################################
#                                                                                    3.6.0-Cordelia
#
#                                                      .oooooo.             ooooo   ooooo        
#     Clair de Lune                                   d8P    Y8b             888     888         
#     =============                                  888           .ooooo.   888     888         
#                                                    888          d88   88b  888ooooo888         
# Votre ame est un paysage choisi                    888          888   888  888     888  dP^Y8b 
# Que vont charmant masques et bergamasques           88b    ooo  888   888  888     888      8P 
# Jouant du luth et dansant et quasi                   Y8bood8P    Y8bod8P' o888o   o888o   <8B  
# Tristes sous leurs deguisements fantasques.                                           8b    8b 
#                                                                                        Y8oo8P  
#
# Tout en chantant sur le mode mineur            Au calme clair de lune triste et beau,
# L'amour vainqueur et la vie opportune          Qui fait rever les oiseaux dans les arbres
# Ils n'ont pas l'air de croire a leur bonheur   Et sangloter d'extase les jets d'eau,
# Et leur chanson se mele au clair de lune,      Les grands jets d'eau sveltes parmi les marbres.
# 
#                                                                                   Paul Verlaine
#
######################################################################################## Moonage 11
###################################################################################################
#                                                                                    3.6.0-Cordelia
#          
#......................................................................../  028-064Ni //   3.500000
#                                                                                 SYSTEM PARAMETERS
#            AtomicNum    MassNum
#    Target         28         64
#  Incident          1          2
#            Ecms[MeV]  Elab[MeV] ReduceMass WaveNumber
     Energy 3.3931e+00 3.5000e+00 1.9526e+00 5.6302e-01
#......................................................................../  028-064Ni //   3.500000
#                                                                             ROTATIONAL STATE DATA
#             Energy       Spin   WaveNum Eout[MeV]   Coulomb   Sig0   
      Level   0.00000       0.0   0.56302   3.39310   3.34507   1.45447
#......................................................................../  028-064Ni //   3.500000
#                                                                            DEFORMATION PARAMETERS
#              Lambda     Beta
#......................................................................../  028-064Ni //   3.500000
#                                                                           OPTICAL MODEL POTENTIAL
# OMP  0      V         Vs        Wv        Ws        Vso       Wso       Coul
      r[fm]   1.15006   0.00000   1.32993   1.37200   0.97200   0.00000      1.30
      a[fm]   0.76940   0.00000   0.45500   0.77900   1.01100   0.00000
 Depth[MeV]  95.50045   0.00000   1.31505  10.72617   7.11400   0.00000
#......................................................................../  028-064Ni //   3.500000
#                                                                      TOTAL REACTION CROSS SECTION
  Sigma[mb] 1.0423e+02
#......................................................................../  028-064Ni //   3.500000
#                                                                     DISCRETE DIRECT CROSS SECTION
#              Ex[MeV]     Spin    Eout[MeV]  Sigma[mb]
  Direct  0    0.00000      0.0   3.3931e+00 2.8269e+00
#......................................................................../  028-064Ni //   3.500000
#                                                                                      TARGET STATE
#           Excitation  Spin
  028-064Ni 0.0000e+00  0.0+
#......................................................................../  028-064Ni //   3.500000
#                                                                             COMPOUND NUCLEUS DATA
#              Z     A  MassExess    Ex(max) Separation     N-cont    N-level
  029-066Cu              -66.2581    15.6885                   140         32
      gamma  029-066Cu     0.0000                0.0000
    neutron  029-065Cu     8.0714                7.0660
     proton  028-065Ni     7.2890                8.4219
      alpha  027-062Co     2.4249                7.2592
   deuteron  028-064Ni    13.1358               12.2954
  029-065Cu              -67.2635     8.6225                    51         62
      gamma  029-065Cu     0.0000                0.0000
     proton  028-064Ni     7.2890                7.4540
      alpha  027-061Co     2.4249                6.7908
  028-065Ni              -65.1252     7.2667                    43         31
      gamma  028-065Ni     0.0000                0.0000
    neutron  028-064Ni     8.0714                6.0982
  027-062Co              -61.4238     8.4294                    66         25
      gamma  027-062Co     0.0000                0.0000
    neutron  027-061Co     8.0714                6.5976
      alpha  025-058Mn     2.4249                8.0212
  028-064Ni              -67.0985     3.3931                     0         49
      gamma  028-064Ni     0.0000                0.0000
  028-064Ni              -67.0985     1.1685                     0         49
      gamma  028-064Ni     0.0000                0.0000
  027-061Co              -62.8976     1.8317                     0         50
      gamma  027-061Co     0.0000                0.0000
  025-058Mn              -55.8276     0.4082                     0         24
      gamma  025-058Mn     0.0000                0.0000
#......................................................................../  028-064Ni //   3.500000
#                                                                          LEVEL DENSITY PARAMETERS
#                 a       Pairing     T          E0         Em         Sigma2     Eshell
  029-066Cu     8.6556     0.0000     1.0766    -2.2222     5.9154     4.2812  -0.720900
  029-065Cu     8.5196     1.3787     1.1302    -1.1741     7.9064     5.3992  -0.795700
  028-065Ni     8.5196     1.5421     1.1916    -1.1442     8.4597     6.4073  -1.580100
  027-062Co     8.1124     0.0000     1.1588    -2.1136     6.1829     8.0800  -1.102200
#......................................................................../  028-064Ni //   3.500000
#                                                                       GIANT DIPOLE RESONANCE DATA
#          Energy[MeV] Width[MeV] Sigma0[mb]            Profile
         E1    17.3068     4.4527  51.582682                 GL
         E1    18.9163     6.3718  61.283024                 GL
         M1    10.1454     4.0000   0.618302                 SL
         E2    15.5893     5.3180   1.426514                 SL
         M2    10.1454     4.0000   0.000495                 SL
         E3    15.5893     5.3180   0.001141                 SL
         M1     1.8608     1.5000   0.249764                 SL
#......................................................................../  028-064Ni //   3.500000
#                                                                       SUM OF PRECOMPOUND EMISSION
#            029-066Cu      gamma    neutron     proton      alpha   deuteron
 SpcSum[mb]            0.0000e+00 1.0853e+01 4.4007e-01 6.9566e-03 0.0000e+00
 Emean[MeV]            0.0000e+00 3.1877e+00 3.7060e+00 6.1805e+00 0.0000e+00
#          
#           TotalPreEq   Compound   Fraction
  Sigma[mb] 1.1300e+01 1.0423e+02 1.0841e-01
#......................................................................../  028-064Ni //   3.500000
#                                                                          SUM SPECTRA FOR COMPOUND
#            029-066Cu      gamma    neutron     proton      alpha   deuteron
 SpcSum[mb]            5.7149e-02 9.2025e+01 7.8980e-01 1.0334e-01 4.8072e-03
 Emean[MeV]            4.0047e+00 1.9722e+00 5.0171e+00 7.7942e+00 3.3767e+00
#......................................................................../  028-064Ni //   3.500000
#                                                                   GAMMAS FROM DISCRETE TRANSITION
#           0 0 0 0 0 0             029-066Cu
#   Ex[MeV]     Jpi    FinalState  Branching Production    Egamma Production   T(1/2)[s]
 31  1.7459    2.0-                          1.3163e-04
                        3  0.2750     0.1012               1.4709 1.3317e-05
                        1  0.1860     0.7553               1.5599 9.9382e-05
                        0  0.0000     0.1435               1.7459 1.8879e-05
 30  1.7360    4.0-                          6.4905e-05
                        8  0.7298     1.0000               1.0061 6.4897e-05
 29  1.7132    1.0+                          1.1695e-04
                       14  1.0521     0.3591               0.6611 4.1969e-05
                        8  0.7298     0.6409               0.9834 7.4932e-05
 28  1.6941    1.0+                          1.1964e-04
                       17  1.2125     1.0000               0.4816 1.1946e-04
 27  1.6780    2.0+                          1.3077e-04
                       25  1.5773     0.1268               0.1007 1.2756e-05
                       19  1.3440     0.1083               0.3340 1.4098e-05
                        8  0.7298     0.2512               0.9482 3.2843e-05
                        0  0.0000     0.5137               1.6780 6.7155e-05
 26  1.6300    2.0-                          1.5299e-04
                        0  0.0000     0.0556               1.6300 8.4994e-06
                        1  0.1860     0.0556               1.4440 8.4994e-06
                        3  0.2750     0.0556               1.3550 8.4994e-06
                        4  0.3858     0.0556               1.2442 8.4994e-06
                        5  0.4652     0.0556               1.1648 8.4994e-06
                        8  0.7298     0.0556               0.9002 8.4994e-06
                        9  0.8227     0.0556               0.8073 8.4994e-06
                       12  1.0085     0.0556               0.6215 8.4994e-06
                       13  1.0171     0.0556               0.6129 8.4994e-06
                       14  1.0521     0.0556               0.5779 8.4994e-06
                       16  1.1581     0.0556               0.4719 8.4994e-06
                       17  1.2125     0.0556               0.4175 8.4994e-06
                       19  1.3440     0.0556               0.2860 8.4994e-06
                       20  1.4322     0.0556               0.1978 8.4994e-06
                       21  1.4394     0.0556               0.1906 8.4994e-06
                       23  1.5474     0.0556               0.0826 8.4994e-06
                       24  1.5601     0.0556               0.0698 8.4994e-06
                       25  1.5773     0.0556               0.0527 8.4994e-06
 25  1.5773    2.0+                          1.7281e-04
                        8  0.7298     1.0000               0.8475 1.7275e-04
 24  1.5601    2.0+                          1.5937e-04
                       19  1.3440     0.1327               0.2161 2.0734e-05
                        2  0.2378     0.8673               1.3223 1.3820e-04
 23  1.5474    1.0+                          1.5131e-04
                        6  0.5907     0.4167               0.9566 6.2972e-05
                        4  0.3858     0.0877               1.1616 1.3270e-05
                        3  0.2750     0.4956               1.2724 7.4973e-05
 22  1.4980    3.0-                          1.3302e-04
                        1  0.1860     0.1000               1.3120 1.3302e-05
                        3  0.2750     0.1000               1.2230 1.3302e-05
                        5  0.4652     0.1000               1.0328 1.3302e-05
                        6  0.5907     0.1000               0.9073 1.3302e-05
                        8  0.7298     0.1000               0.7682 1.3302e-05
                        9  0.8227     0.1000               0.6753 1.3302e-05
                       12  1.0085     0.1000               0.4895 1.3302e-05
                       13  1.0171     0.1000               0.4809 1.3302e-05
                       16  1.1581     0.1000               0.3399 1.3302e-05
                       21  1.4394     0.1000               0.0586 1.3302e-05
 21  1.4394    3.0+                          1.6259e-04
                       13  1.0171     0.0495               0.4223 8.0344e-06
                        0  0.0000     0.9505               1.4394 1.5451e-04
 20  1.4322    1.0+                          1.7317e-04
                        7  0.6790     0.5000               0.7532 8.6586e-05
                       11  0.9160     0.5000               0.5162 8.6586e-05
 19  1.3440    1.0+                          2.2776e-04
                        5  0.4652     0.7200               0.8788 1.6393e-04
                        4  0.3858     0.2563               0.9582 5.8357e-05
                        0  0.0000     0.0237               1.3440 5.4082e-06
 18  1.2472    4.0-                          1.2376e-04
                        3  0.2750     1.0000               0.9721 1.2375e-04
 17  1.2125    1.0+                          3.4549e-04
                        3  0.2750     0.3899               0.9375 1.3466e-04
                        0  0.0000     0.6101               1.2125 2.1075e-04
 16  1.1581    3.0+                          2.2197e-04
                        9  0.8227     0.3218               0.3354 7.1103e-05
                        6  0.5907     0.2138               0.5673 4.7410e-05
                        3  0.2750     0.4644               0.8831 1.0305e-04
 15  1.1542    6.0-                          5.1248e-05                       6.0000e-07
                        6  0.5907     1.0000               0.5634 5.1100e-05
 14  1.0521    1.0+                          3.1718e-04
                        5  0.4652     0.1071               0.5869 3.3939e-05
                        2  0.2378     0.2519               0.8143 7.9870e-05
                        0  0.0000     0.6410               1.0521 2.0327e-04
 13  1.0171    3.0+                          2.6928e-04
                        9  0.8227     0.1730               0.1944 4.5228e-05
                        6  0.5907     0.1236               0.4264 3.3210e-05
                        5  0.4652     0.1074               0.5520 2.8889e-05
                        1  0.1860     0.5960               0.8312 1.6043e-04
 12  1.0085    2.0+                          3.2471e-04
                        4  0.3858     1.0000               0.6227 3.2446e-04
 11  0.9160    1.0-                          4.7950e-04
                        0  0.0000     0.1667               0.9160 7.9916e-05
                        1  0.1860     0.1667               0.7300 7.9916e-05
                        2  0.2378     0.1667               0.6782 7.9916e-05
                        4  0.3858     0.1667               0.5302 7.9916e-05
                        5  0.4652     0.1667               0.4508 7.9916e-05
                        9  0.8227     0.1667               0.0933 7.9916e-05
 10  0.8840    4.0-                          2.1192e-04
                        3  0.2750     0.3333               0.6090 7.0638e-05
                        6  0.5907     0.3333               0.2933 7.0638e-05
                        8  0.7298     0.3333               0.1542 7.0638e-05
  9  0.8227    2.0+                          6.0272e-04
                        5  0.4652     0.0734               0.3575 4.4063e-05
                        4  0.3858     0.2834               0.4369 1.7046e-04
                        1  0.1860     0.0438               0.6367 2.6363e-05
                        0  0.0000     0.5994               0.8227 3.6115e-04
  8  0.7298    3.0+                          7.8189e-04
                        3  0.2750     0.0910               0.4548 7.1002e-05
                        1  0.1860     0.9090               0.5439 7.0997e-04
  7  0.6790    2.0-                          6.7770e-04
                        0  0.0000     0.2000               0.6790 1.3554e-04
                        1  0.1860     0.2000               0.4930 1.3554e-04
                        3  0.2750     0.2000               0.4040 1.3554e-04
                        4  0.3858     0.2000               0.2932 1.3554e-04
                        5  0.4652     0.2000               0.2138 1.3554e-04
  6  0.5907    4.0+                          5.4263e-04
                        3  0.2750     1.0000               0.3157 5.3939e-04
  5  0.4652    2.0+                          1.0943e-03
                        3  0.2750     0.0371               0.1901 3.9341e-05
                        1  0.1860     0.0153               0.2792 1.6567e-05
                        0  0.0000     0.9476               0.4652 1.0352e-03
  4  0.3858    1.0+                          1.3812e-03
                        1  0.1860     0.0317               0.1998 4.2671e-05
                        0  0.0000     0.9683               0.3858 1.3333e-03
  3  0.2750    3.0+                          1.9104e-03
                        1  0.1860     0.9906               0.0891 1.2617e-03
                        0  0.0000     0.0094               0.2750 1.7664e-05
  2  0.2378    0.0+                          5.7212e-04
                        0  0.0000     1.0000               0.2378 5.6887e-04
  1  0.1860    2.0+                          3.9655e-03
                        0  0.0000     1.0000               0.1860 3.8314e-03
  0  0.0000    1.0+                          9.0138e-03                       3.0720e+02
#......................................................................../  028-064Ni //   3.500000
#                                                                          SUM SPECTRA FOR COMPOUND
#            029-065Cu      gamma     proton      alpha
 SpcSum[mb]            3.0996e+02 2.5128e-03 3.2988e-15
 Emean[MeV]            2.1629e+00 1.0882e+00 1.8000e+00
#......................................................................../  028-064Ni //   3.500000
#                                                                   GAMMAS FROM DISCRETE TRANSITION
#           1 0 0 0 0 0             029-065Cu
#   Ex[MeV]     Jpi    FinalState  Branching Production    Egamma Production   T(1/2)[s]
 61  3.5410    3.5+                          5.1784e-01
                        2  1.1156     0.0556               2.4254 2.8769e-02
                        3  1.4818     0.0556               2.0592 2.8769e-02
                        4  1.6234     0.0556               1.9176 2.8769e-02
                        6  2.0943     0.0556               1.4467 2.8769e-02
                        7  2.1074     0.0556               1.4336 2.8769e-02
                        9  2.2785     0.0556               1.2625 2.8769e-02
                       13  2.5330     0.0556               1.0080 2.8769e-02
                       15  2.5934     0.0556               0.9476 2.8769e-02
                       18  2.6497     0.0556               0.8913 2.8769e-02
                       28  2.9476     0.0556               0.5934 2.8769e-02
                       39  3.1320     0.0556               0.4090 2.8769e-02
                       40  3.1430     0.0556               0.3980 2.8769e-02
                       41  3.1570     0.0556               0.3840 2.8769e-02
                       46  3.2740     0.0556               0.2670 2.8769e-02
                       49  3.3379     0.0556               0.2031 2.8769e-02
                       53  3.4020     0.0556               0.1390 2.8769e-02
                       55  3.4270     0.0556               0.1140 2.8769e-02
                       58  3.4820     0.0556               0.0590 2.8769e-02
 60  3.5130    4.5+                          3.2821e-01
                        3  1.4818     0.0769               2.0312 2.5247e-02
                        6  2.0943     0.0769               1.4187 2.5247e-02
                        9  2.2785     0.0769               1.2345 2.5247e-02
                       31  2.9969     0.0769               0.5161 2.5247e-02
                       39  3.1320     0.0769               0.3810 2.5247e-02
                       40  3.1430     0.0769               0.3700 2.5247e-02
                       41  3.1570     0.0769               0.3560 2.5247e-02
                       46  3.2740     0.0769               0.2390 2.5247e-02
                       47  3.2780     0.0769               0.2350 2.5247e-02
                       49  3.3379     0.0769               0.1751 2.5247e-02
                       53  3.4020     0.0769               0.1110 2.5247e-02
                       55  3.4270     0.0769               0.0860 2.5247e-02
                       58  3.4820     0.0769               0.0310 2.5247e-02
 59  3.5040    4.5+                          3.3157e-01
                        3  1.4818     0.0769               2.0222 2.5506e-02
                        6  2.0943     0.0769               1.4097 2.5506e-02
                        9  2.2785     0.0769               1.2255 2.5506e-02
                       31  2.9969     0.0769               0.5071 2.5506e-02
                       39  3.1320     0.0769               0.3720 2.5506e-02
                       40  3.1430     0.0769               0.3610 2.5506e-02
                       41  3.1570     0.0769               0.3470 2.5506e-02
                       46  3.2740     0.0769               0.2300 2.5506e-02
                       47  3.2780     0.0769               0.2260 2.5506e-02
                       49  3.3379     0.0769               0.1661 2.5506e-02
                       53  3.4020     0.0769               0.1020 2.5506e-02
                       55  3.4270     0.0769               0.0770 2.5506e-02
                       58  3.4820     0.0769               0.0220 2.5506e-02
 58  3.4820    3.5-                          6.4289e-01
                       11  2.4066     0.0769               1.0754 4.9453e-02
                       12  2.5257     0.0769               0.9563 4.9453e-02
                       14  2.5339     0.0769               0.9481 4.9453e-02
                       21  2.7528     0.0769               0.7292 4.9453e-02
                       22  2.8390     0.0769               0.6430 4.9453e-02
                       27  2.9025     0.0769               0.5795 4.9453e-02
                       29  2.9770     0.0769               0.5050 4.9453e-02
                       30  2.9900     0.0769               0.4920 4.9453e-02
                       32  3.0360     0.0769               0.4460 4.9453e-02
                       43  3.1730     0.0769               0.3090 4.9453e-02
                       50  3.3470     0.0769               0.1350 4.9453e-02
                       51  3.3553     0.0769               0.1267 4.9453e-02
                       52  3.3990     0.0769               0.0830 4.9453e-02
 57  3.4570    0.5-                          5.3605e-01
                        0  0.0000     1.0000               3.4570 5.3555e-01
 56  3.4490    0.5+                          5.2962e-01
                        0  0.0000     0.0588               3.4490 3.1154e-02
                        1  0.7706     0.0588               2.6784 3.1154e-02
                        5  1.7250     0.0588               1.7240 3.1154e-02
                        8  2.2128     0.0588               1.2362 3.1154e-02
                       10  2.3291     0.0588               1.1199 3.1154e-02
                       19  2.6549     0.0588               0.7941 3.1154e-02
                       20  2.6690     0.0588               0.7800 3.1154e-02
                       24  2.8669     0.0588               0.5821 3.1154e-02
                       25  2.8745     0.0588               0.5745 3.1154e-02
                       33  3.0790     0.0588               0.3700 3.1154e-02
                       35  3.0860     0.0588               0.3630 3.1154e-02
                       36  3.1160     0.0588               0.3330 3.1154e-02
                       37  3.1202     0.0588               0.3288 3.1154e-02
                       42  3.1665     0.0588               0.2825 3.1154e-02
                       44  3.2403     0.0588               0.2087 3.1154e-02
                       45  3.2611     0.0588               0.1879 3.1154e-02
                       48  3.3261     0.0588               0.1229 3.1154e-02
 55  3.4270    3.5-                          6.7818e-01                       5.0000e-14
                       11  2.4066     0.0769               1.0204 5.2167e-02
                       12  2.5257     0.0769               0.9013 5.2167e-02
                       14  2.5339     0.0769               0.8931 5.2167e-02
                       21  2.7528     0.0769               0.6742 5.2167e-02
                       22  2.8390     0.0769               0.5880 5.2167e-02
                       27  2.9025     0.0769               0.5245 5.2167e-02
                       29  2.9770     0.0769               0.4500 5.2167e-02
                       30  2.9900     0.0769               0.4370 5.2167e-02
                       32  3.0360     0.0769               0.3910 5.2167e-02
                       43  3.1730     0.0769               0.2540 5.2167e-02
                       50  3.3470     0.0769               0.0800 5.2167e-02
                       51  3.3553     0.0769               0.0717 5.2167e-02
                       52  3.3990     0.0769               0.0280 5.2167e-02
 54  3.4070    1.5+                          8.4517e-01
                        0  0.0000     0.0417               3.4070 3.5215e-02
                        1  0.7706     0.0417               2.6364 3.5215e-02
                        2  1.1156     0.0417               2.2914 3.5215e-02
                        4  1.6234     0.0417               1.7836 3.5215e-02
                        5  1.7250     0.0417               1.6820 3.5215e-02
                        7  2.1074     0.0417               1.2996 3.5215e-02
                        8  2.2128     0.0417               1.1942 3.5215e-02
                       10  2.3291     0.0417               1.0779 3.5215e-02
                       13  2.5330     0.0417               0.8740 3.5215e-02
                       15  2.5934     0.0417               0.8136 3.5215e-02
                       18  2.6497     0.0417               0.7573 3.5215e-02
                       19  2.6549     0.0417               0.7521 3.5215e-02
                       20  2.6690     0.0417               0.7380 3.5215e-02
                       24  2.8669     0.0417               0.5401 3.5215e-02
                       25  2.8745     0.0417               0.5325 3.5215e-02
                       28  2.9476     0.0417               0.4594 3.5215e-02
                       33  3.0790     0.0417               0.3280 3.5215e-02
                       35  3.0860     0.0417               0.3210 3.5215e-02
                       36  3.1160     0.0417               0.2910 3.5215e-02
                       37  3.1202     0.0417               0.2868 3.5215e-02
                       42  3.1665     0.0417               0.2405 3.5215e-02
                       44  3.2403     0.0417               0.1667 3.5215e-02
                       45  3.2611     0.0417               0.1459 3.5215e-02
                       48  3.3261     0.0417               0.0809 3.5215e-02
 53  3.4020    4.5-                          4.5961e-01
                       11  2.4066     0.1111               0.9954 5.1068e-02
                       12  2.5257     0.1111               0.8763 5.1068e-02
                       14  2.5339     0.1111               0.8681 5.1068e-02
                       21  2.7528     0.1111               0.6492 5.1068e-02
                       22  2.8390     0.1111               0.5630 5.1068e-02
                       29  2.9770     0.1111               0.4250 5.1068e-02
                       30  2.9900     0.1111               0.4120 5.1068e-02
                       43  3.1730     0.1111               0.2290 5.1068e-02
                       52  3.3990     0.1111               0.0030 5.1068e-02
 52  3.3990    3.5+                          7.5932e-01
                        0  0.0000     1.0000               3.3990 7.5881e-01
 51  3.3553    2.5+                          9.7690e-01                       1.0600e-13
                        6  2.0943     0.4200               1.2610 4.1023e-01
                        5  1.7250     0.0798               1.6303 7.7934e-02
                        4  1.6234     0.1428               1.7319 1.3943e-01
                        0  0.0000     0.3574               3.3553 3.4865e-01
 50  3.3470    2.5+                          9.8510e-01
                        0  0.0000     0.0400               3.3470 3.9404e-02
                        2  1.1156     0.0400               2.2314 3.9404e-02
                        3  1.4818     0.0400               1.8652 3.9404e-02
                        4  1.6234     0.0400               1.7236 3.9404e-02
                        5  1.7250     0.0400               1.6220 3.9404e-02
                        6  2.0943     0.0400               1.2527 3.9404e-02
                        7  2.1074     0.0400               1.2396 3.9404e-02
                        9  2.2785     0.0400               1.0685 3.9404e-02
                       10  2.3291     0.0400               1.0179 3.9404e-02
                       13  2.5330     0.0400               0.8140 3.9404e-02
                       15  2.5934     0.0400               0.7536 3.9404e-02
                       18  2.6497     0.0400               0.6973 3.9404e-02
                       19  2.6549     0.0400               0.6921 3.9404e-02
                       20  2.6690     0.0400               0.6780 3.9404e-02
                       24  2.8669     0.0400               0.4801 3.9404e-02
                       25  2.8745     0.0400               0.4725 3.9404e-02
                       28  2.9476     0.0400               0.3994 3.9404e-02
                       35  3.0860     0.0400               0.2610 3.9404e-02
                       37  3.1202     0.0400               0.2268 3.9404e-02
                       39  3.1320     0.0400               0.2150 3.9404e-02
                       40  3.1430     0.0400               0.2040 3.9404e-02
                       44  3.2403     0.0400               0.1067 3.9404e-02
                       46  3.2740     0.0400               0.0730 3.9404e-02
                       48  3.3261     0.0400               0.0209 3.9404e-02
                       49  3.3379     0.0400               0.0091 3.9404e-02
 49  3.3379    3.5-                          7.8021e-01
                        3  1.4818     1.0000               1.8561 7.7999e-01
 48  3.3261    1.5-                          1.0418e+00
                        0  0.0000     1.0000               3.3261 1.0409e+00
 47  3.2780    5.5-                          3.1071e-01
                       11  2.4066     0.2500               0.8714 7.7677e-02
                       12  2.5257     0.2500               0.7523 7.7677e-02
                       14  2.5339     0.2500               0.7441 7.7677e-02
                       30  2.9900     0.2500               0.2880 7.7677e-02
 46  3.2740    3.5-                          8.2969e-01
                        0  0.0000     1.0000               3.2740 8.2893e-01
 45  3.2611    0.5-                          7.2704e-01                       2.1000e-13
                        0  0.0000     1.0000               3.2611 7.2641e-01
 44  3.2403    1.5-                          1.1332e+00
                        2  1.1156     0.5000               2.1247 5.6660e-01
                        0  0.0000     0.5000               3.2403 5.6660e-01
 43  3.1730    3.5+                          9.3946e-01
                        0  0.0000     1.0000               3.1730 9.3888e-01
 42  3.1665    0.5-                          7.9835e-01
                        0  0.0000     1.0000               3.1665 7.9769e-01
 41  3.1570    4.5-                          5.9026e-01
                        2  1.1156     1.0000               2.0414 5.9003e-01
 40  3.1430    3.5-                          9.4444e-01
                        0  0.0000     1.0000               3.1430 9.4362e-01
 39  3.1320    3.5-                          9.5495e-01
                        0  0.0000     1.0000               3.1320 9.5413e-01
 38  3.1270    0.5+                          7.5585e-01
                        1  0.7706     1.0000               2.3564 7.5517e-01
 37  3.1202    1.5-                          1.2777e+00
                        4  1.6234     0.1228               1.4968 1.5687e-01
                        3  1.4818     0.8772               1.6384 1.1205e+00
 36  3.1160    0.5-                          8.3979e-01                       2.1000e-13
                        0  0.0000     1.0000               3.1160 8.3911e-01
 35  3.0860    1.5-                          1.3227e+00                       1.4300e-13
                       16  2.6200     0.1429               0.4660 1.8895e-01
                       17  2.6435     0.1429               0.4425 1.8895e-01
                       23  2.8628     0.1429               0.2232 1.8895e-01
                       26  2.8945     0.1429               0.1915 1.8895e-01
                       27  2.9025     0.1429               0.1835 1.8895e-01
                       32  3.0360     0.1429               0.0500 1.8895e-01
                       34  3.0797     0.1429               0.0063 1.8895e-01
 34  3.0797    1.5+                          1.4081e+00                       8.3000e-14
                        2  1.1156     0.5208               1.9641 7.3289e-01
                        1  0.7706     0.4792               2.3091 6.7420e-01
 33  3.0790    0.5-                          8.7174e-01
                       16  2.6200     0.2500               0.4590 2.1794e-01
                       17  2.6435     0.2500               0.4355 2.1794e-01
                       23  2.8628     0.2500               0.2162 2.1794e-01
                       26  2.8945     0.2500               0.1845 2.1794e-01
 32  3.0360    2.5+                          1.5525e+00
                        0  0.0000     0.0588               3.0360 9.1323e-02
                        2  1.1156     0.0588               1.9204 9.1323e-02
                        3  1.4818     0.0588               1.5542 9.1323e-02
                        4  1.6234     0.0588               1.4126 9.1323e-02
                        5  1.7250     0.0588               1.3110 9.1323e-02
                        6  2.0943     0.0588               0.9417 9.1323e-02
                        7  2.1074     0.0588               0.9286 9.1323e-02
                        9  2.2785     0.0588               0.7575 9.1323e-02
                       10  2.3291     0.0588               0.7069 9.1323e-02
                       13  2.5330     0.0588               0.5030 9.1323e-02
                       15  2.5934     0.0588               0.4426 9.1323e-02
                       18  2.6497     0.0588               0.3863 9.1323e-02
                       19  2.6549     0.0588               0.3811 9.1323e-02
                       20  2.6690     0.0588               0.3670 9.1323e-02
                       24  2.8669     0.0588               0.1691 9.1323e-02
                       25  2.8745     0.0588               0.1615 9.1323e-02
                       28  2.9476     0.0588               0.0884 9.1323e-02
 31  2.9969    5.5-                          4.6960e-01
                        3  1.4818     1.0000               1.5151 4.6951e-01
 30  2.9900    4.5+                          8.4484e-01
                        3  1.4818     0.3333               1.5082 2.8161e-01
                        6  2.0943     0.3333               0.8957 2.8161e-01
                        9  2.2785     0.3333               0.7115 2.8161e-01
 29  2.9770    3.5+                          1.1456e+00                       9.0000e-15
                        2  1.1156     0.1000               1.8614 1.1456e-01
                        3  1.4818     0.1000               1.4952 1.1456e-01
                        4  1.6234     0.1000               1.3536 1.1456e-01
                        6  2.0943     0.1000               0.8827 1.1456e-01
                        7  2.1074     0.1000               0.8696 1.1456e-01
                        9  2.2785     0.1000               0.6985 1.1456e-01
                       13  2.5330     0.1000               0.4440 1.1456e-01
                       15  2.5934     0.1000               0.3836 1.1456e-01
                       18  2.6497     0.1000               0.3273 1.1456e-01
                       28  2.9476     0.1000               0.0294 1.1456e-01
 28  2.9476    2.5-                          1.7112e+00
                        2  1.1156     1.0000               1.8320 1.7107e+00
 27  2.9025    2.5+                          1.7657e+00                       9.7000e-14
                        0  0.0000     1.0000               2.9025 1.7636e+00
 26  2.8945    1.5+                          1.9133e+00                       5.0000e-14
                        4  1.6234     0.4565               1.2711 8.7327e-01
                        1  0.7706     0.4110               2.1239 7.8578e-01
                        0  0.0000     0.1325               2.8945 2.5321e-01
 25  2.8745    1.5-                          1.7349e+00                       1.2000e-14
                        1  0.7706     0.3463               2.1038 6.0055e-01
                        0  0.0000     0.6537               2.8745 1.1333e+00
 24  2.8669    1.5-                          1.7478e+00                       1.2000e-14
                        4  1.6234     0.2185               1.2435 3.8179e-01
                        3  1.4818     0.1192               1.3851 2.0828e-01
                        0  0.0000     0.6623               2.8669 1.1568e+00
 23  2.8628    1.5+                          1.9690e+00                       1.9000e-14
                        0  0.0000     1.0000               2.8628 1.9667e+00
 22  2.8390    3.5+                          1.3256e+00                       1.8000e-14
                        2  1.1156     0.1111               1.7234 1.4729e-01
                        3  1.4818     0.1111               1.3572 1.4729e-01
                        4  1.6234     0.1111               1.2156 1.4729e-01
                        6  2.0943     0.1111               0.7447 1.4729e-01
                        7  2.1074     0.1111               0.7316 1.4729e-01
                        9  2.2785     0.1111               0.5605 1.4729e-01
                       13  2.5330     0.1111               0.3060 1.4729e-01
                       15  2.5934     0.1111               0.2456 1.4729e-01
                       18  2.6497     0.1111               0.1893 1.4729e-01
 21  2.7528    3.5+                          1.4549e+00                       3.0000e-14
                        3  1.4818     1.0000               1.2710 1.4546e+00
 20  2.6690    1.5-                          2.1248e+00                       4.0000e-15
                        5  1.7250     1.0000               0.9440 2.1242e+00
 19  2.6549    1.5-                          2.1545e+00                       5.8000e-14
                        5  1.7250     0.6896               0.9299 1.4853e+00
                        0  0.0000     0.3104               2.6549 6.6835e-01
 18  2.6497    2.5-                          2.4093e+00                       8.0000e-15
                        5  1.7250     0.1235               0.9247 2.9745e-01
                        4  1.6234     0.0741               1.0262 1.7841e-01
                        2  1.1156     0.0741               1.5341 1.7839e-01
                        1  0.7706     0.6173               1.8790 1.4867e+00
                        0  0.0000     0.1111               2.6497 2.6750e-01
 17  2.6435    1.5+                          2.4117e+00
                        6  2.0943     0.5562               0.5492 1.3372e+00
                        3  1.4818     0.0000               1.1617 0.0000e+00
                        2  1.1156     0.4438               1.5279 1.0700e+00
                        1  0.7706     0.0000               1.8729 0.0000e+00
 16  2.6200    0.5+                          1.7440e+00
                        0  0.0000     0.2000               2.6200 3.4879e-01
                        1  0.7706     0.2000               1.8494 3.4879e-01
                        5  1.7250     0.2000               0.8950 3.4879e-01
                        8  2.2128     0.2000               0.4072 3.4879e-01
                       10  2.3291     0.2000               0.2910 3.4879e-01
 15  2.5934    2.5-                          2.5326e+00
                        6  2.0943     0.3333               0.4991 8.4419e-01
                        1  0.7706     0.3333               1.8228 8.4419e-01
                        0  0.0000     0.3333               2.5934 8.4419e-01
 14  2.5339    4.5+                          1.3332e+00
                        9  2.2785     0.1529               0.2554 2.0313e-01
                        6  2.0943     0.4237               0.4396 5.6446e-01
                        3  1.4818     0.4234               1.0521 5.6444e-01
 13  2.5330    2.5-                          2.6716e+00
                        5  1.7250     0.0936               0.8080 2.4997e-01
                        1  0.7706     0.4925               1.7624 1.3154e+00
                        0  0.0000     0.4139               2.5330 1.1052e+00
 12  2.5257    4.5+                          1.3448e+00
                        3  1.4818     1.0000               1.0439 1.3446e+00
 11  2.4066    4.5+                          1.5246e+00
                        6  2.0943     0.1734               0.3123 2.6384e-01
                        3  1.4818     0.5585               0.9248 8.5134e-01
                        2  1.1156     0.2681               1.2910 4.0862e-01
 10  2.3291    1.5-                          3.2946e+00                       2.6000e-14
                        2  1.1156     0.2296               1.2135 7.5639e-01
                        1  0.7706     0.2918               1.5584 9.6128e-01
                        0  0.0000     0.4785               2.3291 1.5759e+00
  9  2.2785    3.5-                          3.1310e+00                       8.4000e-16
                        2  1.1156     0.9775               1.1629 3.0601e+00
                        0  0.0000     0.0225               2.2785 7.0383e-02
  8  2.2128    0.5-                          2.4232e+00                       1.1000e-13
                        5  1.7250     0.0821               0.4878 1.9856e-01
                        1  0.7706     0.5463               1.4422 1.3237e+00
                        0  0.0000     0.3716               2.2128 9.0012e-01
  7  2.1074    2.5-                          3.8138e+00                       1.7000e-13
                        5  1.7250     0.0579               0.3824 2.2019e-01
                        3  1.4818     0.3177               0.6256 1.2108e+00
                        2  1.1156     0.3609               0.9919 1.3762e+00
                        1  0.7706     0.0974               1.3368 3.7154e-01
                        0  0.0000     0.1660               2.1074 6.3289e-01
  6  2.0943    3.5-                          6.7623e+00                       1.0000e-12
                        4  1.6234     0.0500               0.4709 3.3780e-01
                        3  1.4818     0.1314               0.6125 8.8782e-01
                        2  1.1156     0.5315               0.9788 3.5931e+00
                        0  0.0000     0.2871               2.0943 1.9406e+00
  5  1.7250    1.5-                          9.6529e+00                       9.2000e-14
                        2  1.1156     0.2789               0.6094 2.6903e+00
                        1  0.7706     0.0064               0.9544 6.1391e-02
                        0  0.0000     0.7148               1.7250 6.8978e+00
  4  1.6234    2.5-                          7.2682e+00                       1.6000e-12
                        2  1.1156     0.3309               0.5079 2.4027e+00
                        1  0.7706     0.1087               0.8528 7.8973e-01
                        0  0.0000     0.5604               1.6234 4.0722e+00
  3  1.4818    3.5-                          1.3613e+01                       4.1000e-13
                        2  1.1156     0.1697               0.3663 2.3055e+00
                        0  0.0000     0.8303               1.4818 1.1301e+01
  2  1.1156    2.5-                          2.8293e+01                       2.8200e-13
                        1  0.7706     0.0001               0.3449 1.6973e-03
                        0  0.0000     0.9999               1.1156 2.8286e+01
  1  0.7706    0.5-                          1.5412e+01                       1.0300e-13
                        0  0.0000     1.0000               0.7706 1.5406e+01
  0  0.0000    1.5-                          1.0287e+02
#......................................................................../  028-064Ni //   3.500000
#                                                                          SUM SPECTRA FOR COMPOUND
#            028-065Ni      gamma    neutron
 SpcSum[mb]            2.4086e+00 2.1845e-06
 Emean[MeV]            1.3812e+00 1.3895e-01
#......................................................................../  028-064Ni //   3.500000
#                                                                   GAMMAS FROM DISCRETE TRANSITION
#           0 1 0 0 0 0             028-065Ni
#   Ex[MeV]     Jpi    FinalState  Branching Production    Egamma Production   T(1/2)[s]
 30  3.0440    2.5+                          1.0790e-02
                        0  0.0000     0.1250               3.0440 1.3487e-03
                        2  0.3101     0.1250               2.7339 1.3487e-03
                        3  0.6932     0.1250               2.3508 1.3487e-03
                        5  1.1417     0.1250               1.9023 1.3487e-03
                        6  1.2741     0.1250               1.7699 1.3487e-03
                        9  1.5940     0.1250               1.4500 1.3487e-03
                       10  1.7720     0.1250               1.2720 1.3487e-03
                       13  2.1468     0.1250               0.8972 1.3487e-03
 29  3.0098    1.5+                          1.3606e-02
                        0  0.0000     0.1250               3.0098 1.7007e-03
                        1  0.0634     0.1250               2.9464 1.7007e-03
                        2  0.3101     0.1250               2.6997 1.7007e-03
                        3  0.6932     0.1250               2.3166 1.7007e-03
                        6  1.2741     0.1250               1.7357 1.7007e-03
                        7  1.4176     0.1250               1.5922 1.7007e-03
                       10  1.7720     0.1250               1.2378 1.7007e-03
                       13  2.1468     0.1250               0.8630 1.7007e-03
 28  2.9064    6.5+                          8.6446e-04
                       15  2.1857     0.7874               0.7206 6.8035e-04
                        4  1.0170     0.2126               1.8893 1.8372e-04
 27  2.9020    2.5+                          1.2997e-02
                        0  0.0000     0.1250               2.9020 1.6246e-03
                        2  0.3101     0.1250               2.5919 1.6246e-03
                        3  0.6932     0.1250               2.2088 1.6246e-03
                        5  1.1417     0.1250               1.7603 1.6246e-03
                        6  1.2741     0.1250               1.6279 1.6246e-03
                        9  1.5940     0.1250               1.3080 1.6246e-03
                       10  1.7720     0.1250               1.1300 1.6246e-03
                       13  2.1468     0.1250               0.7552 1.6246e-03
 26  2.8290    0.5+                          1.4132e-02
                        1  0.0634     0.1667               2.7656 2.3553e-03
                        2  0.3101     0.1667               2.5189 2.3553e-03
                        3  0.6932     0.1667               2.1358 2.3553e-03
                        7  1.4176     0.1667               1.4114 2.3553e-03
                       10  1.7720     0.1667               1.0570 2.3553e-03
                       13  2.1468     0.1667               0.6822 2.3553e-03
 25  2.7930    2.5+                          1.5003e-02
                        0  0.0000     0.1250               2.7930 1.8754e-03
                        2  0.3101     0.1250               2.4829 1.8754e-03
                        3  0.6932     0.1250               2.0998 1.8754e-03
                        5  1.1417     0.1250               1.6513 1.8754e-03
                        6  1.2741     0.1250               1.5189 1.8754e-03
                        9  1.5940     0.1250               1.1990 1.8754e-03
                       10  1.7720     0.1250               1.0210 1.8754e-03
                       13  2.1468     0.1250               0.6462 1.8754e-03
 24  2.7115    1.5+                          1.9466e-02
                        2  0.3101     0.7246               2.4014 1.4092e-02
                        1  0.0634     0.2754               2.6481 5.3552e-03
 23  2.6980    3.5+                          1.1403e-02
                        0  0.0000     0.2500               2.6980 2.8508e-03
                        5  1.1417     0.2500               1.5563 2.8508e-03
                        6  1.2741     0.2500               1.4239 2.8508e-03
                        9  1.5940     0.2500               1.1040 2.8508e-03
 22  2.5740    3.5+                          1.3494e-02
                        0  0.0000     0.2500               2.5740 3.3735e-03
                        5  1.1417     0.2500               1.4323 3.3735e-03
                        6  1.2741     0.2500               1.2999 3.3735e-03
                        9  1.5940     0.2500               0.9800 3.3735e-03
 21  2.5200    1.5+                          2.4657e-02
                        0  0.0000     0.1250               2.5200 3.0821e-03
                        1  0.0634     0.1250               2.4566 3.0821e-03
                        2  0.3101     0.1250               2.2099 3.0821e-03
                        3  0.6932     0.1250               1.8268 3.0821e-03
                        6  1.2741     0.1250               1.2459 3.0821e-03
                        7  1.4176     0.1250               1.1024 3.0821e-03
                       10  1.7720     0.1250               0.7480 3.0821e-03
                       13  2.1468     0.1250               0.3732 3.0821e-03
 20  2.5193    6.5+                          1.7639e-03
                        4  1.0170     1.0000               1.5023 1.7636e-03
 19  2.5100    3.5+                          1.4739e-02
                        0  0.0000     0.2500               2.5100 3.6847e-03
                        5  1.1417     0.2500               1.3683 3.6847e-03
                        6  1.2741     0.2500               1.2359 3.6847e-03
                        9  1.5940     0.2500               0.9160 3.6847e-03
 18  2.3360    4.5+                          9.9852e-03
                        5  1.1417     0.5000               1.1943 4.9926e-03
                        9  1.5940     0.5000               0.7420 4.9926e-03
 17  2.3247    1.5+                          3.1605e-02
                        0  0.0000     0.1250               2.3247 3.9507e-03
                        1  0.0634     0.1250               2.2613 3.9507e-03
                        2  0.3101     0.1250               2.0146 3.9507e-03
                        3  0.6932     0.1250               1.6315 3.9507e-03
                        6  1.2741     0.1250               1.0506 3.9507e-03
                        7  1.4176     0.1250               0.9071 3.9507e-03
                       10  1.7720     0.1250               0.5527 3.9507e-03
                       13  2.1468     0.1250               0.1779 3.9507e-03
 16  2.3020    3.5+                          1.9740e-02
                        0  0.0000     0.2500               2.3020 4.9351e-03
                        5  1.1417     0.2500               1.1603 4.9351e-03
                        6  1.2741     0.2500               1.0279 4.9351e-03
                        9  1.5940     0.2500               0.7080 4.9351e-03
 15  2.1857    5.5+                          7.5868e-03
                        4  1.0170     1.0000               1.1687 7.5855e-03
 14  2.1630    3.5+                          2.4053e-02
                        0  0.0000     0.2500               2.1630 6.0131e-03
                        5  1.1417     0.2500               1.0213 6.0131e-03
                        6  1.2741     0.2500               0.8889 6.0131e-03
                        9  1.5940     0.2500               0.5690 6.0131e-03
 13  2.1468    1.5-                          5.4391e-02
                        1  0.0634     0.4924               2.0834 2.6772e-02
                        0  0.0000     0.5076               2.1468 2.7598e-02
 12  2.0960    1.5+                          4.2462e-02
                        0  0.0000     0.1429               2.0960 6.0661e-03
                        1  0.0634     0.1429               2.0326 6.0661e-03
                        2  0.3101     0.1429               1.7859 6.0661e-03
                        3  0.6932     0.1429               1.4028 6.0661e-03
                        6  1.2741     0.1429               0.8219 6.0661e-03
                        7  1.4176     0.1429               0.6784 6.0661e-03
                       10  1.7720     0.1429               0.3240 6.0661e-03
 11  1.9204    2.5+                          4.9588e-02
                        2  0.3101     1.0000               1.6103 4.9569e-02
 10  1.7720    1.5-                          7.9181e-02
                        2  0.3101     1.0000               1.4619 7.9181e-02
  9  1.5940    3.5-                          7.8808e-02
                        4  1.0170     0.5000               0.5770 3.9404e-02
                        8  1.5560     0.5000               0.0380 3.9404e-02
  8  1.5560    3.5+                          9.1756e-02
                        0  0.0000     0.3333               1.5560 3.0585e-02
                        5  1.1417     0.3333               0.4143 3.0585e-02
                        6  1.2741     0.3333               0.2819 3.0585e-02
  7  1.4176    0.5-                          6.6586e-02
                        3  0.6932     0.3334               0.7244 2.2189e-02
                        2  0.3101     0.4273               1.1075 2.8447e-02
                        0  0.0000     0.2393               1.4176 1.5931e-02
  6  1.2741    2.5-                          1.5527e-01
                        2  0.3101     0.4484               0.9640 6.9614e-02
                        1  0.0634     0.2780               1.2107 4.3163e-02
                        0  0.0000     0.2735               1.2741 4.2465e-02
  5  1.1417    3.5-                          1.2731e-01
                        0  0.0000     1.0000               1.1417 1.2729e-01
  4  1.0170    4.5+                          9.1511e-02                       2.5600e-08
                        0  0.0000     1.0000               1.0170 9.1469e-02
  3  0.6932    1.5-                          1.5024e-01
                        2  0.3101     0.0853               0.3831 1.2774e-02
                        1  0.0634     0.8102               0.6299 1.2164e-01
                        0  0.0000     0.1045               0.6932 1.5692e-02
  2  0.3101    1.5-                          3.9783e-01
                        1  0.0634     0.0226               0.2467 8.8996e-03
                        0  0.0000     0.9774               0.3101 3.8689e-01
  1  0.0634    0.5-                          3.0977e-01                       6.9000e-05
                        0  0.0000     1.0000               0.0634 7.1211e-02
  0  0.0000    2.5-                          1.2299e+00                       9.0630e+03
#......................................................................../  028-064Ni //   3.500000
#                                                                          SUM SPECTRA FOR COMPOUND
#            027-062Co      gamma    neutron      alpha
 SpcSum[mb]            1.7953e-01 6.3504e-17 0.0000e+00
 Emean[MeV]            4.3892e-01 0.0000e+00 0.0000e+00
#......................................................................../  028-064Ni //   3.500000
#                                                                   GAMMAS FROM DISCRETE TRANSITION
#           0 0 1 0 0 0             027-062Co
#   Ex[MeV]     Jpi    FinalState  Branching Production    Egamma Production   T(1/2)[s]
 24  1.8730    0.0-                          3.1672e-04
                        4  0.5061     0.3333               1.3669 1.0557e-04
                        5  0.5320     0.3333               1.3410 1.0557e-04
                       22  1.8050     0.3333               0.0680 1.0557e-04
 23  1.8200    3.0-                          5.2481e-04
                        0  0.0000     0.5000               1.8200 2.6241e-04
                       16  1.3590     0.5000               0.4610 2.6241e-04
 22  1.8050    1.0+                          8.8749e-04
                        2  0.2300     0.1429               1.5750 1.2678e-04
                        7  0.6960     0.1429               1.1090 1.2678e-04
                        9  0.8630     0.1429               0.9420 1.2678e-04
                       10  0.9010     0.1429               0.9040 1.2678e-04
                       14  1.2480     0.1429               0.5570 1.2678e-04
                       17  1.4690     0.1429               0.3360 1.2678e-04
                       21  1.6920     0.1429               0.1130 1.2678e-04
 21  1.6920    2.0-                          1.2451e-03
                        0  0.0000     0.2500               1.6920 3.1128e-04
                        4  0.5061     0.2500               1.1859 3.1128e-04
                        5  0.5320     0.2500               1.1600 3.1128e-04
                       16  1.3590     0.2500               0.3330 3.1128e-04
 20  1.6670    4.0-                          6.6701e-04
                        1  0.0220     0.3333               1.6450 2.2234e-04
                        6  0.6097     0.3333               1.0573 2.2234e-04
                        8  0.7060     0.3333               0.9610 2.2234e-04
 19  1.5432    7.0-                          9.1959e-05                       1.3200e-12
                       13  1.2163     1.0000               0.3269 9.1828e-05
 18  1.5000    3.0-                          1.1714e-03
                        0  0.0000     0.5000               1.5000 5.8568e-04
                       16  1.3590     0.5000               0.1410 5.8568e-04
 17  1.4690    1.0-                          1.5913e-03
                        0  0.0000     0.2500               1.4690 3.9782e-04
                        4  0.5061     0.2500               0.9629 3.9782e-04
                        5  0.5320     0.2500               0.9370 3.9782e-04
                       16  1.3590     0.2500               0.1100 3.9782e-04
 16  1.3590    2.0+                          3.6157e-03
                        2  0.2300     0.2000               1.1290 7.2313e-04
                        7  0.6960     0.2000               0.6630 7.2313e-04
                        9  0.8630     0.2000               0.4960 7.2313e-04
                       10  0.9010     0.2000               0.4580 7.2313e-04
                       14  1.2480     0.2000               0.1110 7.2313e-04
 15  1.2710    6.0-                          5.3425e-04
                        1  0.0220     0.2500               1.2490 1.3356e-04
                        6  0.6097     0.2500               0.6613 1.3356e-04
                        8  0.7060     0.2500               0.5650 1.3356e-04
                       13  1.2163     0.2500               0.0547 1.3356e-04
 14  1.2480    2.0-                          3.9099e-03
                        0  0.0000     0.3333               1.2480 1.3033e-03
                        4  0.5061     0.3333               0.7419 1.3033e-03
                        5  0.5320     0.3333               0.7160 1.3033e-03
 13  1.2163    6.0+                          6.3357e-04
                        6  0.6097     0.2482               0.6066 1.5715e-04
                        1  0.0220     0.7518               1.1943 4.7625e-04
 12  1.1720    6.0-                          6.6509e-04
                        1  0.0220     0.3333               1.1500 2.2170e-04
                        6  0.6097     0.3333               0.5623 2.2170e-04
                        8  0.7060     0.3333               0.4660 2.2170e-04
 11  0.9200    4.0-                          3.4554e-03
                        1  0.0220     0.3333               0.8980 1.1518e-03
                        6  0.6097     0.3333               0.3103 1.1518e-03
                        8  0.7060     0.3333               0.2140 1.1518e-03
 10  0.9010    2.0-                          6.8686e-03
                        0  0.0000     0.3333               0.9010 2.2895e-03
                        4  0.5061     0.3333               0.3949 2.2895e-03
                        5  0.5320     0.3333               0.3690 2.2895e-03
  9  0.8630    2.0-                          7.2922e-03
                        0  0.0000     0.3333               0.8630 2.4307e-03
                        4  0.5061     0.3333               0.3569 2.4307e-03
                        5  0.5320     0.3333               0.3310 2.4307e-03
  8  0.7060    5.0+                          4.7532e-03
                        3  0.2440     1.0000               0.4620 4.7532e-03
  7  0.6960    1.0-                          7.3398e-03
                        0  0.0000     0.3333               0.6960 2.4466e-03
                        4  0.5061     0.3333               0.1899 2.4466e-03
                        5  0.5320     0.3333               0.1640 2.4466e-03
  6  0.6097    5.0+                          5.4496e-03
                        1  0.0220     1.0000               0.5877 5.4456e-03
  5  0.5320    1.0+                          1.8833e-02
                        2  0.2300     1.0000               0.3020 1.8833e-02
  4  0.5061    1.0+                          1.9184e-02
                        0  0.0000     1.0000               0.5061 1.9163e-02
  3  0.2440    4.0-                          1.5040e-02
                        1  0.0220     1.0000               0.2220 1.5040e-02
  2  0.2300    1.0-                          3.1851e-02
                        0  0.0000     1.0000               0.2300 3.1851e-02
  1  0.0220    5.0+                          3.0914e-02                       8.3160e+02
                        0  0.0000     1.0000               0.0220 3.0914e-02
  0  0.0000    2.0+                          1.1029e-01                       9.2400e+01
#......................................................................../  028-064Ni //   3.500000
#                                                                         ISOMERIC STATE PRODUCTION
#            027-062Co
#   Ex[MeV]     Jpi     T(1/2)[s]  Prod.[mb]
  1  0.0220    5.0+    8.3160e+02 3.0914e-02
#......................................................................../  028-064Ni //   3.500000
#                                                                          SUM SPECTRA FOR COMPOUND
#            028-064Ni      gamma
 SpcSum[mb]            8.0082e-05
 Emean[MeV]            1.2999e+00
#......................................................................../  028-064Ni //   3.500000
#                                                                   GAMMAS FROM DISCRETE TRANSITION
#           0 0 0 1 0 0             028-064Ni
#   Ex[MeV]     Jpi    FinalState  Branching Production    Egamma Production   T(1/2)[s]
  5  2.8673    0.0+                          4.9000e-16                       4.0000e-14
                        1  1.3458     1.0000               1.5216 4.8990e-16
  4  2.6101    4.0+                          6.6243e-12                       1.7300e-12
                        1  1.3458     1.0000               1.2644 6.6232e-12
  3  2.4850    3.0-                          2.1604e-10
                        1  1.3458     0.5000               1.1392 1.0802e-10
                        2  2.2766     0.5000               0.2084 1.0802e-10
  2  2.2766    2.0+                          1.2653e-08
                        1  1.3458     1.0000               0.9308 1.2649e-08
  1  1.3458    2.0+                          8.0082e-05                       1.0880e-12
                        0  0.0000     1.0000               1.3458 8.0069e-05
  0  0.0000    0.0+                          4.8072e-03
#......................................................................../  028-064Ni //   3.500000
#                                                                          SUM SPECTRA FOR COMPOUND
#            028-064Ni      gamma
 SpcSum[mb]            0.0000e+00
 Emean[MeV]            0.0000e+00
#......................................................................../  028-064Ni //   3.500000
#                                                                   GAMMAS FROM DISCRETE TRANSITION
#           1 1 0 0 0 0             028-064Ni
#   Ex[MeV]     Jpi    FinalState  Branching Production    Egamma Production   T(1/2)[s]
  0  0.0000    0.0+                          2.5150e-03
#......................................................................../  028-064Ni //   3.500000
#                                                                          SUM SPECTRA FOR COMPOUND
#            027-061Co      gamma
 SpcSum[mb]            0.0000e+00
 Emean[MeV]            0.0000e+00
#......................................................................../  028-064Ni //   3.500000
#                                                                   GAMMAS FROM DISCRETE TRANSITION
#           1 0 1 0 0 0             027-061Co
#   Ex[MeV]     Jpi    FinalState  Branching Production    Egamma Production   T(1/2)[s]
  0  0.0000    3.5-                          3.3623e-15                       5.9400e+03
#......................................................................../  028-064Ni //   3.500000
#                                                                          SUM SPECTRA FOR COMPOUND
#            025-058Mn      gamma
 SpcSum[mb]            0.0000e+00
 Emean[MeV]            0.0000e+00
#......................................................................../  028-064Ni //   3.500000
#                                                                   GAMMAS FROM DISCRETE TRANSITION
#           0 0 2 0 0 0             025-058Mn
#   Ex[MeV]     Jpi    FinalState  Branching Production    Egamma Production   T(1/2)[s]
  0  0.0000    1.0+                          0.0000e+00
#......................................................................../  028-064Ni //   3.500000
#                                                                INDIVIDUAL GROUND STATE PRODUCTION
#             Residual  Prod.[mb]  Qval[MeV]   Particles
#                                              n p a d t h
 Production  029-066Cu 9.0138e-03   12.29543   0 0 0 0 0 0
 Production  029-065Cu 1.0287e+02    5.22939   1 0 0 0 0 0
 Production  028-065Ni 1.2299e+00    3.87357   0 1 0 0 0 0
 Production  027-062Co 1.1029e-01    5.03626   0 0 1 0 0 0
 Production  028-064Ni 4.8072e-03    0.00000   0 0 0 1 0 0
 Production  028-064Ni 2.5150e-03   -2.22463   1 1 0 0 0 0
 Production  027-061Co 3.3623e-15   -1.56137   1 0 1 0 0 0
                   sum 1.0423e+02
#......................................................................../  028-064Ni //   3.500000
#                                                           STABLE AND LONG-LIVED STATE PRODUCTIONS
#       Residual    Ex[MeV]     Jpi     T(1/2)[s]  Prod.[mb] Meta
    1  025-058Mn    0.00000    1.0+    3.0000e+00 0.0000e+00
    2  025-058Mn    0.07177    4.0+    6.5400e+01 0.0000e+00    1
    3  027-061Co    0.00000    3.5-    5.9400e+03 3.3623e-15
    4  027-062Co    0.00000    2.0+    9.2400e+01 1.1029e-01
    5  027-062Co    0.02200    5.0+    8.3160e+02 3.0914e-02    1
    6  028-064Ni    0.00000    0.0+    ---------- 7.3222e-03
    7  028-065Ni    0.00000    2.5-    9.0630e+03 1.2299e+00
    8  029-065Cu    0.00000    1.5-    ---------- 1.0287e+02
    9  029-066Cu    0.00000    1.0+    3.0720e+02 9.0138e-03
#                                         g.s.sum 1.0423e+02


#......................................................................../  028-064Ni //   3.500000
#                                                                                   ISOMERIC RATIOS
#       Residual    Ex[MeV]     Jpi     T(1/2)[s] Ratio      m/(g-m)
    1  025-058Mn    0.07177    4.0+    6.5400e+01 0.0000e+00 0.0000e+00
    2  027-062Co    0.02200    5.0+    8.3160e+02 2.8029e-01 3.8945e-01


#......................................................................../  028-064Ni //   3.500000
#                                                                               PARTICLE PRODUCTION
#             Particle  Prod.[mb] Multiplic. Emean[MeV]
 ParticlPrd      gamma 3.1261e+02 2.9992e+00 2.1562e+00
 ParticlPrd    neutron 1.0288e+02 9.8701e-01 2.1004e+00
 ParticlPrd     proton 1.2324e+00 1.1824e-02 4.5409e+00
 ParticlPrd      alpha 1.1029e-01 1.0582e-03 7.6924e+00
 ParticlPrd   deuteron 4.8072e-03 4.6121e-05 3.3767e+00


