###################################################################################################
#                                                                                    3.6.0-Cordelia
#
#                                                      .oooooo.             ooooo   ooooo        
#     Clair de Lune                                   d8P    Y8b             888     888         
#     =============                                  888           .ooooo.   888     888         
#                                                    888          d88   88b  888ooooo888         
# Votre ame est un paysage choisi                    888          888   888  888     888  dP^Y8b 
# Que vont charmant masques et bergamasques           88b    ooo  888   888  888     888      8P 
# Jouant du luth et dansant et quasi                   Y8bood8P    Y8bod8P' o888o   o888o   <8B  
# Tristes sous leurs deguisements fantasques.                                           8b    8b 
#                                                                                        Y8oo8P  
#
# Tout en chantant sur le mode mineur            Au calme clair de lune triste et beau,
# L'amour vainqueur et la vie opportune          Qui fait rever les oiseaux dans les arbres
# Ils n'ont pas l'air de croire a leur bonheur   Et sangloter d'extase les jets d'eau,
# Et leur chanson se mele au clair de lune,      Les grands jets d'eau sveltes parmi les marbres.
# 
#                                                                                   Paul Verlaine
#
######################################################################################## Moonage 11
###################################################################################################
#                                                                                    3.6.0-Cordelia
#          
#......................................................................../  028-064Ni //   1.000000
#                                                                                 SYSTEM PARAMETERS
#            AtomicNum    MassNum
#    Target         28         64
#  Incident          1          2
#            Ecms[MeV]  Elab[MeV] ReduceMass WaveNumber
     Energy 9.6946e-01 1.0000e+00 1.9526e+00 3.0095e-01
#......................................................................../  028-064Ni //   1.000000
#                                                                             ROTATIONAL STATE DATA
#             Energy       Spin   WaveNum Eout[MeV]   Coulomb   Sig0   
      Level   0.00000       0.0   0.30095   0.96946   6.25805   5.99047
#......................................................................../  028-064Ni //   1.000000
#                                                                            DEFORMATION PARAMETERS
#              Lambda     Beta
#......................................................................../  028-064Ni //   1.000000
#                                                                           OPTICAL MODEL POTENTIAL
# OMP  0      V         Vs        Wv        Ws        Vso       Wso       Coul
      r[fm]   1.15006   0.00000   1.32993   1.37200   0.97200   0.00000      1.30
      a[fm]   0.76940   0.00000   0.45500   0.77900   1.01100   0.00000
 Depth[MeV]  96.10271   0.00000   1.16430  10.80033   7.11400   0.00000
#......................................................................../  028-064Ni //   1.000000
#                                                                      TOTAL REACTION CROSS SECTION
  Sigma[mb] 3.3386e-05
#......................................................................../  028-064Ni //   1.000000
#                                                                     DISCRETE DIRECT CROSS SECTION
#              Ex[MeV]     Spin    Eout[MeV]  Sigma[mb]
  Direct  0    0.00000      0.0   9.6946e-01 1.2610e-13
#......................................................................../  028-064Ni //   1.000000
#                                                                                      TARGET STATE
#           Excitation  Spin
  028-064Ni 0.0000e+00  0.0+
#......................................................................../  028-064Ni //   1.000000
#                                                                             COMPOUND NUCLEUS DATA
#              Z     A  MassExess    Ex(max) Separation     N-cont    N-level
  029-066Cu              -66.2581    13.2649                   231         32
      gamma  029-066Cu     0.0000                0.0000
    neutron  029-065Cu     8.0714                7.0660
     proton  028-065Ni     7.2890                8.4219
      alpha  027-062Co     2.4249                7.2592
   deuteron  028-064Ni    13.1358               12.2954
  029-065Cu              -67.2635     6.1988                    54         62
      gamma  029-065Cu     0.0000                0.0000
  028-065Ni              -65.1252     4.8430                    36         31
      gamma  028-065Ni     0.0000                0.0000
  027-062Co              -61.4238     6.0057                    83         25
      gamma  027-062Co     0.0000                0.0000
  028-064Ni              -67.0985     0.9695                     0         49
      gamma  028-064Ni     0.0000                0.0000
#......................................................................../  028-064Ni //   1.000000
#                                                                          LEVEL DENSITY PARAMETERS
#                 a       Pairing     T          E0         Em         Sigma2     Eshell
  029-066Cu     8.6556     0.0000     1.0766    -2.2222     5.9154     4.2812  -0.720900
  029-065Cu     8.5196     1.3787     1.1302    -1.1741     7.9064     5.3992  -0.795700
  028-065Ni     8.5196     1.5421     1.1916    -1.1442     8.4597     6.4073  -1.580100
  027-062Co     8.1124     0.0000     1.1588    -2.1136     6.1829     8.0800  -1.102200
#......................................................................../  028-064Ni //   1.000000
#                                                                       GIANT DIPOLE RESONANCE DATA
#          Energy[MeV] Width[MeV] Sigma0[mb]            Profile
         E1    17.3068     4.4527  51.582682                 GL
         E1    18.9163     6.3718  61.283024                 GL
         M1    10.1454     4.0000   0.618302                 SL
         E2    15.5893     5.3180   1.426514                 SL
         M2    10.1454     4.0000   0.000495                 SL
         E3    15.5893     5.3180   0.001141                 SL
         M1     1.8608     1.5000   0.249764                 SL
#......................................................................../  028-064Ni //   1.000000
#                                                                       SUM OF PRECOMPOUND EMISSION
#            029-066Cu      gamma    neutron     proton      alpha   deuteron
 SpcSum[mb]            0.0000e+00 3.3351e-05 1.3307e-09 4.4672e-11 0.0000e+00
 Emean[MeV]            0.0000e+00 1.7356e+00 1.6386e+00 3.9637e+00 0.0000e+00
#          
#           TotalPreEq   Compound   Fraction
  Sigma[mb] 3.3352e-05 3.3386e-05 9.9900e-01
#......................................................................../  028-064Ni //   1.000000
#                                                                          SUM SPECTRA FOR COMPOUND
#            029-066Cu      gamma    neutron     proton      alpha   deuteron
 SpcSum[mb]            2.6208e-11 3.3150e-08 2.2955e-10 1.1466e-12 1.9856e-18
 Emean[MeV]            3.2838e+00 1.7880e+00 4.2458e+00 5.7305e+00 9.5000e-01
#......................................................................../  028-064Ni //   1.000000
#                                                                   GAMMAS FROM DISCRETE TRANSITION
#           0 0 0 0 0 0             029-066Cu
#   Ex[MeV]     Jpi    FinalState  Branching Production    Egamma Production   T(1/2)[s]
 31  1.7459    2.0-                          7.1130e-14
                        3  0.2750     0.1012               1.4709 7.1963e-15
                        1  0.1860     0.7553               1.5599 5.3706e-14
                        0  0.0000     0.1435               1.7459 1.0202e-14
 30  1.7360    4.0-                          2.2913e-14
                        8  0.7298     1.0000               1.0061 2.2910e-14
 29  1.7132    1.0+                          6.7169e-14
                       14  1.0521     0.3591               0.6611 2.4105e-14
                        8  0.7298     0.6409               0.9834 4.3036e-14
 28  1.6941    1.0+                          6.8686e-14
                       17  1.2125     1.0000               0.4816 6.8584e-14
 27  1.6780    2.0+                          6.9399e-14
                       25  1.5773     0.1268               0.1007 6.7697e-15
                       19  1.3440     0.1083               0.3340 7.4815e-15
                        8  0.7298     0.2512               0.9482 1.7430e-14
                        0  0.0000     0.5137               1.6780 3.5639e-14
 26  1.6300    2.0-                          8.2640e-14
                        0  0.0000     0.0556               1.6300 4.5911e-15
                        1  0.1860     0.0556               1.4440 4.5911e-15
                        3  0.2750     0.0556               1.3550 4.5911e-15
                        4  0.3858     0.0556               1.2442 4.5911e-15
                        5  0.4652     0.0556               1.1648 4.5911e-15
                        8  0.7298     0.0556               0.9002 4.5911e-15
                        9  0.8227     0.0556               0.8073 4.5911e-15
                       12  1.0085     0.0556               0.6215 4.5911e-15
                       13  1.0171     0.0556               0.6129 4.5911e-15
                       14  1.0521     0.0556               0.5779 4.5911e-15
                       16  1.1581     0.0556               0.4719 4.5911e-15
                       17  1.2125     0.0556               0.4175 4.5911e-15
                       19  1.3440     0.0556               0.2860 4.5911e-15
                       20  1.4322     0.0556               0.1978 4.5911e-15
                       21  1.4394     0.0556               0.1906 4.5911e-15
                       23  1.5474     0.0556               0.0826 4.5911e-15
                       24  1.5601     0.0556               0.0698 4.5911e-15
                       25  1.5773     0.0556               0.0527 4.5911e-15
 25  1.5773    2.0+                          9.1740e-14
                        8  0.7298     1.0000               0.8475 9.1707e-14
 24  1.5601    2.0+                          8.4597e-14
                       19  1.3440     0.1327               0.2161 1.1006e-14
                        2  0.2378     0.8673               1.3223 7.3358e-14
 23  1.5474    1.0+                          8.6368e-14
                        6  0.5907     0.4167               0.9566 3.5946e-14
                        4  0.3858     0.0877               1.1616 7.5747e-15
                        3  0.2750     0.4956               1.2724 4.2795e-14
 22  1.4980    3.0-                          6.0174e-14
                        1  0.1860     0.1000               1.3120 6.0174e-15
                        3  0.2750     0.1000               1.2230 6.0174e-15
                        5  0.4652     0.1000               1.0328 6.0174e-15
                        6  0.5907     0.1000               0.9073 6.0174e-15
                        8  0.7298     0.1000               0.7682 6.0174e-15
                        9  0.8227     0.1000               0.6753 6.0174e-15
                       12  1.0085     0.1000               0.4895 6.0174e-15
                       13  1.0171     0.1000               0.4809 6.0174e-15
                       16  1.1581     0.1000               0.3399 6.0174e-15
                       21  1.4394     0.1000               0.0586 6.0174e-15
 21  1.4394    3.0+                          7.3706e-14
                       13  1.0171     0.0495               0.4223 3.6422e-15
                        0  0.0000     0.9505               1.4394 7.0042e-14
 20  1.4322    1.0+                          9.8720e-14
                        7  0.6790     0.5000               0.7532 4.9360e-14
                       11  0.9160     0.5000               0.5162 4.9360e-14
 19  1.3440    1.0+                          1.2835e-13
                        5  0.4652     0.7200               0.8788 9.2379e-14
                        4  0.3858     0.2563               0.9582 3.2886e-14
                        0  0.0000     0.0237               1.3440 3.0477e-15
 18  1.2472    4.0-                          4.4507e-14
                        3  0.2750     1.0000               0.9721 4.4501e-14
 17  1.2125    1.0+                          1.9716e-13
                        3  0.2750     0.3899               0.9375 7.6848e-14
                        0  0.0000     0.6101               1.2125 1.2027e-13
 16  1.1581    3.0+                          1.0068e-13
                        9  0.8227     0.3218               0.3354 3.2251e-14
                        6  0.5907     0.2138               0.5673 2.1505e-14
                        3  0.2750     0.4644               0.8831 4.6741e-14
 15  1.1542    6.0-                          9.0875e-15                       6.0000e-07
                        6  0.5907     1.0000               0.5634 9.0612e-15
 14  1.0521    1.0+                          1.8043e-13
                        5  0.4652     0.1071               0.5869 1.9307e-14
                        2  0.2378     0.2519               0.8143 4.5435e-14
                        0  0.0000     0.6410               1.0521 1.1563e-13
 13  1.0171    3.0+                          1.2220e-13
                        9  0.8227     0.1730               0.1944 2.0524e-14
                        6  0.5907     0.1236               0.4264 1.5070e-14
                        5  0.4652     0.1074               0.5520 1.3110e-14
                        1  0.1860     0.5960               0.8312 7.2803e-14
 12  1.0085    2.0+                          1.7085e-13
                        4  0.3858     1.0000               0.6227 1.7072e-13
 11  0.9160    1.0-                          2.8046e-13
                        0  0.0000     0.1667               0.9160 4.6743e-14
                        1  0.1860     0.1667               0.7300 4.6743e-14
                        2  0.2378     0.1667               0.6782 4.6743e-14
                        4  0.3858     0.1667               0.5302 4.6743e-14
                        5  0.4652     0.1667               0.4508 4.6743e-14
                        9  0.8227     0.1667               0.0933 4.6743e-14
 10  0.8840    4.0-                          7.7116e-14
                        3  0.2750     0.3333               0.6090 2.5705e-14
                        6  0.5907     0.3333               0.2933 2.5705e-14
                        8  0.7298     0.3333               0.1542 2.5705e-14
  9  0.8227    2.0+                          3.1334e-13
                        5  0.4652     0.0734               0.3575 2.2907e-14
                        4  0.3858     0.2834               0.4369 8.8620e-14
                        1  0.1860     0.0438               0.6367 1.3706e-14
                        0  0.0000     0.5994               0.8227 1.8776e-13
  8  0.7298    3.0+                          3.6697e-13
                        3  0.2750     0.0910               0.4548 3.3325e-14
                        1  0.1860     0.9090               0.5439 3.3322e-13
  7  0.6790    2.0-                          3.6719e-13
                        0  0.0000     0.2000               0.6790 7.3438e-14
                        1  0.1860     0.2000               0.4930 7.3438e-14
                        3  0.2750     0.2000               0.4040 7.3438e-14
                        4  0.3858     0.2000               0.2932 7.3438e-14
                        5  0.4652     0.2000               0.2138 7.3438e-14
  6  0.5907    4.0+                          2.0654e-13
                        3  0.2750     1.0000               0.3157 2.0531e-13
  5  0.4652    2.0+                          5.8794e-13
                        3  0.2750     0.0371               0.1901 2.1137e-14
                        1  0.1860     0.0153               0.2792 8.9011e-15
                        0  0.0000     0.9476               0.4652 5.5621e-13
  4  0.3858    1.0+                          7.5890e-13
                        1  0.1860     0.0317               0.1998 2.3446e-14
                        0  0.0000     0.9683               0.3858 7.3262e-13
  3  0.2750    3.0+                          8.5186e-13
                        1  0.1860     0.9906               0.0891 5.6258e-13
                        0  0.0000     0.0094               0.2750 7.8765e-15
  2  0.2378    0.0+                          3.2690e-13
                        0  0.0000     1.0000               0.2378 3.2504e-13
  1  0.1860    2.0+                          1.8922e-12
                        0  0.0000     1.0000               0.1860 1.8282e-12
  0  0.0000    1.0+                          4.6615e-12                       3.0720e+02
#......................................................................../  028-064Ni //   1.000000
#                                                                          SUM SPECTRA FOR COMPOUND
#            029-065Cu      gamma
 SpcSum[mb]            8.1712e-05
 Emean[MeV]            1.8213e+00
#......................................................................../  028-064Ni //   1.000000
#                                                                   GAMMAS FROM DISCRETE TRANSITION
#           1 0 0 0 0 0             029-065Cu
#   Ex[MeV]     Jpi    FinalState  Branching Production    Egamma Production   T(1/2)[s]
 61  3.5410    3.5+                          6.5935e-08
                        2  1.1156     0.0556               2.4254 3.6630e-09
                        3  1.4818     0.0556               2.0592 3.6630e-09
                        4  1.6234     0.0556               1.9176 3.6630e-09
                        6  2.0943     0.0556               1.4467 3.6630e-09
                        7  2.1074     0.0556               1.4336 3.6630e-09
                        9  2.2785     0.0556               1.2625 3.6630e-09
                       13  2.5330     0.0556               1.0080 3.6630e-09
                       15  2.5934     0.0556               0.9476 3.6630e-09
                       18  2.6497     0.0556               0.8913 3.6630e-09
                       28  2.9476     0.0556               0.5934 3.6630e-09
                       39  3.1320     0.0556               0.4090 3.6630e-09
                       40  3.1430     0.0556               0.3980 3.6630e-09
                       41  3.1570     0.0556               0.3840 3.6630e-09
                       46  3.2740     0.0556               0.2670 3.6630e-09
                       49  3.3379     0.0556               0.2031 3.6630e-09
                       53  3.4020     0.0556               0.1390 3.6630e-09
                       55  3.4270     0.0556               0.1140 3.6630e-09
                       58  3.4820     0.0556               0.0590 3.6630e-09
 60  3.5130    4.5+                          3.5324e-08
                        3  1.4818     0.0769               2.0312 2.7172e-09
                        6  2.0943     0.0769               1.4187 2.7172e-09
                        9  2.2785     0.0769               1.2345 2.7172e-09
                       31  2.9969     0.0769               0.5161 2.7172e-09
                       39  3.1320     0.0769               0.3810 2.7172e-09
                       40  3.1430     0.0769               0.3700 2.7172e-09
                       41  3.1570     0.0769               0.3560 2.7172e-09
                       46  3.2740     0.0769               0.2390 2.7172e-09
                       47  3.2780     0.0769               0.2350 2.7172e-09
                       49  3.3379     0.0769               0.1751 2.7172e-09
                       53  3.4020     0.0769               0.1110 2.7172e-09
                       55  3.4270     0.0769               0.0860 2.7172e-09
                       58  3.4820     0.0769               0.0310 2.7172e-09
 59  3.5040    4.5+                          3.6141e-08
                        3  1.4818     0.0769               2.0222 2.7801e-09
                        6  2.0943     0.0769               1.4097 2.7801e-09
                        9  2.2785     0.0769               1.2255 2.7801e-09
                       31  2.9969     0.0769               0.5071 2.7801e-09
                       39  3.1320     0.0769               0.3720 2.7801e-09
                       40  3.1430     0.0769               0.3610 2.7801e-09
                       41  3.1570     0.0769               0.3470 2.7801e-09
                       46  3.2740     0.0769               0.2300 2.7801e-09
                       47  3.2780     0.0769               0.2260 2.7801e-09
                       49  3.3379     0.0769               0.1661 2.7801e-09
                       53  3.4020     0.0769               0.1020 2.7801e-09
                       55  3.4270     0.0769               0.0770 2.7801e-09
                       58  3.4820     0.0769               0.0220 2.7801e-09
 58  3.4820    3.5-                          9.0034e-08
                       11  2.4066     0.0769               1.0754 6.9257e-09
                       12  2.5257     0.0769               0.9563 6.9257e-09
                       14  2.5339     0.0769               0.9481 6.9257e-09
                       21  2.7528     0.0769               0.7292 6.9257e-09
                       22  2.8390     0.0769               0.6430 6.9257e-09
                       27  2.9025     0.0769               0.5795 6.9257e-09
                       29  2.9770     0.0769               0.5050 6.9257e-09
                       30  2.9900     0.0769               0.4920 6.9257e-09
                       32  3.0360     0.0769               0.4460 6.9257e-09
                       43  3.1730     0.0769               0.3090 6.9257e-09
                       50  3.3470     0.0769               0.1350 6.9257e-09
                       51  3.3553     0.0769               0.1267 6.9257e-09
                       52  3.3990     0.0769               0.0830 6.9257e-09
 57  3.4570    0.5-                          7.5454e-08
                        0  0.0000     1.0000               3.4570 7.5383e-08
 56  3.4490    0.5+                          7.1319e-08
                        0  0.0000     0.0588               3.4490 4.1952e-09
                        1  0.7706     0.0588               2.6784 4.1952e-09
                        5  1.7250     0.0588               1.7240 4.1952e-09
                        8  2.2128     0.0588               1.2362 4.1952e-09
                       10  2.3291     0.0588               1.1199 4.1952e-09
                       19  2.6549     0.0588               0.7941 4.1952e-09
                       20  2.6690     0.0588               0.7800 4.1952e-09
                       24  2.8669     0.0588               0.5821 4.1952e-09
                       25  2.8745     0.0588               0.5745 4.1952e-09
                       33  3.0790     0.0588               0.3700 4.1952e-09
                       35  3.0860     0.0588               0.3630 4.1952e-09
                       36  3.1160     0.0588               0.3330 4.1952e-09
                       37  3.1202     0.0588               0.3288 4.1952e-09
                       42  3.1665     0.0588               0.2825 4.1952e-09
                       44  3.2403     0.0588               0.2087 4.1952e-09
                       45  3.2611     0.0588               0.1879 4.1952e-09
                       48  3.3261     0.0588               0.1229 4.1952e-09
 55  3.4270    3.5-                          1.0118e-07                       5.0000e-14
                       11  2.4066     0.0769               1.0204 7.7832e-09
                       12  2.5257     0.0769               0.9013 7.7832e-09
                       14  2.5339     0.0769               0.8931 7.7832e-09
                       21  2.7528     0.0769               0.6742 7.7832e-09
                       22  2.8390     0.0769               0.5880 7.7832e-09
                       27  2.9025     0.0769               0.5245 7.7832e-09
                       29  2.9770     0.0769               0.4500 7.7832e-09
                       30  2.9900     0.0769               0.4370 7.7832e-09
                       32  3.0360     0.0769               0.3910 7.7832e-09
                       43  3.1730     0.0769               0.2540 7.7832e-09
                       50  3.3470     0.0769               0.0800 7.7832e-09
                       51  3.3553     0.0769               0.0717 7.7832e-09
                       52  3.3990     0.0769               0.0280 7.7832e-09
 54  3.4070    1.5+                          1.2715e-07
                        0  0.0000     0.0417               3.4070 5.2977e-09
                        1  0.7706     0.0417               2.6364 5.2977e-09
                        2  1.1156     0.0417               2.2914 5.2977e-09
                        4  1.6234     0.0417               1.7836 5.2977e-09
                        5  1.7250     0.0417               1.6820 5.2977e-09
                        7  2.1074     0.0417               1.2996 5.2977e-09
                        8  2.2128     0.0417               1.1942 5.2977e-09
                       10  2.3291     0.0417               1.0779 5.2977e-09
                       13  2.5330     0.0417               0.8740 5.2977e-09
                       15  2.5934     0.0417               0.8136 5.2977e-09
                       18  2.6497     0.0417               0.7573 5.2977e-09
                       19  2.6549     0.0417               0.7521 5.2977e-09
                       20  2.6690     0.0417               0.7380 5.2977e-09
                       24  2.8669     0.0417               0.5401 5.2977e-09
                       25  2.8745     0.0417               0.5325 5.2977e-09
                       28  2.9476     0.0417               0.4594 5.2977e-09
                       33  3.0790     0.0417               0.3280 5.2977e-09
                       35  3.0860     0.0417               0.3210 5.2977e-09
                       36  3.1160     0.0417               0.2910 5.2977e-09
                       37  3.1202     0.0417               0.2868 5.2977e-09
                       42  3.1665     0.0417               0.2405 5.2977e-09
                       44  3.2403     0.0417               0.1667 5.2977e-09
                       45  3.2611     0.0417               0.1459 5.2977e-09
                       48  3.3261     0.0417               0.0809 5.2977e-09
 53  3.4020    4.5-                          5.7957e-08
                       11  2.4066     0.1111               0.9954 6.4396e-09
                       12  2.5257     0.1111               0.8763 6.4396e-09
                       14  2.5339     0.1111               0.8681 6.4396e-09
                       21  2.7528     0.1111               0.6492 6.4396e-09
                       22  2.8390     0.1111               0.5630 6.4396e-09
                       29  2.9770     0.1111               0.4250 6.4396e-09
                       30  2.9900     0.1111               0.4120 6.4396e-09
                       43  3.1730     0.1111               0.2290 6.4396e-09
                       52  3.3990     0.1111               0.0030 6.4396e-09
 52  3.3990    3.5+                          1.1359e-07
                        0  0.0000     1.0000               3.3990 1.1351e-07
 51  3.3553    2.5+                          1.6724e-07                       1.0600e-13
                        6  2.0943     0.4200               1.2610 7.0230e-08
                        5  1.7250     0.0798               1.6303 1.3342e-08
                        4  1.6234     0.1428               1.7319 2.3871e-08
                        0  0.0000     0.3574               3.3553 5.9688e-08
 50  3.3470    2.5+                          1.7008e-07
                        0  0.0000     0.0400               3.3470 6.8033e-09
                        2  1.1156     0.0400               2.2314 6.8033e-09
                        3  1.4818     0.0400               1.8652 6.8033e-09
                        4  1.6234     0.0400               1.7236 6.8033e-09
                        5  1.7250     0.0400               1.6220 6.8033e-09
                        6  2.0943     0.0400               1.2527 6.8033e-09
                        7  2.1074     0.0400               1.2396 6.8033e-09
                        9  2.2785     0.0400               1.0685 6.8033e-09
                       10  2.3291     0.0400               1.0179 6.8033e-09
                       13  2.5330     0.0400               0.8140 6.8033e-09
                       15  2.5934     0.0400               0.7536 6.8033e-09
                       18  2.6497     0.0400               0.6973 6.8033e-09
                       19  2.6549     0.0400               0.6921 6.8033e-09
                       20  2.6690     0.0400               0.6780 6.8033e-09
                       24  2.8669     0.0400               0.4801 6.8033e-09
                       25  2.8745     0.0400               0.4725 6.8033e-09
                       28  2.9476     0.0400               0.3994 6.8033e-09
                       35  3.0860     0.0400               0.2610 6.8033e-09
                       37  3.1202     0.0400               0.2268 6.8033e-09
                       39  3.1320     0.0400               0.2150 6.8033e-09
                       40  3.1430     0.0400               0.2040 6.8033e-09
                       44  3.2403     0.0400               0.1067 6.8033e-09
                       46  3.2740     0.0400               0.0730 6.8033e-09
                       48  3.3261     0.0400               0.0209 6.8033e-09
                       49  3.3379     0.0400               0.0091 6.8033e-09
 49  3.3379    3.5-                          1.2892e-07
                        3  1.4818     1.0000               1.8561 1.2888e-07
 48  3.3261    1.5-                          1.7862e-07
                        0  0.0000     1.0000               3.3261 1.7846e-07
 47  3.2780    5.5-                          3.2836e-08
                       11  2.4066     0.2500               0.8714 8.2091e-09
                       12  2.5257     0.2500               0.7523 8.2091e-09
                       14  2.5339     0.2500               0.7441 8.2091e-09
                       30  2.9900     0.2500               0.2880 8.2091e-09
 46  3.2740    3.5-                          1.4640e-07
                        0  0.0000     1.0000               3.2740 1.4626e-07
 45  3.2611    0.5-                          1.2373e-07                       2.1000e-13
                        0  0.0000     1.0000               3.2611 1.2362e-07
 44  3.2403    1.5-                          2.1052e-07
                        2  1.1156     0.5000               2.1247 1.0526e-07
                        0  0.0000     0.5000               3.2403 1.0526e-07
 43  3.1730    3.5+                          1.7586e-07
                        0  0.0000     1.0000               3.1730 1.7575e-07
 42  3.1665    0.5-                          1.4793e-07
                        0  0.0000     1.0000               3.1665 1.4780e-07
 41  3.1570    4.5-                          9.7664e-08
                        2  1.1156     1.0000               2.0414 9.7626e-08
 40  3.1430    3.5-                          1.8970e-07
                        0  0.0000     1.0000               3.1430 1.8954e-07
 39  3.1320    3.5-                          1.9384e-07
                        0  0.0000     1.0000               3.1320 1.9368e-07
 38  3.1270    0.5+                          1.4125e-07
                        1  0.7706     1.0000               2.3564 1.4112e-07
 37  3.1202    1.5-                          2.6411e-07
                        4  1.6234     0.1228               1.4968 3.2427e-08
                        3  1.4818     0.8772               1.6384 2.3163e-07
 36  3.1160    0.5-                          1.6255e-07                       2.1000e-13
                        0  0.0000     1.0000               3.1160 1.6242e-07
 35  3.0860    1.5-                          2.8150e-07                       1.4300e-13
                       16  2.6200     0.1429               0.4660 4.0214e-08
                       17  2.6435     0.1429               0.4425 4.0214e-08
                       23  2.8628     0.1429               0.2232 4.0214e-08
                       26  2.8945     0.1429               0.1915 4.0214e-08
                       27  2.9025     0.1429               0.1835 4.0214e-08
                       32  3.0360     0.1429               0.0500 4.0214e-08
                       34  3.0797     0.1429               0.0063 4.0214e-08
 34  3.0797    1.5+                          2.9504e-07                       8.3000e-14
                        2  1.1156     0.5208               1.9641 1.5356e-07
                        1  0.7706     0.4792               2.3091 1.4126e-07
 33  3.0790    0.5-                          1.7409e-07
                       16  2.6200     0.2500               0.4590 4.3522e-08
                       17  2.6435     0.2500               0.4355 4.3522e-08
                       23  2.8628     0.2500               0.2162 4.3522e-08
                       26  2.8945     0.2500               0.1845 4.3522e-08
 32  3.0360    2.5+                          3.5675e-07
                        0  0.0000     0.0588               3.0360 2.0985e-08
                        2  1.1156     0.0588               1.9204 2.0985e-08
                        3  1.4818     0.0588               1.5542 2.0985e-08
                        4  1.6234     0.0588               1.4126 2.0985e-08
                        5  1.7250     0.0588               1.3110 2.0985e-08
                        6  2.0943     0.0588               0.9417 2.0985e-08
                        7  2.1074     0.0588               0.9286 2.0985e-08
                        9  2.2785     0.0588               0.7575 2.0985e-08
                       10  2.3291     0.0588               0.7069 2.0985e-08
                       13  2.5330     0.0588               0.5030 2.0985e-08
                       15  2.5934     0.0588               0.4426 2.0985e-08
                       18  2.6497     0.0588               0.3863 2.0985e-08
                       19  2.6549     0.0588               0.3811 2.0985e-08
                       20  2.6690     0.0588               0.3670 2.0985e-08
                       24  2.8669     0.0588               0.1691 2.0985e-08
                       25  2.8745     0.0588               0.1615 2.0985e-08
                       28  2.9476     0.0588               0.0884 2.0985e-08
 31  2.9969    5.5-                          6.7860e-08
                        3  1.4818     1.0000               1.5151 6.7847e-08
 30  2.9900    4.5+                          1.5405e-07
                        3  1.4818     0.3333               1.5082 5.1350e-08
                        6  2.0943     0.3333               0.8957 5.1350e-08
                        9  2.2785     0.3333               0.7115 5.1350e-08
 29  2.9770    3.5+                          2.5790e-07                       9.0000e-15
                        2  1.1156     0.1000               1.8614 2.5790e-08
                        3  1.4818     0.1000               1.4952 2.5790e-08
                        4  1.6234     0.1000               1.3536 2.5790e-08
                        6  2.0943     0.1000               0.8827 2.5790e-08
                        7  2.1074     0.1000               0.8696 2.5790e-08
                        9  2.2785     0.1000               0.6985 2.5790e-08
                       13  2.5330     0.1000               0.4440 2.5790e-08
                       15  2.5934     0.1000               0.3836 2.5790e-08
                       18  2.6497     0.1000               0.3273 2.5790e-08
                       28  2.9476     0.1000               0.0294 2.5790e-08
 28  2.9476    2.5-                          4.3764e-07
                        2  1.1156     1.0000               1.8320 4.3751e-07
 27  2.9025    2.5+                          4.4988e-07                       9.7000e-14
                        0  0.0000     1.0000               2.9025 4.4935e-07
 26  2.8945    1.5+                          4.5143e-07                       5.0000e-14
                        4  1.6234     0.4565               1.2711 2.0604e-07
                        1  0.7706     0.4110               2.1239 1.8540e-07
                        0  0.0000     0.1325               2.8945 5.9744e-08
 25  2.8745    1.5-                          4.3434e-07                       1.2000e-14
                        1  0.7706     0.3463               2.1038 1.5035e-07
                        0  0.0000     0.6537               2.8745 2.8373e-07
 24  2.8669    1.5-                          4.3992e-07                       1.2000e-14
                        4  1.6234     0.2185               1.2435 9.6096e-08
                        3  1.4818     0.1192               1.3851 5.2423e-08
                        0  0.0000     0.6623               2.8669 2.9117e-07
 23  2.8628    1.5+                          4.7446e-07                       1.9000e-14
                        0  0.0000     1.0000               2.8628 4.7391e-07
 22  2.8390    3.5+                          3.3661e-07                       1.8000e-14
                        2  1.1156     0.1111               1.7234 3.7401e-08
                        3  1.4818     0.1111               1.3572 3.7401e-08
                        4  1.6234     0.1111               1.2156 3.7401e-08
                        6  2.0943     0.1111               0.7447 3.7401e-08
                        7  2.1074     0.1111               0.7316 3.7401e-08
                        9  2.2785     0.1111               0.5605 3.7401e-08
                       13  2.5330     0.1111               0.3060 3.7401e-08
                       15  2.5934     0.1111               0.2456 3.7401e-08
                       18  2.6497     0.1111               0.1893 3.7401e-08
 21  2.7528    3.5+                          3.9637e-07                       3.0000e-14
                        3  1.4818     1.0000               1.2710 3.9630e-07
 20  2.6690    1.5-                          6.0887e-07                       4.0000e-15
                        5  1.7250     1.0000               0.9440 6.0870e-07
 19  2.6549    1.5-                          6.2271e-07                       5.8000e-14
                        5  1.7250     0.6896               0.9299 4.2929e-07
                        0  0.0000     0.3104               2.6549 1.9317e-07
 18  2.6497    2.5-                          7.4309e-07                       8.0000e-15
                        5  1.7250     0.1235               0.9247 9.1743e-08
                        4  1.6234     0.0741               1.0262 5.5027e-08
                        2  1.1156     0.0741               1.5341 5.5021e-08
                        1  0.7706     0.6173               1.8790 4.5855e-07
                        0  0.0000     0.1111               2.6497 8.2504e-08
 17  2.6435    1.5+                          6.6771e-07
                        6  2.0943     0.5562               0.5492 3.7023e-07
                        3  1.4818     0.0000               1.1617 0.0000e+00
                        2  1.1156     0.4438               1.5279 2.9623e-07
                        1  0.7706     0.0000               1.8729 0.0000e+00
 16  2.6200    0.5+                          4.4961e-07
                        0  0.0000     0.2000               2.6200 8.9922e-08
                        1  0.7706     0.2000               1.8494 8.9922e-08
                        5  1.7250     0.2000               0.8950 8.9922e-08
                        8  2.2128     0.2000               0.4072 8.9922e-08
                       10  2.3291     0.2000               0.2910 8.9922e-08
 15  2.5934    2.5-                          8.0683e-07
                        6  2.0943     0.3333               0.4991 2.6894e-07
                        1  0.7706     0.3333               1.8228 2.6894e-07
                        0  0.0000     0.3333               2.5934 2.6894e-07
 14  2.5339    4.5+                          3.5997e-07
                        9  2.2785     0.1529               0.2554 5.4845e-08
                        6  2.0943     0.4237               0.4396 1.5240e-07
                        3  1.4818     0.4234               1.0521 1.5239e-07
 13  2.5330    2.5-                          8.8001e-07
                        5  1.7250     0.0936               0.8080 8.2336e-08
                        1  0.7706     0.4925               1.7624 4.3328e-07
                        0  0.0000     0.4139               2.5330 3.6403e-07
 12  2.5257    4.5+                          3.6531e-07
                        3  1.4818     1.0000               1.0439 3.6527e-07
 11  2.4066    4.5+                          4.5075e-07
                        6  2.0943     0.1734               0.3123 7.8005e-08
                        3  1.4818     0.5585               0.9248 2.5171e-07
                        2  1.1156     0.2681               1.2910 1.2081e-07
 10  2.3291    1.5-                          1.0989e-06                       2.6000e-14
                        2  1.1156     0.2296               1.2135 2.5228e-07
                        1  0.7706     0.2918               1.5584 3.2061e-07
                        0  0.0000     0.4785               2.3291 5.2560e-07
  9  2.2785    3.5-                          1.0404e-06                       8.4000e-16
                        2  1.1156     0.9775               1.1629 1.0168e-06
                        0  0.0000     0.0225               2.2785 2.3387e-08
  8  2.2128    0.5-                          7.8958e-07                       1.1000e-13
                        5  1.7250     0.0821               0.4878 6.4698e-08
                        1  0.7706     0.5463               1.4422 4.3129e-07
                        0  0.0000     0.3716               2.2128 2.9329e-07
  7  2.1074    2.5-                          1.5138e-06                       1.7000e-13
                        5  1.7250     0.0579               0.3824 8.7399e-08
                        3  1.4818     0.3177               0.6256 4.8060e-07
                        2  1.1156     0.3609               0.9919 5.4623e-07
                        1  0.7706     0.0974               1.3368 1.4747e-07
                        0  0.0000     0.1660               2.1074 2.5121e-07
  6  2.0943    3.5-                          2.1534e-06                       1.0000e-12
                        4  1.6234     0.0500               0.4709 1.0757e-07
                        3  1.4818     0.1314               0.6125 2.8272e-07
                        2  1.1156     0.5315               0.9788 1.1442e-06
                        0  0.0000     0.2871               2.0943 6.1796e-07
  5  1.7250    1.5-                          3.3306e-06                       9.2000e-14
                        2  1.1156     0.2789               0.6094 9.2824e-07
                        1  0.7706     0.0064               0.9544 2.1182e-08
                        0  0.0000     0.7148               1.7250 2.3799e-06
  4  1.6234    2.5-                          2.7788e-06                       1.6000e-12
                        2  1.1156     0.3309               0.5079 9.1860e-07
                        1  0.7706     0.1087               0.8528 3.0193e-07
                        0  0.0000     0.5604               1.6234 1.5569e-06
  3  1.4818    3.5-                          4.3363e-06                       4.1000e-13
                        2  1.1156     0.1697               0.3663 7.3439e-07
                        0  0.0000     0.8303               1.4818 3.5997e-06
  2  1.1156    2.5-                          9.7962e-06                       2.8200e-13
                        1  0.7706     0.0001               0.3449 5.8767e-10
                        0  0.0000     0.9999               1.1156 9.7938e-06
  1  0.7706    0.5-                          4.9704e-06                       1.0300e-13
                        0  0.0000     1.0000               0.7706 4.9684e-06
  0  0.0000    1.5-                          3.3384e-05
#......................................................................../  028-064Ni //   1.000000
#                                                                          SUM SPECTRA FOR COMPOUND
#            028-065Ni      gamma
 SpcSum[mb]            2.9723e-09
 Emean[MeV]            1.4740e+00
#......................................................................../  028-064Ni //   1.000000
#                                                                   GAMMAS FROM DISCRETE TRANSITION
#           0 1 0 0 0 0             028-065Ni
#   Ex[MeV]     Jpi    FinalState  Branching Production    Egamma Production   T(1/2)[s]
 30  3.0440    2.5+                          1.1343e-13
                        0  0.0000     0.1250               3.0440 1.4179e-14
                        2  0.3101     0.1250               2.7339 1.4179e-14
                        3  0.6932     0.1250               2.3508 1.4179e-14
                        5  1.1417     0.1250               1.9023 1.4179e-14
                        6  1.2741     0.1250               1.7699 1.4179e-14
                        9  1.5940     0.1250               1.4500 1.4179e-14
                       10  1.7720     0.1250               1.2720 1.4179e-14
                       13  2.1468     0.1250               0.8972 1.4179e-14
 29  3.0098    1.5+                          1.8772e-13
                        0  0.0000     0.1250               3.0098 2.3465e-14
                        1  0.0634     0.1250               2.9464 2.3465e-14
                        2  0.3101     0.1250               2.6997 2.3465e-14
                        3  0.6932     0.1250               2.3166 2.3465e-14
                        6  1.2741     0.1250               1.7357 2.3465e-14
                        7  1.4176     0.1250               1.5922 2.3465e-14
                       10  1.7720     0.1250               1.2378 2.3465e-14
                       13  2.1468     0.1250               0.8630 2.3465e-14
 28  2.9064    6.5+                          1.5961e-14
                       15  2.1857     0.7874               0.7206 1.2561e-14
                        4  1.0170     0.2126               1.8893 3.3922e-15
 27  2.9020    2.5+                          3.5204e-13
                        0  0.0000     0.1250               2.9020 4.4005e-14
                        2  0.3101     0.1250               2.5919 4.4005e-14
                        3  0.6932     0.1250               2.2088 4.4005e-14
                        5  1.1417     0.1250               1.7603 4.4005e-14
                        6  1.2741     0.1250               1.6279 4.4005e-14
                        9  1.5940     0.1250               1.3080 4.4005e-14
                       10  1.7720     0.1250               1.1300 4.4005e-14
                       13  2.1468     0.1250               0.7552 4.4005e-14
 26  2.8290    0.5+                          5.7001e-13
                        1  0.0634     0.1667               2.7656 9.5002e-14
                        2  0.3101     0.1667               2.5189 9.5002e-14
                        3  0.6932     0.1667               2.1358 9.5002e-14
                        7  1.4176     0.1667               1.4114 9.5002e-14
                       10  1.7720     0.1667               1.0570 9.5002e-14
                       13  2.1468     0.1667               0.6822 9.5002e-14
 25  2.7930    2.5+                          7.7042e-13
                        0  0.0000     0.1250               2.7930 9.6302e-14
                        2  0.3101     0.1250               2.4829 9.6302e-14
                        3  0.6932     0.1250               2.0998 9.6302e-14
                        5  1.1417     0.1250               1.6513 9.6302e-14
                        6  1.2741     0.1250               1.5189 9.6302e-14
                        9  1.5940     0.1250               1.1990 9.6302e-14
                       10  1.7720     0.1250               1.0210 9.6302e-14
                       13  2.1468     0.1250               0.6462 9.6302e-14
 24  2.7115    1.5+                          1.4510e-12
                        2  0.3101     0.7246               2.4014 1.0505e-12
                        1  0.0634     0.2754               2.6481 3.9919e-13
 23  2.6980    3.5+                          8.5034e-13
                        0  0.0000     0.2500               2.6980 2.1259e-13
                        5  1.1417     0.2500               1.5563 2.1259e-13
                        6  1.2741     0.2500               1.4239 2.1259e-13
                        9  1.5940     0.2500               1.1040 2.1259e-13
 22  2.5740    3.5+                          1.7280e-12
                        0  0.0000     0.2500               2.5740 4.3200e-13
                        5  1.1417     0.2500               1.4323 4.3200e-13
                        6  1.2741     0.2500               1.2999 4.3200e-13
                        9  1.5940     0.2500               0.9800 4.3200e-13
 21  2.5200    1.5+                          4.1546e-12
                        0  0.0000     0.1250               2.5200 5.1932e-13
                        1  0.0634     0.1250               2.4566 5.1932e-13
                        2  0.3101     0.1250               2.2099 5.1932e-13
                        3  0.6932     0.1250               1.8268 5.1932e-13
                        6  1.2741     0.1250               1.2459 5.1932e-13
                        7  1.4176     0.1250               1.1024 5.1932e-13
                       10  1.7720     0.1250               0.7480 5.1932e-13
                       13  2.1468     0.1250               0.3732 5.1932e-13
 20  2.5193    6.5+                          1.9189e-13
                        4  1.0170     1.0000               1.5023 1.9185e-13
 19  2.5100    3.5+                          2.4123e-12
                        0  0.0000     0.2500               2.5100 6.0307e-13
                        5  1.1417     0.2500               1.3683 6.0307e-13
                        6  1.2741     0.2500               1.2359 6.0307e-13
                        9  1.5940     0.2500               0.9160 6.0307e-13
 18  2.3360    4.5+                          2.2271e-12
                        5  1.1417     0.5000               1.1943 1.1136e-12
                        9  1.5940     0.5000               0.7420 1.1136e-12
 17  2.3247    1.5+                          1.0324e-11
                        0  0.0000     0.1250               2.3247 1.2905e-12
                        1  0.0634     0.1250               2.2613 1.2905e-12
                        2  0.3101     0.1250               2.0146 1.2905e-12
                        3  0.6932     0.1250               1.6315 1.2905e-12
                        6  1.2741     0.1250               1.0506 1.2905e-12
                        7  1.4176     0.1250               0.9071 1.2905e-12
                       10  1.7720     0.1250               0.5527 1.2905e-12
                       13  2.1468     0.1250               0.1779 1.2905e-12
 16  2.3020    3.5+                          6.3413e-12
                        0  0.0000     0.2500               2.3020 1.5853e-12
                        5  1.1417     0.2500               1.1603 1.5853e-12
                        6  1.2741     0.2500               1.0279 1.5853e-12
                        9  1.5940     0.2500               0.7080 1.5853e-12
 15  2.1857    5.5+                          1.6801e-12
                        4  1.0170     1.0000               1.1687 1.6798e-12
 14  2.1630    3.5+                          1.1170e-11
                        0  0.0000     0.2500               2.1630 2.7926e-12
                        5  1.1417     0.2500               1.0213 2.7926e-12
                        6  1.2741     0.2500               0.8889 2.7926e-12
                        9  1.5940     0.2500               0.5690 2.7926e-12
 13  2.1468    1.5-                          1.9529e-11
                        1  0.0634     0.4924               2.0834 9.6127e-12
                        0  0.0000     0.5076               2.1468 9.9092e-12
 12  2.0960    1.5+                          2.5725e-11
                        0  0.0000     0.1429               2.0960 3.6749e-12
                        1  0.0634     0.1429               2.0326 3.6749e-12
                        2  0.3101     0.1429               1.7859 3.6749e-12
                        3  0.6932     0.1429               1.4028 3.6749e-12
                        6  1.2741     0.1429               0.8219 3.6749e-12
                        7  1.4176     0.1429               0.6784 3.6749e-12
                       10  1.7720     0.1429               0.3240 3.6749e-12
 11  1.9204    2.5+                          4.5275e-11
                        2  0.3101     1.0000               1.6103 4.5257e-11
 10  1.7720    1.5-                          5.9803e-11
                        2  0.3101     1.0000               1.4619 5.9803e-11
  9  1.5940    3.5-                          5.7392e-11
                        4  1.0170     0.5000               0.5770 2.8696e-11
                        8  1.5560     0.5000               0.0380 2.8696e-11
  8  1.5560    3.5+                          9.8397e-11
                        0  0.0000     0.3333               1.5560 3.2799e-11
                        5  1.1417     0.3333               0.4143 3.2799e-11
                        6  1.2741     0.3333               0.2819 3.2799e-11
  7  1.4176    0.5-                          7.6259e-11
                        3  0.6932     0.3334               0.7244 2.5413e-11
                        2  0.3101     0.4273               1.1075 3.2580e-11
                        0  0.0000     0.2393               1.4176 1.8246e-11
  6  1.2741    2.5-                          1.8057e-10
                        2  0.3101     0.4484               0.9640 8.0958e-11
                        1  0.0634     0.2780               1.2107 5.0196e-11
                        0  0.0000     0.2735               1.2741 4.9384e-11
  5  1.1417    3.5-                          1.3413e-10
                        0  0.0000     1.0000               1.1417 1.3411e-10
  4  1.0170    4.5+                          8.1207e-11                       2.5600e-08
                        0  0.0000     1.0000               1.0170 8.1170e-11
  3  0.6932    1.5-                          2.3160e-10
                        2  0.3101     0.0853               0.3831 1.9692e-11
                        1  0.0634     0.8102               0.6299 1.8753e-10
                        0  0.0000     0.1045               0.6932 2.4191e-11
  2  0.3101    1.5-                          4.8781e-10
                        1  0.0634     0.0226               0.2467 1.0913e-11
                        0  0.0000     0.9774               0.3101 4.7439e-10
  1  0.0634    0.5-                          4.4320e-10                       6.9000e-05
                        0  0.0000     1.0000               0.0634 1.0188e-10
  0  0.0000    2.5-                          1.5603e-09                       9.0630e+03
#......................................................................../  028-064Ni //   1.000000
#                                                                          SUM SPECTRA FOR COMPOUND
#            027-062Co      gamma
 SpcSum[mb]            9.7891e-11
 Emean[MeV]            9.3376e-01
#......................................................................../  028-064Ni //   1.000000
#                                                                   GAMMAS FROM DISCRETE TRANSITION
#           0 0 1 0 0 0             027-062Co
#   Ex[MeV]     Jpi    FinalState  Branching Production    Egamma Production   T(1/2)[s]
 24  1.8730    0.0-                          2.3219e-15
                        4  0.5061     0.3333               1.3669 7.7397e-16
                        5  0.5320     0.3333               1.3410 7.7397e-16
                       22  1.8050     0.3333               0.0680 7.7397e-16
 23  1.8200    3.0-                          1.0433e-14
                        0  0.0000     0.5000               1.8200 5.2165e-15
                       16  1.3590     0.5000               0.4610 5.2165e-15
 22  1.8050    1.0+                          1.1169e-14
                        2  0.2300     0.1429               1.5750 1.5956e-15
                        7  0.6960     0.1429               1.1090 1.5956e-15
                        9  0.8630     0.1429               0.9420 1.5956e-15
                       10  0.9010     0.1429               0.9040 1.5956e-15
                       14  1.2480     0.1429               0.5570 1.5956e-15
                       17  1.4690     0.1429               0.3360 1.5956e-15
                       21  1.6920     0.1429               0.1130 1.5956e-15
 21  1.6920    2.0-                          3.4789e-14
                        0  0.0000     0.2500               1.6920 8.6974e-15
                        4  0.5061     0.2500               1.1859 8.6974e-15
                        5  0.5320     0.2500               1.1600 8.6974e-15
                       16  1.3590     0.2500               0.3330 8.6974e-15
 20  1.6670    4.0-                          2.0595e-14
                        1  0.0220     0.3333               1.6450 6.8651e-15
                        6  0.6097     0.3333               1.0573 6.8651e-15
                        8  0.7060     0.3333               0.9610 6.8651e-15
 19  1.5432    7.0-                          5.7715e-15                       1.3200e-12
                       13  1.2163     1.0000               0.3269 5.7633e-15
 18  1.5000    3.0-                          9.7860e-14
                        0  0.0000     0.5000               1.5000 4.8930e-14
                       16  1.3590     0.5000               0.1410 4.8930e-14
 17  1.4690    1.0-                          1.0215e-13
                        0  0.0000     0.2500               1.4690 2.5537e-14
                        4  0.5061     0.2500               0.9629 2.5537e-14
                        5  0.5320     0.2500               0.9370 2.5537e-14
                       16  1.3590     0.2500               0.1100 2.5537e-14
 16  1.3590    2.0+                          3.4594e-13
                        2  0.2300     0.2000               1.1290 6.9188e-14
                        7  0.6960     0.2000               0.6630 6.9188e-14
                        9  0.8630     0.2000               0.4960 6.9188e-14
                       10  0.9010     0.2000               0.4580 6.9188e-14
                       14  1.2480     0.2000               0.1110 6.9188e-14
 15  1.2710    6.0-                          2.5964e-14
                        1  0.0220     0.2500               1.2490 6.4909e-15
                        6  0.6097     0.2500               0.6613 6.4909e-15
                        8  0.7060     0.2500               0.5650 6.4909e-15
                       13  1.2163     0.2500               0.0547 6.4909e-15
 14  1.2480    2.0-                          5.0435e-13
                        0  0.0000     0.3333               1.2480 1.6812e-13
                        4  0.5061     0.3333               0.7419 1.6812e-13
                        5  0.5320     0.3333               0.7160 1.6812e-13
 13  1.2163    6.0+                          4.3465e-14
                        6  0.6097     0.2482               0.6066 1.0781e-14
                        1  0.0220     0.7518               1.1943 3.2673e-14
 12  1.1720    6.0-                          4.1432e-14
                        1  0.0220     0.3333               1.1500 1.3811e-14
                        6  0.6097     0.3333               0.5623 1.3811e-14
                        8  0.7060     0.3333               0.4660 1.3811e-14
 11  0.9200    4.0-                          8.3691e-13
                        1  0.0220     0.3333               0.8980 2.7897e-13
                        6  0.6097     0.3333               0.3103 2.7897e-13
                        8  0.7060     0.3333               0.2140 2.7897e-13
 10  0.9010    2.0-                          1.8620e-12
                        0  0.0000     0.3333               0.9010 6.2066e-13
                        4  0.5061     0.3333               0.3949 6.2066e-13
                        5  0.5320     0.3333               0.3690 6.2066e-13
  9  0.8630    2.0-                          2.1220e-12
                        0  0.0000     0.3333               0.8630 7.0734e-13
                        4  0.5061     0.3333               0.3569 7.0734e-13
                        5  0.5320     0.3333               0.3310 7.0734e-13
  8  0.7060    5.0+                          8.3793e-13
                        3  0.2440     1.0000               0.4620 8.3793e-13
  7  0.6960    1.0-                          2.6884e-12
                        0  0.0000     0.3333               0.6960 8.9612e-13
                        4  0.5061     0.3333               0.1899 8.9612e-13
                        5  0.5320     0.3333               0.1640 8.9612e-13
  6  0.6097    5.0+                          1.0170e-12
                        1  0.0220     1.0000               0.5877 1.0163e-12
  5  0.5320    1.0+                          6.2340e-12
                        2  0.2300     1.0000               0.3020 6.2340e-12
  4  0.5061    1.0+                          6.4887e-12
                        0  0.0000     1.0000               0.5061 6.4816e-12
  3  0.2440    4.0-                          6.0695e-12
                        1  0.0220     1.0000               0.2220 6.0695e-12
  2  0.2300    1.0-                          1.4286e-11
                        0  0.0000     1.0000               0.2300 1.4286e-11
  1  0.0220    5.0+                          9.5213e-12                       8.3160e+02
                        0  0.0000     1.0000               0.0220 9.5213e-12
  0  0.0000    2.0+                          4.5819e-11                       9.2400e+01
#......................................................................../  028-064Ni //   1.000000
#                                                                         ISOMERIC STATE PRODUCTION
#            027-062Co
#   Ex[MeV]     Jpi     T(1/2)[s]  Prod.[mb]
  1  0.0220    5.0+    8.3160e+02 9.5213e-12
#......................................................................../  028-064Ni //   1.000000
#                                                                          SUM SPECTRA FOR COMPOUND
#            028-064Ni      gamma
 SpcSum[mb]            0.0000e+00
 Emean[MeV]            0.0000e+00
#......................................................................../  028-064Ni //   1.000000
#                                                                   GAMMAS FROM DISCRETE TRANSITION
#           0 0 0 1 0 0             028-064Ni
#   Ex[MeV]     Jpi    FinalState  Branching Production    Egamma Production   T(1/2)[s]
  0  0.0000    0.0+                          1.9856e-18
#......................................................................../  028-064Ni //   1.000000
#                                                                INDIVIDUAL GROUND STATE PRODUCTION
#             Residual  Prod.[mb]  Qval[MeV]   Particles
#                                              n p a d t h
 Production  029-066Cu 4.6615e-12   12.29543   0 0 0 0 0 0
 Production  029-065Cu 3.3384e-05    5.22939   1 0 0 0 0 0
 Production  028-065Ni 1.5603e-09    3.87357   0 1 0 0 0 0
 Production  027-062Co 4.5819e-11    5.03626   0 0 1 0 0 0
 Production  028-064Ni 1.9856e-18    0.00000   0 0 0 1 0 0
                   sum 3.3386e-05
#......................................................................../  028-064Ni //   1.000000
#                                                           STABLE AND LONG-LIVED STATE PRODUCTIONS
#       Residual    Ex[MeV]     Jpi     T(1/2)[s]  Prod.[mb] Meta
    1  027-062Co    0.00000    2.0+    9.2400e+01 4.5819e-11
    2  027-062Co    0.02200    5.0+    8.3160e+02 9.5213e-12    1
    3  028-064Ni    0.00000    0.0+    ---------- 1.9856e-18
    4  028-065Ni    0.00000    2.5-    9.0630e+03 1.5603e-09
    5  029-065Cu    0.00000    1.5-    ---------- 3.3384e-05
    6  029-066Cu    0.00000    1.0+    3.0720e+02 4.6615e-12
#                                         g.s.sum 3.3386e-05


#......................................................................../  028-064Ni //   1.000000
#                                                                                   ISOMERIC RATIOS
#       Residual    Ex[MeV]     Jpi     T(1/2)[s] Ratio      m/(g-m)
    1  027-062Co    0.02200    5.0+    8.3160e+02 2.0780e-01 2.6231e-01


#......................................................................../  028-064Ni //   1.000000
#                                                                               PARTICLE PRODUCTION
#             Particle  Prod.[mb] Multiplic. Emean[MeV]
 ParticlPrd      gamma 8.1715e-05 2.4476e+00 1.8213e+00
 ParticlPrd    neutron 3.3384e-05 9.9995e-01 1.7357e+00
 ParticlPrd     proton 1.5603e-09 4.6735e-05 2.0222e+00
 ParticlPrd      alpha 4.5819e-11 1.3724e-06 4.0079e+00
 ParticlPrd   deuteron 1.9856e-18 5.9474e-14 9.5000e-01


