name,energy,flux
SS01,29.403,5.714285714285714e-07
SS01,29.469,8.571428571428571e-07
SS01,29.535000000000004,2.8571428571428573e-06
SS01,29.601,4.2857142857142855e-06
SS01,29.667,5.7142857142857145e-06
SS01,29.733000000000004,1.742857142857143e-05
SS01,29.799,3.285714285714286e-05
SS01,29.865000000000002,8.571428571428571e-05
SS01,29.931,0.000156
SS01,29.997,0.00027114285714285717
SS01,30.063000000000002,0.000474
SS01,30.129,0.0007951428571428571
SS01,30.195,0.0012174285714285713
SS01,30.261000000000003,0.0019785714285714285
SS01,30.327,0.002941714285714286
SS01,30.393,0.004169428571428571
SS01,30.459000000000003,0.005759142857142857
SS01,30.525,0.0075551428571428575
SS01,30.591,0.009657714285714285
SS01,30.657000000000004,0.011841714285714285
SS01,30.723,0.014145428571428571
SS01,30.789,0.01646085714285714
SS01,30.855000000000004,0.018456
SS01,30.921,0.020284857142857143
SS01,30.987000000000002,0.021936857142857143
SS01,31.053000000000004,0.023229142857142858
SS01,31.119,0.023981142857142857
SS01,31.185000000000002,0.02482914285714286
SS01,31.251,0.02532085714285714
SS01,31.317,0.02575542857142857
SS01,31.383000000000003,0.025949714285714284
SS01,31.449,0.026005714285714285
SS01,31.515,0.02626457142857143
SS01,31.581000000000003,0.026218571428571428
SS01,31.647,0.026285714285714287
SS01,31.713,0.026505142857142856
SS01,31.779000000000003,0.026463714285714285
SS01,31.845,0.02640742857142857
SS01,31.911,0.026486285714285716
SS01,31.977,0.026613142857142856
SS01,32.043,0.02657657142857143
SS01,32.109,0.026765428571428572
SS01,32.175,0.026613428571428573
SS01,32.241,0.02672942857142857
SS01,32.307,0.026659714285714287
SS01,32.373000000000005,0.026710571428571427
SS01,32.439,0.026807714285714285
SS01,32.505,0.02661485714285714
SS01,32.571,0.026582285714285715
SS01,32.637,0.026058857142857144
SS01,32.703,0.02580057142857143
SS01,32.769000000000005,0.025138857142857143
SS01,32.835,0.024012571428571428
SS01,32.901,0.022587714285714287
SS01,32.967,0.02079114285714286
SS01,33.033,0.018826
SS01,33.099000000000004,0.016521714285714285
SS01,33.165000000000006,0.014072571428571429
SS01,33.231,0.011343428571428572
SS01,33.297,0.008961142857142857
SS01,33.363,0.0068662857142857145
SS01,33.429,0.005068
SS01,33.495000000000005,0.0034754285714285716
SS01,33.561,0.0023722857142857144
SS01,33.627,0.0014397142857142857
SS01,33.693,0.0008888571428571428
SS01,33.759,0.0005511428571428571
SS01,33.825,0.0002871428571428571
SS01,33.891000000000005,0.00015457142857142858
SS01,33.957,7.342857142857143e-05
SS01,34.023,4.1714285714285714e-05
SS01,34.089,2.4285714285714285e-05
SS01,34.155,8.857142857142857e-06
SS01,34.221000000000004,4e-06
SS01,34.287000000000006,8.571428571428571e-07
SS01,34.353,1.1428571428571428e-06
Ni01,28.941000000000003,1.3333333333333334e-06
Ni01,29.007,4.666666666666666e-06
Ni01,29.073,9.333333333333333e-06
Ni01,29.139000000000003,1.1333333333333334e-05
Ni01,29.205000000000002,2e-05
Ni01,29.271,5.466666666666667e-05
Ni01,29.337000000000003,0.00012733333333333333
Ni01,29.403,0.0002553333333333333
Ni01,29.469,0.00047733333333333335
Ni01,29.535000000000004,0.000796
Ni01,29.601,0.0014986666666666666
Ni01,29.667,0.002354
Ni01,29.733000000000004,0.0036693333333333335
Ni01,29.799,0.005912666666666667
Ni01,29.865000000000002,0.008718666666666666
Ni01,29.931,0.012378666666666666
Ni01,29.997,0.017062666666666667
Ni01,30.063000000000002,0.022906666666666665
Ni01,30.129,0.029302
Ni01,30.195,0.036086
Ni01,30.261000000000003,0.043602
Ni01,30.327,0.051064
Ni01,30.393,0.05706
Ni01,30.459000000000003,0.062724
Ni01,30.525,0.06698
Ni01,30.591,0.06882733333333334
Ni01,30.657000000000004,0.06913333333333334
Ni01,30.723,0.067556
Ni01,30.789,0.06455533333333334
Ni01,30.855000000000004,0.058734
Ni01,30.921,0.05253466666666667
Ni01,30.987000000000002,0.04574533333333333
Ni01,31.053000000000004,0.03818933333333333
Ni01,31.119,0.03065266666666667
Ni01,31.185000000000002,0.024188
Ni01,31.251,0.018182666666666666
Ni01,31.317,0.013340666666666667
Ni01,31.383000000000003,0.009177333333333332
Ni01,31.449,0.006334
Ni01,31.515,0.004004
Ni01,31.581000000000003,0.0024293333333333333
Ni01,31.647,0.0014893333333333334
Ni01,31.713,0.0008653333333333333
Ni01,31.779000000000003,0.00048333333333333334
Ni01,31.845,0.000238
Ni01,31.911,0.00012066666666666667
Ni01,31.977,7.866666666666666e-05
Ni01,32.043,3.6e-05
Ni01,32.109,1.7333333333333332e-05
Ni01,32.175,5.333333333333334e-06
Ni01,32.241,1.3333333333333334e-06
Ni01,32.307,2.666666666666667e-06
Ir01,28.149,1.3333333333333334e-06
Ir01,28.215000000000003,4.666666666666666e-06
Ir01,28.281,9.333333333333333e-06
Ir01,28.347,1.1333333333333334e-05
Ir01,28.413000000000004,1.6e-05
Ir01,28.479,4.6666666666666665e-05
Ir01,28.545,9.933333333333334e-05
Ir01,28.611000000000004,0.00022933333333333334
Ir01,28.677,0.000402
Ir01,28.743000000000002,0.0006846666666666666
Ir01,28.809,0.0011953333333333334
Ir01,28.875,0.0018906666666666666
Ir01,28.941000000000003,0.0028526666666666665
Ir01,29.007,0.004675333333333333
Ir01,29.073,0.006737333333333333
Ir01,29.139000000000003,0.009453333333333333
Ir01,29.205000000000002,0.012873333333333334
Ir01,29.271,0.016826
Ir01,29.337000000000003,0.021174
Ir01,29.403,0.02605
Ir01,29.469,0.031088
Ir01,29.535000000000004,0.03585466666666667
Ir01,29.601,0.040371333333333335
Ir01,29.667,0.044214
Ir01,29.733000000000004,0.047613333333333334
Ir01,29.799,0.050402
Ir01,29.865000000000002,0.051937333333333335
Ir01,29.931,0.053758
Ir01,29.997,0.05393933333333333
Ir01,30.063000000000002,0.05394533333333333
Ir01,30.129,0.053532666666666666
Ir01,30.195,0.051876
Ir01,30.261000000000003,0.04915933333333333
Ir01,30.327,0.04658333333333333
Ir01,30.393,0.042404
Ir01,30.459000000000003,0.03830733333333333
Ir01,30.525,0.033644
Ir01,30.591,0.028382666666666667
Ir01,30.657000000000004,0.023271333333333335
Ir01,30.723,0.018432666666666667
Ir01,30.789,0.014388666666666666
Ir01,30.855000000000004,0.010627333333333334
Ir01,30.921,0.007472
Ir01,30.987000000000002,0.0052053333333333335
Ir01,31.053000000000004,0.0033246666666666667
Ir01,31.119,0.0020726666666666667
Ir01,31.185000000000002,0.0013333333333333333
Ir01,31.251,0.0007666666666666667
Ir01,31.317,0.00040533333333333334
Ir01,31.383000000000003,0.00020733333333333332
Ir01,31.449,0.00010866666666666666
Ir01,31.515,8.333333333333333e-05
Ir01,31.581000000000003,3.1333333333333334e-05
Ir01,31.647,1.3333333333333333e-05
Ir01,31.713,5.333333333333334e-06
Ir01,31.779000000000003,1.3333333333333334e-06
Ir01,31.845,2.666666666666667e-06
Cu01,27.687,1.3333333333333334e-06
Cu01,27.753,7.333333333333333e-06
Cu01,27.819000000000003,6.666666666666667e-06
Cu01,27.885,1.4e-05
Cu01,27.951,1.9333333333333333e-05
Cu01,28.017000000000003,5.4e-05
Cu01,28.083,0.00012466666666666667
Cu01,28.149,0.00022733333333333332
Cu01,28.215000000000003,0.000454
Cu01,28.281,0.0007553333333333333
Cu01,28.347,0.0013673333333333332
Cu01,28.413000000000004,0.0021433333333333335
Cu01,28.479,0.0033233333333333335
Cu01,28.545,0.005354
Cu01,28.611000000000004,0.007916666666666667
Cu01,28.677,0.011288
Cu01,28.743000000000002,0.015531333333333333
Cu01,28.809,0.020952666666666668
Cu01,28.875,0.02711066666666667
Cu01,28.941000000000003,0.03341266666666667
Cu01,29.007,0.040994
Cu01,29.073,0.04832533333333333
Cu01,29.139000000000003,0.054738
Cu01,29.205000000000002,0.06062133333333333
Cu01,29.271,0.06521133333333333
Cu01,29.337000000000003,0.06841666666666667
Cu01,29.403,0.06852533333333333
Cu01,29.469,0.06804933333333334
Cu01,29.535000000000004,0.065314
Cu01,29.601,0.06051666666666667
Cu01,29.667,0.05456266666666667
Cu01,29.733000000000004,0.047896666666666664
Cu01,29.799,0.040826
Cu01,29.865000000000002,0.033182
Cu01,29.931,0.026385333333333334
Cu01,29.997,0.020471333333333334
Cu01,30.063000000000002,0.014995333333333333
Cu01,30.129,0.010788666666666667
Cu01,30.195,0.007507333333333334
Cu01,30.261000000000003,0.004941333333333333
Cu01,30.327,0.003166
Cu01,30.393,0.0019106666666666666
Cu01,30.459000000000003,0.0011633333333333333
Cu01,30.525,0.0006646666666666667
Cu01,30.591,0.00036333333333333335
Cu01,30.657000000000004,0.00018066666666666668
Cu01,30.723,0.00010066666666666667
Cu01,30.789,6.533333333333333e-05
Cu01,30.855000000000004,3.266666666666666e-05
Cu01,30.921,1.0666666666666667e-05
Cu01,30.987000000000002,4e-06
Cu01,31.053000000000004,1.3333333333333334e-06
Fe01,27.225,1.3333333333333334e-06
Fe01,27.291000000000004,4.666666666666666e-06
Fe01,27.357,9.333333333333333e-06
Fe01,27.423000000000002,1.1333333333333334e-05
Fe01,27.489000000000004,1.7333333333333332e-05
Fe01,27.555,5.266666666666667e-05
Fe01,27.621000000000002,9.2e-05
Fe01,27.687,0.000216
Fe01,27.753,0.000386
Fe01,27.819000000000003,0.000686
Fe01,27.885,0.00119
Fe01,27.951,0.0019513333333333333
Fe01,28.017000000000003,0.003026
Fe01,28.083,0.004744666666666667
Fe01,28.149,0.007252666666666667
Fe01,28.215000000000003,0.010342
Fe01,28.281,0.014189333333333333
Fe01,28.347,0.019522666666666667
Fe01,28.413000000000004,0.025317333333333334
Fe01,28.479,0.031745333333333334
Fe01,28.545,0.039199333333333336
Fe01,28.611000000000004,0.046318
Fe01,28.677,0.053372
Fe01,28.743000000000002,0.059332666666666666
Fe01,28.809,0.06417066666666667
Fe01,28.875,0.068276
Fe01,28.941000000000003,0.068808
Fe01,29.007,0.06853533333333334
Fe01,29.073,0.06646133333333333
Fe01,29.139000000000003,0.061960666666666664
Fe01,29.205000000000002,0.056031333333333336
Fe01,29.271,0.049636
Fe01,29.337000000000003,0.042451333333333334
Fe01,29.403,0.03470733333333333
Fe01,29.469,0.028041333333333335
Fe01,29.535000000000004,0.021592666666666666
Fe01,29.601,0.016270666666666666
Fe01,29.667,0.011708
Fe01,29.733000000000004,0.008152666666666667
Fe01,29.799,0.005506
Fe01,29.865000000000002,0.0035026666666666665
Fe01,29.931,0.00216
Fe01,29.997,0.0013866666666666667
Fe01,30.063000000000002,0.0007326666666666666
Fe01,30.129,0.0004513333333333333
Fe01,30.195,0.00021666666666666666
Fe01,30.261000000000003,0.00011666666666666667
Fe01,30.327,8.333333333333333e-05
Fe01,30.393,3.266666666666666e-05
Fe01,30.459000000000003,1.6e-05
Fe01,30.525,6.666666666666667e-06
Fe01,30.591,1.3333333333333334e-06
Fe01,30.657000000000004,2.666666666666667e-06
Ni02,26.697000000000003,1.3333333333333334e-06
Ni02,26.763,4.666666666666666e-06
Ni02,26.829,9.333333333333333e-06
Ni02,26.895000000000003,1e-05
Ni02,26.961,1.6666666666666667e-05
Ni02,27.027,4.8e-05
Ni02,27.093000000000004,9.333333333333333e-05
Ni02,27.159,0.00020266666666666667
Ni02,27.225,0.000354
Ni02,27.291000000000004,0.0006106666666666667
Ni02,27.357,0.0010186666666666666
Ni02,27.423000000000002,0.0018066666666666667
Ni02,27.489000000000004,0.0026566666666666666
Ni02,27.555,0.004212666666666667
Ni02,27.621000000000002,0.0063026666666666665
Ni02,27.687,0.009062666666666667
Ni02,27.753,0.012398
Ni02,27.819000000000003,0.016854666666666667
Ni02,27.885,0.022126666666666666
Ni02,27.951,0.027890666666666668
Ni02,28.017000000000003,0.033882666666666665
Ni02,28.083,0.040468
Ni02,28.149,0.047363333333333334
Ni02,28.215000000000003,0.05272466666666667
Ni02,28.281,0.057838
Ni02,28.347,0.062064666666666664
Ni02,28.413000000000004,0.065006
Ni02,28.479,0.06508666666666667
Ni02,28.545,0.06468866666666667
Ni02,28.611000000000004,0.06250466666666667
Ni02,28.677,0.058956666666666664
Ni02,28.743000000000002,0.053513333333333336
Ni02,28.809,0.047706
Ni02,28.875,0.04159266666666667
Ni02,28.941000000000003,0.03467666666666667
Ni02,29.007,0.028258
Ni02,29.073,0.022361333333333334
Ni02,29.139000000000003,0.017064666666666665
Ni02,29.205000000000002,0.012724
Ni02,29.271,0.008969333333333333
Ni02,29.337000000000003,0.006298
Ni02,29.403,0.004118
Ni02,29.469,0.0026033333333333334
Ni02,29.535000000000004,0.0016426666666666666
Ni02,29.601,0.000976
Ni02,29.667,0.0005733333333333334
Ni02,29.733000000000004,0.0003246666666666667
Ni02,29.799,0.000142
Ni02,29.865000000000002,8.866666666666666e-05
Ni02,29.931,5.8666666666666665e-05
Ni02,29.997,2.6e-05
Ni02,30.063000000000002,8.666666666666666e-06
Ni02,30.129,4e-06
Ni02,30.195,1.3333333333333334e-06
Ir02,25.839,1.3333333333333334e-06
Ir02,25.905,3.3333333333333333e-06
Ir02,25.971000000000004,6.666666666666667e-06
Ir02,26.037,1.1333333333333334e-05
Ir02,26.103,1.0666666666666667e-05
Ir02,26.169000000000004,3.2e-05
Ir02,26.235,6.466666666666666e-05
Ir02,26.301000000000002,0.00015733333333333333
Ir02,26.367,0.0002773333333333333
Ir02,26.433,0.0004586666666666667
Ir02,26.499000000000002,0.0007533333333333333
Ir02,26.565,0.0013153333333333333
Ir02,26.631,0.001924
Ir02,26.697000000000003,0.0028973333333333334
Ir02,26.763,0.004556
Ir02,26.829,0.006439333333333333
Ir02,26.895000000000003,0.008852
Ir02,26.961,0.011807333333333333
Ir02,27.027,0.015397333333333334
Ir02,27.093000000000004,0.019223333333333332
Ir02,27.159,0.023422
Ir02,27.225,0.028032
Ir02,27.291000000000004,0.03206933333333333
Ir02,27.357,0.036325333333333334
Ir02,27.423000000000002,0.040098666666666664
Ir02,27.489000000000004,0.043174
Ir02,27.555,0.046280666666666664
Ir02,27.621000000000002,0.04824133333333333
Ir02,27.687,0.04938666666666667
Ir02,27.753,0.05089266666666667
Ir02,27.819000000000003,0.050942666666666664
Ir02,27.885,0.05090733333333333
Ir02,27.951,0.050444
Ir02,28.017000000000003,0.049008666666666666
Ir02,28.083,0.046464
Ir02,28.149,0.04440266666666667
Ir02,28.215000000000003,0.04076866666666667
Ir02,28.281,0.036942
Ir02,28.347,0.033086
Ir02,28.413000000000004,0.028556666666666668
Ir02,28.479,0.02358733333333333
Ir02,28.545,0.019318
Ir02,28.611000000000004,0.015355333333333334
Ir02,28.677,0.011721333333333334
Ir02,28.743000000000002,0.008738666666666667
Ir02,28.809,0.006168666666666667
Ir02,28.875,0.004294
Ir02,28.941000000000003,0.0027706666666666665
Ir02,29.007,0.001794
Ir02,29.073,0.0011746666666666667
Ir02,29.139000000000003,0.000632
Ir02,29.205000000000002,0.0003773333333333333
Ir02,29.271,0.00018666666666666666
Ir02,29.337000000000003,0.00010666666666666667
Ir02,29.403,7.8e-05
Ir02,29.469,3.733333333333333e-05
Ir02,29.535000000000004,1.4666666666666666e-05
Ir02,29.601,4.666666666666666e-06
Ir02,29.667,2e-06
Ir02,29.733000000000004,2.666666666666667e-06
Cu02,25.311,1.3333333333333334e-06
Cu02,25.377000000000002,1.3333333333333334e-06
Cu02,25.443,6e-06
Cu02,25.509,8e-06
Cu02,25.575000000000003,1.5333333333333334e-05
Cu02,25.641,1.8666666666666665e-05
Cu02,25.707,5.2e-05
Cu02,25.773000000000003,0.00011133333333333333
Cu02,25.839,0.00022066666666666667
Cu02,25.905,0.000372
Cu02,25.971000000000004,0.0006373333333333333
Cu02,26.037,0.0010693333333333334
Cu02,26.103,0.0018066666666666667
Cu02,26.169000000000004,0.0026433333333333335
Cu02,26.235,0.004142666666666667
Cu02,26.301000000000002,0.006178
Cu02,26.367,0.008709333333333333
Cu02,26.433,0.01197
Cu02,26.499000000000002,0.016282666666666668
Cu02,26.565,0.021416666666666667
Cu02,26.631,0.026690666666666668
Cu02,26.697000000000003,0.032532
Cu02,26.763,0.039382
Cu02,26.829,0.04583266666666667
Cu02,26.895000000000003,0.051486
Cu02,26.961,0.05685333333333333
Cu02,27.027,0.06100266666666666
Cu02,27.093000000000004,0.064388
Cu02,27.159,0.06480133333333334
Cu02,27.225,0.064722
Cu02,27.291000000000004,0.06262866666666667
Cu02,27.357,0.059432
Cu02,27.423000000000002,0.05412466666666667
Cu02,27.489000000000004,0.048593333333333336
Cu02,27.555,0.042536
Cu02,27.621000000000002,0.035842
Cu02,27.687,0.029124
Cu02,27.753,0.023396666666666666
Cu02,27.819000000000003,0.018230666666666666
Cu02,27.885,0.01358
Cu02,27.951,0.009783333333333333
Cu02,28.017000000000003,0.0069373333333333335
Cu02,28.083,0.004667333333333333
Cu02,28.149,0.0030713333333333335
Cu02,28.215000000000003,0.0019313333333333333
Cu02,28.281,0.0011806666666666667
Cu02,28.347,0.0006953333333333333
Cu02,28.413000000000004,0.0004166666666666667
Cu02,28.479,0.000212
Cu02,28.545,0.000116
Cu02,28.611000000000004,7.666666666666667e-05
Cu02,28.677,4.133333333333333e-05
Cu02,28.743000000000002,1.4e-05
Cu02,28.809,9.333333333333333e-06
Cu02,28.875,2e-06
Cu02,28.941000000000003,1.3333333333333334e-06
Fe02,24.849000000000004,1.3333333333333334e-06
Fe02,24.915,3.3333333333333333e-06
Fe02,24.981,6.666666666666667e-06
Fe02,25.047000000000004,8e-06
Fe02,25.113,1.4e-05
Fe02,25.179000000000002,3.2e-05
Fe02,25.245,5.6e-05
Fe02,25.311,0.000136
Fe02,25.377000000000002,0.000248
Fe02,25.443,0.00044533333333333333
Fe02,25.509,0.0007026666666666667
Fe02,25.575000000000003,0.0012473333333333334
Fe02,25.641,0.0019106666666666666
Fe02,25.707,0.002886
Fe02,25.773000000000003,0.004442
Fe02,25.839,0.006651333333333334
Fe02,25.905,0.009216
Fe02,25.971000000000004,0.012486666666666667
Fe02,26.037,0.017008
Fe02,26.103,0.022198666666666665
Fe02,26.169000000000004,0.027593333333333334
Fe02,26.235,0.033739333333333336
Fe02,26.301000000000002,0.04030533333333333
Fe02,26.367,0.04677933333333333
Fe02,26.433,0.052366666666666666
Fe02,26.499000000000002,0.05780333333333333
Fe02,26.565,0.061686
Fe02,26.631,0.064722
Fe02,26.697000000000003,0.064894
Fe02,26.763,0.06444666666666667
Fe02,26.829,0.06252333333333333
Fe02,26.895000000000003,0.058446
Fe02,26.961,0.05331466666666667
Fe02,27.027,0.047598
Fe02,27.093000000000004,0.041206
Fe02,27.159,0.03457533333333333
Fe02,27.225,0.028211333333333335
Fe02,27.291000000000004,0.022323333333333334
Fe02,27.357,0.017417333333333333
Fe02,27.423000000000002,0.012903333333333333
Fe02,27.489000000000004,0.009191333333333333
Fe02,27.555,0.0065966666666666665
Fe02,27.621000000000002,0.0043946666666666665
Fe02,27.687,0.0028466666666666666
Fe02,27.753,0.0018006666666666666
Fe02,27.819000000000003,0.0011133333333333334
Fe02,27.885,0.000652
Fe02,27.951,0.0003953333333333333
Fe02,28.017000000000003,0.00020133333333333334
Fe02,28.083,0.00010866666666666666
Fe02,28.149,7.666666666666667e-05
Fe02,28.215000000000003,3.866666666666667e-05
Fe02,28.281,1.4666666666666666e-05
Fe02,28.347,8.666666666666666e-06
Fe02,28.413000000000004,2e-06
Fe02,28.479,1.3333333333333334e-06
Ni03,24.321,1.3333333333333334e-06
Ni03,24.387,4.666666666666666e-06
Ni03,24.453000000000003,9.333333333333333e-06
Ni03,24.519,8.666666666666666e-06
Ni03,24.585,1.2666666666666667e-05
Ni03,24.651000000000003,3.866666666666667e-05
Ni03,24.717,7e-05
Ni03,24.783,0.000158
Ni03,24.849000000000004,0.0002573333333333333
Ni03,24.915,0.000464
Ni03,24.981,0.0007326666666666666
Ni03,25.047000000000004,0.0012626666666666667
Ni03,25.113,0.0019293333333333332
Ni03,25.179000000000002,0.0028493333333333335
Ni03,25.245,0.00437
Ni03,25.311,0.006445333333333333
Ni03,25.377000000000002,0.008913333333333334
Ni03,25.443,0.011905333333333334
Ni03,25.509,0.015984
Ni03,25.575000000000003,0.020836666666666667
Ni03,25.641,0.025724666666666667
Ni03,25.707,0.031136666666666667
Ni03,25.773000000000003,0.037226
Ni03,25.839,0.043458
Ni03,25.905,0.048371333333333336
Ni03,25.971000000000004,0.05340533333333333
Ni03,26.037,0.05752733333333333
Ni03,26.103,0.060964
Ni03,26.169000000000004,0.06175666666666667
Ni03,26.235,0.06218933333333333
Ni03,26.301000000000002,0.06084333333333333
Ni03,26.367,0.058726
Ni03,26.433,0.054354
Ni03,26.499000000000002,0.049674
Ni03,26.565,0.044201333333333336
Ni03,26.631,0.03843866666666667
Ni03,26.697000000000003,0.03228266666666667
Ni03,26.763,0.026440666666666668
Ni03,26.829,0.021110666666666666
Ni03,26.895000000000003,0.016414
Ni03,26.961,0.012365333333333334
Ni03,27.027,0.008974
Ni03,27.093000000000004,0.006388
Ni03,27.159,0.004366666666666666
Ni03,27.225,0.002853333333333333
Ni03,27.291000000000004,0.001824
Ni03,27.357,0.001158
Ni03,27.423000000000002,0.0006826666666666667
Ni03,27.489000000000004,0.000402
Ni03,27.555,0.00022
Ni03,27.621000000000002,0.00011266666666666666
Ni03,27.687,7.4e-05
Ni03,27.753,4.4e-05
Ni03,27.819000000000003,2.0666666666666666e-05
Ni03,27.885,8.666666666666666e-06
Ni03,27.951,2.666666666666667e-06
Ni03,28.017000000000003,1.3333333333333334e-06
Ir03,23.397,1e-06
Ir03,23.463,2.5e-06
Ir03,23.529000000000003,4e-06
Ir03,23.595,5.5e-06
Ir03,23.661,1e-05
Ir03,23.727000000000004,1.75e-05
Ir03,23.793,3.45e-05
Ir03,23.859,7.05e-05
Ir03,23.925,0.000151
Ir03,23.991,0.000247
Ir03,24.057000000000002,0.0004075
Ir03,24.123,0.000639
Ir03,24.189,0.00108
Ir03,24.255000000000003,0.001585
Ir03,24.321,0.002326
Ir03,24.387,0.003548
Ir03,24.453000000000003,0.004989
Ir03,24.519,0.006926
Ir03,24.585,0.009092
Ir03,24.651000000000003,0.012016
Ir03,24.717,0.015249
Ir03,24.783,0.0189365
Ir03,24.849000000000004,0.0228685
Ir03,24.915,0.026825
Ir03,24.981,0.031296
Ir03,25.047000000000004,0.035224
Ir03,25.113,0.039011
Ir03,25.179000000000002,0.04252
Ir03,25.245,0.045711
Ir03,25.311,0.0480415
Ir03,25.377000000000002,0.049726
Ir03,25.443,0.050896
Ir03,25.509,0.05152
Ir03,25.575000000000003,0.0517925
Ir03,25.641,0.0501255
Ir03,25.707,0.0487045
Ir03,25.773000000000003,0.046707
Ir03,25.839,0.0438995
Ir03,25.905,0.039915
Ir03,25.971000000000004,0.0365975
Ir03,26.037,0.032102
Ir03,26.103,0.0280005
Ir03,26.169000000000004,0.0235065
Ir03,26.235,0.019406
Ir03,26.301000000000002,0.01558
Ir03,26.367,0.012245
Ir03,26.433,0.0092715
Ir03,26.499000000000002,0.006816
Ir03,26.565,0.0049335
Ir03,26.631,0.003423
Ir03,26.697000000000003,0.002257
Ir03,26.763,0.0014265
Ir03,26.829,0.000958
Ir03,26.895000000000003,0.000587
Ir03,26.961,0.0003415
Ir03,27.027,0.000196
Ir03,27.093000000000004,9.55e-05
Ir03,27.159,6.05e-05
Ir03,27.225,4e-05
Ir03,27.291000000000004,2.1e-05
Ir03,27.357,7.5e-06
Ir03,27.423000000000002,3.5e-06
Ir03,27.489000000000004,1e-06
Ir03,27.555,2e-06
Cu03,22.869,1.3333333333333334e-06
Cu03,22.935000000000002,3.3333333333333333e-06
Cu03,23.001,6.666666666666667e-06
Cu03,23.067,8e-06
Cu03,23.133000000000003,1.4e-05
Cu03,23.198999999999998,2.7333333333333335e-05
Cu03,23.265,4.6666666666666665e-05
Cu03,23.331000000000003,0.00011933333333333334
Cu03,23.397,0.00020133333333333334
Cu03,23.463,0.00033466666666666665
Cu03,23.529000000000003,0.0005566666666666667
Cu03,23.595,0.0008913333333333334
Cu03,23.661,0.001486
Cu03,23.727000000000004,0.0021746666666666668
Cu03,23.793,0.003167333333333333
Cu03,23.859,0.004830666666666666
Cu03,23.925,0.006841333333333333
Cu03,23.991,0.009330666666666666
Cu03,24.057000000000002,0.012374
Cu03,24.123,0.016324666666666668
Cu03,24.189,0.020902666666666667
Cu03,24.255000000000003,0.025834
Cu03,24.321,0.030953333333333333
Cu03,24.387,0.036819333333333336
Cu03,24.453000000000003,0.042562666666666665
Cu03,24.519,0.047604
Cu03,24.585,0.05225933333333333
Cu03,24.651000000000003,0.05633866666666667
Cu03,24.717,0.059471333333333334
Cu03,24.783,0.06076666666666666
Cu03,24.849000000000004,0.060908
Cu03,24.915,0.059634
Cu03,24.981,0.057756
Cu03,25.047000000000004,0.05393066666666667
Cu03,25.113,0.04925533333333333
Cu03,25.179000000000002,0.04426666666666667
Cu03,25.245,0.03876266666666667
Cu03,25.311,0.032633333333333334
Cu03,25.377000000000002,0.027160666666666666
Cu03,25.443,0.021914
Cu03,25.509,0.017490666666666668
Cu03,25.575000000000003,0.013086666666666667
Cu03,25.641,0.009793333333333333
Cu03,25.707,0.007102666666666667
Cu03,25.773000000000003,0.0050346666666666665
Cu03,25.839,0.0033166666666666665
Cu03,25.905,0.002142
Cu03,25.971000000000004,0.001452
Cu03,26.037,0.000876
Cu03,26.103,0.0005333333333333334
Cu03,26.169000000000004,0.00030733333333333334
Cu03,26.235,0.000162
Cu03,26.301000000000002,9.666666666666667e-05
Cu03,26.367,7.266666666666667e-05
Cu03,26.433,3.2e-05
Cu03,26.499000000000002,1.3333333333333333e-05
Cu03,26.565,8.666666666666666e-06
Cu03,26.631,6.666666666666667e-07
Cu03,26.697000000000003,1.3333333333333334e-06
Fe03,22.341,1.3333333333333334e-06
Fe03,22.407000000000004,3.3333333333333333e-06
Fe03,22.473,6.666666666666667e-06
Fe03,22.539,6.666666666666667e-06
Fe03,22.605000000000004,1.4e-05
Fe03,22.671,2.1333333333333335e-05
Fe03,22.737000000000002,4.933333333333333e-05
Fe03,22.803,8.6e-05
Fe03,22.869,0.00019066666666666668
Fe03,22.935000000000002,0.0003046666666666667
Fe03,23.001,0.0005
Fe03,23.067,0.000774
Fe03,23.133000000000003,0.001342
Fe03,23.198999999999998,0.001936
Fe03,23.265,0.002837333333333333
Fe03,23.331000000000003,0.004286666666666667
Fe03,23.397,0.006238666666666667
Fe03,23.463,0.008337333333333334
Fe03,23.529000000000003,0.011271333333333333
Fe03,23.595,0.015067333333333334
Fe03,23.661,0.019273333333333333
Fe03,23.727000000000004,0.023980666666666667
Fe03,23.793,0.028983333333333333
Fe03,23.859,0.034973333333333335
Fe03,23.925,0.040424666666666664
Fe03,23.991,0.04604266666666667
Fe03,24.057000000000002,0.050514
Fe03,24.123,0.054974666666666665
Fe03,24.189,0.058422
Fe03,24.255000000000003,0.060631333333333336
Fe03,24.321,0.06085
Fe03,24.387,0.06021733333333333
Fe03,24.453000000000003,0.058746
Fe03,24.519,0.05515133333333333
Fe03,24.585,0.05078
Fe03,24.651000000000003,0.04615266666666667
Fe03,24.717,0.040432
Fe03,24.783,0.03494
Fe03,24.849000000000004,0.028836666666666667
Fe03,24.915,0.023609333333333333
Fe03,24.981,0.018734
Fe03,25.047000000000004,0.014600666666666666
Fe03,25.113,0.010916
Fe03,25.179000000000002,0.007971333333333334
Fe03,25.245,0.005764666666666667
Fe03,25.311,0.0038453333333333334
Fe03,25.377000000000002,0.002632666666666667
Fe03,25.443,0.00169
Fe03,25.509,0.0010673333333333333
Fe03,25.575000000000003,0.0006466666666666667
Fe03,25.641,0.000406
Fe03,25.707,0.00022933333333333334
Fe03,25.773000000000003,0.00011533333333333334
Fe03,25.839,8.266666666666667e-05
Fe03,25.905,4.6e-05
Fe03,25.971000000000004,2.1333333333333335e-05
Fe03,26.037,1.1333333333333334e-05
Fe03,26.103,4e-06
Fe03,26.169000000000004,1.3333333333333334e-06
Fe03,26.235,2.666666666666667e-06
Ni04,21.813000000000002,1.3333333333333334e-06
Ni04,21.879,6e-06
Ni04,21.945,5.333333333333334e-06
Ni04,22.011000000000003,1e-05
Ni04,22.076999999999998,1.2e-05
Ni04,22.143,2.8666666666666668e-05
Ni04,22.209000000000003,5e-05
Ni04,22.275,0.00011533333333333334
Ni04,22.341,0.000192
Ni04,22.407000000000004,0.00033133333333333333
Ni04,22.473,0.000522
Ni04,22.539,0.000822
Ni04,22.605000000000004,0.001398
Ni04,22.671,0.001972666666666667
Ni04,22.737000000000002,0.00281
Ni04,22.803,0.004332666666666667
Ni04,22.869,0.0061853333333333335
Ni04,22.935000000000002,0.008274666666666666
Ni04,23.001,0.010996666666666667
Ni04,23.067,0.014634
Ni04,23.133000000000003,0.018645333333333333
Ni04,23.198999999999998,0.023074666666666667
Ni04,23.265,0.027968666666666666
Ni04,23.331000000000003,0.03343733333333333
Ni04,23.397,0.03854066666666667
Ni04,23.463,0.044117333333333335
Ni04,23.529000000000003,0.048557333333333334
Ni04,23.595,0.05285466666666667
Ni04,23.661,0.05607533333333333
Ni04,23.727000000000004,0.05884866666666667
Ni04,23.793,0.059196
Ni04,23.859,0.059116666666666665
Ni04,23.925,0.05769666666666667
Ni04,23.991,0.05556666666666667
Ni04,24.057000000000002,0.051182
Ni04,24.123,0.04685
Ni04,24.189,0.041995333333333336
Ni04,24.255000000000003,0.03667733333333333
Ni04,24.321,0.030832666666666668
Ni04,24.387,0.025760666666666668
Ni04,24.453000000000003,0.020769333333333334
Ni04,24.519,0.016566
Ni04,24.585,0.012595333333333333
Ni04,24.651000000000003,0.009425333333333334
Ni04,24.717,0.006882
Ni04,24.783,0.00492
Ni04,24.849000000000004,0.0032933333333333334
Ni04,24.915,0.002157333333333333
Ni04,24.981,0.001464
Ni04,25.047000000000004,0.0009073333333333333
Ni04,25.113,0.0005513333333333334
Ni04,25.179000000000002,0.000338
Ni04,25.245,0.000182
Ni04,25.311,0.000104
Ni04,25.377000000000002,7.4e-05
Ni04,25.443,3.933333333333333e-05
Ni04,25.509,2.0666666666666666e-05
Ni04,25.575000000000003,7.333333333333333e-06
Ni04,25.641,4e-06
Ni04,25.707,1.3333333333333334e-06
Ni04,25.773000000000003,2.666666666666667e-06
Ir04,20.823,1e-06
Ir04,20.889000000000003,2.5e-06
Ir04,20.955,5e-06
Ir04,21.021,5e-06
Ir04,21.087000000000003,9.5e-06
Ir04,21.153,1.2e-05
Ir04,21.219,3.45e-05
Ir04,21.285000000000004,5.6e-05
Ir04,21.351,0.0001205
Ir04,21.417,0.0001815
Ir04,21.483,0.0003035
Ir04,21.549,0.000452
Ir04,21.615000000000002,0.000744
Ir04,21.681,0.0011335
Ir04,21.747,0.001638
Ir04,21.813000000000002,0.0022915
Ir04,21.879,0.0033535
Ir04,21.945,0.0046735
Ir04,22.011000000000003,0.0062895
Ir04,22.076999999999998,0.008093
Ir04,22.143,0.010494
Ir04,22.209000000000003,0.013451
Ir04,22.275,0.0162505
Ir04,22.341,0.0195995
Ir04,22.407000000000004,0.023023
Ir04,22.473,0.026677
Ir04,22.539,0.0304795
Ir04,22.605000000000004,0.0337535
Ir04,22.671,0.036828
Ir04,22.737000000000002,0.039909
Ir04,22.803,0.042753
Ir04,22.869,0.0446745
Ir04,22.935000000000002,0.046124
Ir04,23.001,0.0471875
Ir04,23.067,0.047892
Ir04,23.133000000000003,0.048087
Ir04,23.198999999999998,0.047061
Ir04,23.265,0.046163
Ir04,23.331000000000003,0.0445155
Ir04,23.397,0.0422705
Ir04,23.463,0.039881
Ir04,23.529000000000003,0.036152
Ir04,23.595,0.0330005
Ir04,23.661,0.029388
Ir04,23.727000000000004,0.0256835
Ir04,23.793,0.021769
Ir04,23.859,0.0181745
Ir04,23.925,0.014912
Ir04,23.991,0.01197
Ir04,24.057000000000002,0.009176
Ir04,24.123,0.0069665
Ir04,24.189,0.005216
Ir04,24.255000000000003,0.003753
Ir04,24.321,0.0025705
Ir04,24.387,0.001752
Ir04,24.453000000000003,0.0011365
Ir04,24.519,0.000762
Ir04,24.585,0.0004725
Ir04,24.651000000000003,0.000284
Ir04,24.717,0.000166
Ir04,24.783,8.65e-05
Ir04,24.849000000000004,5.75e-05
Ir04,24.915,3.95e-05
Ir04,24.981,2.05e-05
Ir04,25.047000000000004,1e-05
Ir04,25.113,3.5e-06
Ir04,25.179000000000002,1.5e-06
Ir04,25.245,0.0
Cu04,20.229,1.3333333333333334e-06
Cu04,20.295,3.3333333333333333e-06
Cu04,20.361,6.666666666666667e-06
Cu04,20.427,6e-06
Cu04,20.493000000000002,1.3333333333333333e-05
Cu04,20.559,1.4666666666666666e-05
Cu04,20.625,4.2e-05
Cu04,20.691000000000003,6.466666666666666e-05
Cu04,20.757,0.00013733333333333333
Cu04,20.823,0.00021466666666666666
Cu04,20.889000000000003,0.0003586666666666667
Cu04,20.955,0.00055
Cu04,21.021,0.000868
Cu04,21.087000000000003,0.0013873333333333333
Cu04,21.153,0.00197
Cu04,21.219,0.002736
Cu04,21.285000000000004,0.004102666666666667
Cu04,21.351,0.005800666666666667
Cu04,21.417,0.007606
Cu04,21.483,0.010153333333333334
Cu04,21.549,0.013092
Cu04,21.615000000000002,0.016764666666666667
Cu04,21.681,0.020704
Cu04,21.747,0.025034
Cu04,21.813000000000002,0.029584666666666665
Cu04,21.879,0.03457466666666666
Cu04,21.945,0.03954
Cu04,22.011000000000003,0.04380133333333333
Cu04,22.076999999999998,0.047907333333333336
Cu04,22.143,0.05151
Cu04,22.209000000000003,0.054654
Cu04,22.275,0.056072
Cu04,22.341,0.056286666666666665
Cu04,22.407000000000004,0.056211333333333335
Cu04,22.473,0.05470733333333333
Cu04,22.539,0.05263466666666667
Cu04,22.605000000000004,0.04869266666666667
Cu04,22.671,0.04471733333333333
Cu04,22.737000000000002,0.04033266666666667
Cu04,22.803,0.035644666666666665
Cu04,22.869,0.030330666666666665
Cu04,22.935000000000002,0.025552
Cu04,23.001,0.020998
Cu04,23.067,0.016917333333333333
Cu04,23.133000000000003,0.013228
Cu04,23.198999999999998,0.010126
Cu04,23.265,0.00747
Cu04,23.331000000000003,0.00553
Cu04,23.397,0.0038673333333333333
Cu04,23.463,0.002654
Cu04,23.529000000000003,0.00176
Cu04,23.595,0.0011753333333333334
Cu04,23.661,0.0007546666666666666
Cu04,23.727000000000004,0.00047
Cu04,23.793,0.00029066666666666667
Cu04,23.859,0.00013866666666666666
Cu04,23.925,9.4e-05
Cu04,23.991,7e-05
Cu04,24.057000000000002,3.6e-05
Cu04,24.123,1.8e-05
Cu04,24.189,7.333333333333333e-06
Cu04,24.255000000000003,4e-06
Cu04,24.321,1.3333333333333334e-06
Cu04,24.387,2.666666666666667e-06
Ni05,19.569000000000003,1.3333333333333334e-06
Ni05,19.634999999999998,1.3333333333333334e-06
Ni05,19.701,6e-06
Ni05,19.767000000000003,6.666666666666667e-06
Ni05,19.833,7.333333333333333e-06
Ni05,19.899,1.0666666666666667e-05
Ni05,19.965000000000003,2.4e-05
Ni05,20.031,4.4e-05
Ni05,20.097,8.2e-05
Ni05,20.163000000000004,0.00016133333333333334
Ni05,20.229,0.00024066666666666667
Ni05,20.295,0.00039066666666666666
Ni05,20.361,0.0005793333333333333
Ni05,20.427,0.0009226666666666667
Ni05,20.493000000000002,0.0014326666666666667
Ni05,20.559,0.0020306666666666667
Ni05,20.625,0.002782666666666667
Ni05,20.691000000000003,0.00412
Ni05,20.757,0.005772666666666666
Ni05,20.823,0.007496666666666666
Ni05,20.889000000000003,0.009934666666666666
Ni05,20.955,0.012756666666666666
Ni05,21.021,0.016160666666666667
Ni05,21.087000000000003,0.019925333333333333
Ni05,21.153,0.024032666666666667
Ni05,21.219,0.028209333333333333
Ni05,21.285000000000004,0.03285933333333333
Ni05,21.351,0.037904
Ni05,21.417,0.041696
Ni05,21.483,0.045766666666666664
Ni05,21.549,0.04919133333333333
Ni05,21.615000000000002,0.051990666666666664
Ni05,21.681,0.05422133333333334
Ni05,21.747,0.054629333333333335
Ni05,21.813000000000002,0.05485866666666667
Ni05,21.879,0.05380466666666667
Ni05,21.945,0.052290666666666666
Ni05,22.011000000000003,0.049128
Ni05,22.076999999999998,0.04543666666666667
Ni05,22.143,0.04159466666666667
Ni05,22.209000000000003,0.037108
Ni05,22.275,0.032368666666666664
Ni05,22.341,0.027606666666666668
Ni05,22.407000000000004,0.023158666666666668
Ni05,22.473,0.019033333333333333
Ni05,22.539,0.015351333333333333
Ni05,22.605000000000004,0.011818
Ni05,22.671,0.009034666666666667
Ni05,22.737000000000002,0.006808666666666667
Ni05,22.803,0.004975333333333333
Ni05,22.869,0.0034493333333333333
Ni05,22.935000000000002,0.002415333333333333
Ni05,23.001,0.001582
Ni05,23.067,0.001066
Ni05,23.133000000000003,0.000664
Ni05,23.198999999999998,0.00044133333333333335
Ni05,23.265,0.00027
Ni05,23.331000000000003,0.00012466666666666667
Ni05,23.397,8.4e-05
Ni05,23.463,6.733333333333333e-05
Ni05,23.529000000000003,3.4666666666666665e-05
Ni05,23.595,1.6666666666666667e-05
Ni05,23.661,7.333333333333333e-06
Ni05,23.727000000000004,4e-06
Ni05,23.793,1.3333333333333334e-06
Ni05,23.859,2.666666666666667e-06
Ir05,18.579,8e-07
Ir05,18.645000000000003,2.4e-06
Ir05,18.711,3.6e-06
Ir05,18.777,3.6e-06
Ir05,18.843000000000004,7.2e-06
Ir05,18.909,1e-05
Ir05,18.975,2.2e-05
Ir05,19.041000000000004,2.68e-05
Ir05,19.107,7.28e-05
Ir05,19.173000000000002,0.0001104
Ir05,19.239,0.0001788
Ir05,19.305,0.0002772
Ir05,19.371000000000002,0.000424
Ir05,19.437,0.0006652
Ir05,19.503,0.0009704
Ir05,19.569000000000003,0.0013656
Ir05,19.634999999999998,0.0018676
Ir05,19.701,0.0028
Ir05,19.767000000000003,0.0037576
Ir05,19.833,0.0049456
Ir05,19.899,0.006496
Ir05,19.965000000000003,0.0084552
Ir05,20.031,0.0106092
Ir05,20.097,0.0130644
Ir05,20.163000000000004,0.0158372
Ir05,20.229,0.019
Ir05,20.295,0.0220996
Ir05,20.361,0.0254528
Ir05,20.427,0.0289712
Ir05,20.493000000000002,0.0320988
Ir05,20.559,0.0352752
Ir05,20.625,0.0381856
Ir05,20.691000000000003,0.0408272
Ir05,20.757,0.04313
Ir05,20.823,0.0443292
Ir05,20.889000000000003,0.0462312
Ir05,20.955,0.04644
Ir05,21.021,0.0467884
Ir05,21.087000000000003,0.0463744
Ir05,21.153,0.0457156
Ir05,21.219,0.0438736
Ir05,21.285000000000004,0.041846
Ir05,21.351,0.039656
Ir05,21.417,0.0367352
Ir05,21.483,0.0336416
Ir05,21.549,0.0299408
Ir05,21.615000000000002,0.026766
Ir05,21.681,0.0230684
Ir05,21.747,0.0196792
Ir05,21.813000000000002,0.0164448
Ir05,21.879,0.013508
Ir05,21.945,0.0107624
Ir05,22.011000000000003,0.0085684
Ir05,22.076999999999998,0.0065056
Ir05,22.143,0.0048424
Ir05,22.209000000000003,0.0035812
Ir05,22.275,0.0025716
Ir05,22.341,0.0017544
Ir05,22.407000000000004,0.0011864
Ir05,22.473,0.00084
Ir05,22.539,0.0005028
Ir05,22.605000000000004,0.0003216
Ir05,22.671,0.0002176
Ir05,22.737000000000002,0.0001168
Ir05,22.803,6.92e-05
Ir05,22.869,4.52e-05
Ir05,22.935000000000002,3.04e-05
Ir05,23.001,1.56e-05
Ir05,23.067,8e-06
Ir05,23.133000000000003,4.4e-06
Ir05,23.198999999999998,4e-07
Ir05,23.265,8e-07
Ir05,23.331000000000003,1.6e-06
Cu05,17.919,1.3333333333333334e-06
Cu05,17.985,3.3333333333333333e-06
Cu05,18.051000000000002,5.333333333333334e-06
Cu05,18.117,5.333333333333334e-06
Cu05,18.183,1e-05
Cu05,18.249000000000002,9.333333333333333e-06
Cu05,18.315,2.8e-05
Cu05,18.381,4e-05
Cu05,18.447000000000003,8.066666666666667e-05
Cu05,18.512999999999998,0.000158
Cu05,18.579,0.000216
Cu05,18.645000000000003,0.000364
Cu05,18.711,0.0005173333333333333
Cu05,18.777,0.0007886666666666667
Cu05,18.843000000000004,0.0012686666666666666
Cu05,18.909,0.0016753333333333334
Cu05,18.975,0.002386
Cu05,19.041000000000004,0.003324
Cu05,19.107,0.004665333333333333
Cu05,19.173000000000002,0.006208666666666667
Cu05,19.239,0.008151333333333333
Cu05,19.305,0.010211333333333333
Cu05,19.371000000000002,0.01332
Cu05,19.437,0.016304
Cu05,19.503,0.019887333333333333
Cu05,19.569000000000003,0.023560666666666667
Cu05,19.634999999999998,0.027522666666666668
Cu05,19.701,0.031746
Cu05,19.767000000000003,0.036302
Cu05,19.833,0.039904666666666665
Cu05,19.899,0.043341333333333336
Cu05,19.965000000000003,0.04687466666666667
Cu05,20.031,0.04925266666666667
Cu05,20.097,0.051634
Cu05,20.163000000000004,0.052392
Cu05,20.229,0.05234866666666667
Cu05,20.295,0.05207733333333334
Cu05,20.361,0.05041
Cu05,20.427,0.048536666666666665
Cu05,20.493000000000002,0.044958
Cu05,20.559,0.041586
Cu05,20.625,0.037786
Cu05,20.691000000000003,0.033666
Cu05,20.757,0.029378
Cu05,20.823,0.024746666666666667
Cu05,20.889000000000003,0.020966
Cu05,20.955,0.017097333333333332
Cu05,21.021,0.01386
Cu05,21.087000000000003,0.010907333333333333
Cu05,21.153,0.008341333333333333
Cu05,21.219,0.006292
Cu05,21.285000000000004,0.004742666666666667
Cu05,21.351,0.003281333333333333
Cu05,21.417,0.002332
Cu05,21.483,0.0015773333333333334
Cu05,21.549,0.0010746666666666667
Cu05,21.615000000000002,0.0007166666666666667
Cu05,21.681,0.00046
Cu05,21.747,0.000274
Cu05,21.813000000000002,0.00016333333333333334
Cu05,21.879,0.00010066666666666667
Cu05,21.945,7.133333333333334e-05
Cu05,22.011000000000003,4.066666666666667e-05
Cu05,22.076999999999998,2.1333333333333335e-05
Cu05,22.143,1.6e-05
Cu05,22.209000000000003,4.666666666666666e-06
Cu05,22.275,6.666666666666667e-07
Cu05,22.341,1.3333333333333334e-06
Cu05,22.407000000000004,2.666666666666667e-06
Ni06,17.192999999999998,1e-06
Ni06,17.259,2.5e-06
Ni06,17.325000000000003,3e-06
Ni06,17.391,6e-06
Ni06,17.457,6.5e-06
Ni06,17.523000000000003,8.5e-06
Ni06,17.589,1.85e-05
Ni06,17.655,3.25e-05
Ni06,17.721000000000004,4.9e-05
Ni06,17.787,9.5e-05
Ni06,17.853,0.000145
Ni06,17.919,0.0002435
Ni06,17.985,0.0003625
Ni06,18.051000000000002,0.000564
Ni06,18.117,0.000842
Ni06,18.183,0.001192
Ni06,18.249000000000002,0.0016895
Ni06,18.315,0.002256
Ni06,18.381,0.0033835
Ni06,18.447000000000003,0.00448
Ni06,18.512999999999998,0.0058675
Ni06,18.579,0.007698
Ni06,18.645000000000003,0.0098715
Ni06,18.711,0.012443
Ni06,18.777,0.0154325
Ni06,18.843000000000004,0.0186815
Ni06,18.909,0.0223165
Ni06,18.975,0.025972
Ni06,19.041000000000004,0.030048
Ni06,19.107,0.0343155
Ni06,19.173000000000002,0.037933
Ni06,19.239,0.041804
Ni06,19.305,0.044804
Ni06,19.371000000000002,0.0479045
Ni06,19.437,0.049859
Ni06,19.503,0.0511655
Ni06,19.569000000000003,0.051688
Ni06,19.634999999999998,0.0515845
Ni06,19.701,0.0502495
Ni06,19.767000000000003,0.0483835
Ni06,19.833,0.0460755
Ni06,19.899,0.042577
Ni06,19.965000000000003,0.038985
Ni06,20.031,0.03512
Ni06,20.097,0.031082
Ni06,20.163000000000004,0.0268015
Ni06,20.229,0.022562
Ni06,20.295,0.019175
Ni06,20.361,0.0153915
Ni06,20.427,0.0124185
Ni06,20.493000000000002,0.009858
Ni06,20.559,0.0075255
Ni06,20.625,0.0056195
Ni06,20.691000000000003,0.00416
Ni06,20.757,0.002994
Ni06,20.823,0.002099
Ni06,20.889000000000003,0.0014145
Ni06,20.955,0.001023
Ni06,21.021,0.000632
Ni06,21.087000000000003,0.000408
Ni06,21.153,0.0002685
Ni06,21.219,0.0001675
Ni06,21.285000000000004,8.9e-05
Ni06,21.351,5.4e-05
Ni06,21.417,5.05e-05
Ni06,21.483,2.4e-05
Ni06,21.549,8.5e-06
Ni06,21.615000000000002,6.5e-06
Ni06,21.681,4e-06
Ni06,21.747,1e-06
Ni06,21.813000000000002,1e-06
Ir06,16.005000000000003,6.666666666666667e-07
Ir06,16.070999999999998,0.0
Ir06,16.137,1.6666666666666667e-06
Ir06,16.203000000000003,2.666666666666667e-06
Ir06,16.269,3.3333333333333333e-06
Ir06,16.335,5.333333333333334e-06
Ir06,16.401000000000003,7.333333333333333e-06
Ir06,16.467,1.3e-05
Ir06,16.533,2e-05
Ir06,16.599000000000004,3.2e-05
Ir06,16.665,5.833333333333333e-05
Ir06,16.731,0.00010233333333333333
Ir06,16.797,0.000147
Ir06,16.863,0.00022533333333333333
Ir06,16.929000000000002,0.00034333333333333335
Ir06,16.995,0.00048466666666666667
Ir06,17.061,0.000741
Ir06,17.127000000000002,0.0009963333333333332
Ir06,17.192999999999998,0.0013746666666666666
Ir06,17.259,0.0019486666666666667
Ir06,17.325000000000003,0.002634333333333333
Ir06,17.391,0.00345
Ir06,17.457,0.004547333333333333
Ir06,17.523000000000003,0.005837
Ir06,17.589,0.007396333333333334
Ir06,17.655,0.009100666666666667
Ir06,17.721000000000004,0.011260333333333334
Ir06,17.787,0.013551333333333334
Ir06,17.853,0.015935
Ir06,17.919,0.018955
Ir06,17.985,0.021378666666666667
Ir06,18.051000000000002,0.024567
Ir06,18.117,0.027391
Ir06,18.183,0.030292
Ir06,18.249000000000002,0.03307466666666667
Ir06,18.315,0.03557833333333333
Ir06,18.381,0.03786333333333333
Ir06,18.447000000000003,0.03998666666666666
Ir06,18.512999999999998,0.041489333333333336
Ir06,18.579,0.04285033333333333
Ir06,18.645000000000003,0.04347466666666667
Ir06,18.711,0.043806333333333336
Ir06,18.777,0.043955666666666664
Ir06,18.843000000000004,0.043083
Ir06,18.909,0.04210766666666667
Ir06,18.975,0.040564666666666666
Ir06,19.041000000000004,0.038835666666666664
Ir06,19.107,0.036359333333333334
Ir06,19.173000000000002,0.033892
Ir06,19.239,0.031090666666666666
Ir06,19.305,0.027962666666666667
Ir06,19.371000000000002,0.024922333333333335
Ir06,19.437,0.022008333333333335
Ir06,19.503,0.018946
Ir06,19.569000000000003,0.015850333333333334
Ir06,19.634999999999998,0.013439666666666667
Ir06,19.701,0.010861
Ir06,19.767000000000003,0.008825
Ir06,19.833,0.006920666666666667
Ir06,19.899,0.005388666666666667
Ir06,19.965000000000003,0.004080333333333333
Ir06,20.031,0.0030123333333333334
Ir06,20.097,0.002202
Ir06,20.163000000000004,0.0015863333333333333
Ir06,20.229,0.0010483333333333334
Ir06,20.295,0.000753
Ir06,20.361,0.0005133333333333333
Ir06,20.427,0.00031866666666666664
Ir06,20.493000000000002,0.000203
Ir06,20.559,0.00014066666666666668
Ir06,20.625,7.166666666666667e-05
Ir06,20.691000000000003,4.933333333333333e-05
Ir06,20.757,3.433333333333333e-05
Ir06,20.823,2.4e-05
Ir06,20.889000000000003,9.666666666666667e-06
Ir06,20.955,5e-06
Ir06,21.021,3.6666666666666666e-06
Ir06,21.087000000000003,1e-06
Ir06,21.153,6.666666666666667e-07
Ir06,21.219,1.3333333333333334e-06
Cu06,15.345,1e-06
Cu06,15.411000000000001,2.5e-06
Cu06,15.477,3e-06
Cu06,15.543000000000001,6e-06
Cu06,15.609000000000002,5.5e-06
Cu06,15.675,9.5e-06
Cu06,15.741,1.5e-05
Cu06,15.807,2.9e-05
Cu06,15.873000000000001,3.35e-05
Cu06,15.939,7.85e-05
Cu06,16.005000000000003,0.0001265
Cu06,16.070999999999998,0.0001745
Cu06,16.137,0.0002755
Cu06,16.203000000000003,0.000389
Cu06,16.269,0.0005955
Cu06,16.335,0.000893
Cu06,16.401000000000003,0.001196
Cu06,16.467,0.0016985
Cu06,16.533,0.002169
Cu06,16.599000000000004,0.003213
Cu06,16.665,0.0041675
Cu06,16.731,0.0054165
Cu06,16.797,0.007094
Cu06,16.863,0.008825
Cu06,16.929000000000002,0.011283
Cu06,16.995,0.0135135
Cu06,17.061,0.016612
Cu06,17.127000000000002,0.019808
Cu06,17.192999999999998,0.0229985
Cu06,17.259,0.0269625
Cu06,17.325000000000003,0.0301525
Cu06,17.391,0.034271
Cu06,17.457,0.0375535
Cu06,17.523000000000003,0.040813
Cu06,17.589,0.0437395
Cu06,17.655,0.0463045
Cu06,17.721000000000004,0.0480325
Cu06,17.787,0.049168
Cu06,17.853,0.0494095
Cu06,17.919,0.0494075
Cu06,17.985,0.0481515
Cu06,18.051000000000002,0.046498
Cu06,18.117,0.044205
Cu06,18.183,0.0413475
Cu06,18.249000000000002,0.037803
Cu06,18.315,0.0342585
Cu06,18.381,0.0308125
Cu06,18.447000000000003,0.026717
Cu06,18.512999999999998,0.0228345
Cu06,18.579,0.0195555
Cu06,18.645000000000003,0.0160575
Cu06,18.711,0.0133065
Cu06,18.777,0.010502
Cu06,18.843000000000004,0.0083695
Cu06,18.909,0.0064215
Cu06,18.975,0.004764
Cu06,19.041000000000004,0.0036725
Cu06,19.107,0.002561
Cu06,19.173000000000002,0.0018735
Cu06,19.239,0.0012455
Cu06,19.305,0.000921
Cu06,19.371000000000002,0.0006175
Cu06,19.437,0.0003765
Cu06,19.503,0.000253
Cu06,19.569000000000003,0.0001635
Cu06,19.634999999999998,0.000101
Cu06,19.701,5.75e-05
Cu06,19.767000000000003,5e-05
Cu06,19.833,2.65e-05
Cu06,19.899,1.45e-05
Cu06,19.965000000000003,5.5e-06
Cu06,20.031,5.5e-06
Cu06,20.097,1.5e-06
Cu06,20.163000000000004,1e-06
Cu06,20.229,2e-06
Ni07,14.487000000000002,8e-07
Ni07,14.553,0.0
Ni07,14.619,2.4e-06
Ni07,14.685,4.4e-06
Ni07,14.751000000000001,2.4e-06
Ni07,14.817,7.2e-06
Ni07,14.883000000000001,8.8e-06
Ni07,14.949000000000002,1.12e-05
Ni07,15.015,2.72e-05
Ni07,15.081,2.84e-05
Ni07,15.147000000000002,6.84e-05
Ni07,15.213000000000001,0.000106
Ni07,15.279,0.0001348
Ni07,15.345,0.00023
Ni07,15.411000000000001,0.000346
Ni07,15.477,0.0004572
Ni07,15.543000000000001,0.000708
Ni07,15.609000000000002,0.000986
Ni07,15.675,0.0013092
Ni07,15.741,0.0018024
Ni07,15.807,0.0024976
Ni07,15.873000000000001,0.0032644
Ni07,15.939,0.0043152
Ni07,16.005000000000003,0.0056152
Ni07,16.070999999999998,0.007034
Ni07,16.137,0.008856
Ni07,16.203000000000003,0.0110144
Ni07,16.269,0.0134892
Ni07,16.335,0.0159776
Ni07,16.401000000000003,0.0190392
Ni07,16.467,0.0222176
Ni07,16.533,0.0253428
Ni07,16.599000000000004,0.028866
Ni07,16.665,0.0323836
Ni07,16.731,0.0354736
Ni07,16.797,0.0386928
Ni07,16.863,0.0414544
Ni07,16.929000000000002,0.0437892
Ni07,16.995,0.045714
Ni07,17.061,0.0471492
Ni07,17.127000000000002,0.0474972
Ni07,17.192999999999998,0.0477792
Ni07,17.259,0.0472368
Ni07,17.325000000000003,0.0454636
Ni07,17.391,0.0440916
Ni07,17.457,0.0413264
Ni07,17.523000000000003,0.0388136
Ni07,17.589,0.0354184
Ni07,17.655,0.031898
Ni07,17.721000000000004,0.0286396
Ni07,17.787,0.0250284
Ni07,17.853,0.021344
Ni07,17.919,0.0182516
Ni07,17.985,0.0152204
Ni07,18.051000000000002,0.0125288
Ni07,18.117,0.0100716
Ni07,18.183,0.0079796
Ni07,18.249000000000002,0.0061916
Ni07,18.315,0.0047248
Ni07,18.381,0.0035508
Ni07,18.447000000000003,0.0025868
Ni07,18.512999999999998,0.0018716
Ni07,18.579,0.0013132
Ni07,18.645000000000003,0.0009264
Ni07,18.711,0.000644
Ni07,18.777,0.0004156
Ni07,18.843000000000004,0.0002768
Ni07,18.909,0.000172
Ni07,18.975,0.0001172
Ni07,19.041000000000004,7.28e-05
Ni07,19.107,4.8e-05
Ni07,19.173000000000002,3.24e-05
Ni07,19.239,1.92e-05
Ni07,19.305,8.8e-06
Ni07,19.371000000000002,4.4e-06
Ni07,19.437,4e-06
Ni07,19.503,1.6e-06
Ni07,19.569000000000003,0.0
Ni07,19.634999999999998,1.6e-06
Ir07,13.167000000000002,5.714285714285714e-07
Ir07,13.233,0.0
Ir07,13.299,1.4285714285714286e-06
Ir07,13.365000000000002,1.7142857142857143e-06
Ir07,13.431000000000001,3.4285714285714285e-06
Ir07,13.497,2.5714285714285716e-06
Ir07,13.563,6.5714285714285714e-06
Ir07,13.629000000000001,5.428571428571429e-06
Ir07,13.695,1.0571428571428572e-05
Ir07,13.761000000000001,1.9428571428571427e-05
Ir07,13.827000000000002,2.6e-05
Ir07,13.893,4.6285714285714284e-05
Ir07,13.959,7.657142857142857e-05
Ir07,14.025,0.000102
Ir07,14.091000000000001,0.00015628571428571427
Ir07,14.157,0.00023257142857142858
Ir07,14.223,0.00030657142857142857
Ir07,14.289000000000001,0.0004517142857142857
Ir07,14.355,0.0006331428571428572
Ir07,14.421,0.0008388571428571428
Ir07,14.487000000000002,0.0011128571428571429
Ir07,14.553,0.0015402857142857143
Ir07,14.619,0.0020154285714285712
Ir07,14.685,0.0026034285714285716
Ir07,14.751000000000001,0.003353714285714286
Ir07,14.817,0.0042785714285714285
Ir07,14.883000000000001,0.005270857142857143
Ir07,14.949000000000002,0.0065551428571428575
Ir07,15.015,0.008021714285714287
Ir07,15.081,0.009595714285714286
Ir07,15.147000000000002,0.011421142857142857
Ir07,15.213000000000001,0.013424
Ir07,15.279,0.015565714285714285
Ir07,15.345,0.017664
Ir07,15.411000000000001,0.020228285714285716
Ir07,15.477,0.022623142857142856
Ir07,15.543000000000001,0.024832285714285713
Ir07,15.609000000000002,0.027383714285714286
Ir07,15.675,0.029644
Ir07,15.741,0.03179771428571428
Ir07,15.807,0.03378742857142857
Ir07,15.873000000000001,0.03564885714285714
Ir07,15.939,0.037038857142857144
Ir07,16.005000000000003,0.03832342857142857
Ir07,16.070999999999998,0.039270285714285716
Ir07,16.137,0.03970828571428572
Ir07,16.203000000000003,0.040084
Ir07,16.269,0.039985428571428575
Ir07,16.335,0.03937342857142857
Ir07,16.401000000000003,0.03859942857142857
Ir07,16.467,0.037372857142857145
Ir07,16.533,0.035872857142857144
Ir07,16.599000000000004,0.034089714285714286
Ir07,16.665,0.032117428571428575
Ir07,16.731,0.029651714285714285
Ir07,16.797,0.027412
Ir07,16.863,0.024899714285714285
Ir07,16.929000000000002,0.02214057142857143
Ir07,16.995,0.019753714285714284
Ir07,17.061,0.017285714285714286
Ir07,17.127000000000002,0.014681142857142858
Ir07,17.192999999999998,0.012546
Ir07,17.259,0.010526285714285714
Ir07,17.325000000000003,0.008640285714285715
Ir07,17.391,0.006997428571428571
Ir07,17.457,0.005589142857142857
Ir07,17.523000000000003,0.004396
Ir07,17.589,0.003385142857142857
Ir07,17.655,0.0025428571428571427
Ir07,17.721000000000004,0.0018957142857142857
Ir07,17.787,0.0013931428571428571
Ir07,17.853,0.0009802857142857144
Ir07,17.919,0.0007014285714285714
Ir07,17.985,0.0004937142857142857
Ir07,18.051000000000002,0.0003442857142857143
Ir07,18.117,0.00020914285714285715
Ir07,18.183,0.00015057142857142857
Ir07,18.249000000000002,9.4e-05
Ir07,18.315,5.714285714285714e-05
Ir07,18.381,3.942857142857143e-05
Ir07,18.447000000000003,2.8857142857142858e-05
Ir07,18.512999999999998,1.742857142857143e-05
Ir07,18.579,9.714285714285713e-06
Ir07,18.645000000000003,5.428571428571429e-06
Ir07,18.711,1.7142857142857143e-06
Ir07,18.777,1.7142857142857143e-06
Ir07,18.843000000000004,1.1428571428571428e-06
Ir07,18.909,5.714285714285714e-07
Cu07,12.375,8e-07
Cu07,12.441,1.2e-06
Cu07,12.507000000000001,2.4e-06
Cu07,12.573,3.2e-06
Cu07,12.639,3.2e-06
Cu07,12.705000000000002,7.2e-06
Cu07,12.771,7.2e-06
Cu07,12.837,9.2e-06
Cu07,12.903,1.8e-05
Cu07,12.969000000000001,2.84e-05
Cu07,13.035,4.04e-05
Cu07,13.101,6.84e-05
Cu07,13.167000000000002,0.0001092
Cu07,13.233,0.0001548
Cu07,13.299,0.0002172
Cu07,13.365000000000002,0.000324
Cu07,13.431000000000001,0.0004372
Cu07,13.497,0.0006132
Cu07,13.563,0.0008784
Cu07,13.629000000000001,0.0011308
Cu07,13.695,0.0014844
Cu07,13.761000000000001,0.0020208
Cu07,13.827000000000002,0.0026772
Cu07,13.893,0.0034328
Cu07,13.959,0.0043692
Cu07,14.025,0.0056244
Cu07,14.091000000000001,0.0068688
Cu07,14.157,0.0085032
Cu07,14.223,0.0104188
Cu07,14.289000000000001,0.0124928
Cu07,14.355,0.0147808
Cu07,14.421,0.0174544
Cu07,14.487000000000002,0.020092
Cu07,14.553,0.0229848
Cu07,14.619,0.025954
Cu07,14.685,0.0290764
Cu07,14.751000000000001,0.0321912
Cu07,14.817,0.0346916
Cu07,14.883000000000001,0.0375828
Cu07,14.949000000000002,0.0399508
Cu07,15.015,0.0416852
Cu07,15.081,0.0435072
Cu07,15.147000000000002,0.0446812
Cu07,15.213000000000001,0.044732
Cu07,15.279,0.045166
Cu07,15.345,0.0444336
Cu07,15.411000000000001,0.0429576
Cu07,15.477,0.0417612
Cu07,15.543000000000001,0.0395056
Cu07,15.609000000000002,0.037008
Cu07,15.675,0.0341852
Cu07,15.741,0.0312916
Cu07,15.807,0.0281392
Cu07,15.873000000000001,0.0250656
Cu07,15.939,0.0216428
Cu07,16.005000000000003,0.018868
Cu07,16.070999999999998,0.0159768
Cu07,16.137,0.0133856
Cu07,16.203000000000003,0.011126
Cu07,16.269,0.0089544
Cu07,16.335,0.0072404
Cu07,16.401000000000003,0.0056316
Cu07,16.467,0.004374
Cu07,16.533,0.0033456
Cu07,16.599000000000004,0.00245
Cu07,16.665,0.001856
Cu07,16.731,0.00132
Cu07,16.797,0.0009568
Cu07,16.863,0.0006828
Cu07,16.929000000000002,0.0004628
Cu07,16.995,0.0002964
Cu07,17.061,0.0002148
Cu07,17.127000000000002,0.0001348
Cu07,17.192999999999998,8.92e-05
Cu07,17.259,5.76e-05
Cu07,17.325000000000003,4.68e-05
Cu07,17.391,2.48e-05
Cu07,17.457,1.68e-05
Cu07,17.523000000000003,7.2e-06
Cu07,17.589,5.2e-06
Cu07,17.655,3.2e-06
Cu07,17.721000000000004,2.4e-06
Cu07,17.787,0.0
Cu07,17.853,1.6e-06
Ni08,11.451,6.666666666666667e-07
Ni08,11.517,1e-06
Ni08,11.583,2.666666666666667e-06
Ni08,11.649000000000001,2e-06
Ni08,11.715,3e-06
Ni08,11.781,7e-06
Ni08,11.847000000000001,5.333333333333334e-06
Ni08,11.913,6.666666666666667e-06
Ni08,11.979,1.6666666666666667e-05
Ni08,12.045000000000002,1.9333333333333333e-05
Ni08,12.111,2.5e-05
Ni08,12.177,4.6e-05
Ni08,12.243,8.266666666666667e-05
Ni08,12.309000000000001,9.866666666666666e-05
Ni08,12.375,0.00015833333333333332
Ni08,12.441,0.00022833333333333334
Ni08,12.507000000000001,0.0002916666666666667
Ni08,12.573,0.000421
Ni08,12.639,0.0005916666666666667
Ni08,12.705000000000002,0.000783
Ni08,12.771,0.0010416666666666667
Ni08,12.837,0.0013793333333333333
Ni08,12.903,0.0017626666666666667
Ni08,12.969000000000001,0.002379333333333333
Ni08,13.035,0.0030353333333333335
Ni08,13.101,0.003801
Ni08,13.167000000000002,0.004838333333333333
Ni08,13.233,0.005934
Ni08,13.299,0.007330333333333334
Ni08,13.365000000000002,0.008944
Ni08,13.431000000000001,0.010679
Ni08,13.497,0.012601
Ni08,13.563,0.014923333333333334
Ni08,13.629000000000001,0.017191
Ni08,13.695,0.019827
Ni08,13.761000000000001,0.022486666666666665
Ni08,13.827000000000002,0.025064333333333334
Ni08,13.893,0.028136333333333333
Ni08,13.959,0.030638666666666668
Ni08,14.025,0.033263666666666664
Ni08,14.091000000000001,0.035818333333333334
Ni08,14.157,0.037736
Ni08,14.223,0.03995066666666667
Ni08,14.289000000000001,0.04137866666666667
Ni08,14.355,0.042286333333333335
Ni08,14.421,0.043135
Ni08,14.487000000000002,0.042882
Ni08,14.553,0.043130666666666664
Ni08,14.619,0.04170533333333333
Ni08,14.685,0.040642333333333336
Ni08,14.751000000000001,0.03895266666666666
Ni08,14.817,0.036659
Ni08,14.883000000000001,0.03446266666666667
Ni08,14.949000000000002,0.03168066666666667
Ni08,15.015,0.029185666666666665
Ni08,15.081,0.025882333333333334
Ni08,15.147000000000002,0.023152
Ni08,15.213000000000001,0.020249666666666666
Ni08,15.279,0.017499333333333332
Ni08,15.345,0.015043
Ni08,15.411000000000001,0.012525
Ni08,15.477,0.010548
Ni08,15.543000000000001,0.008559666666666667
Ni08,15.609000000000002,0.0068446666666666664
Ni08,15.675,0.005521333333333333
Ni08,15.741,0.004233666666666667
Ni08,15.807,0.0033496666666666666
Ni08,15.873000000000001,0.002476
Ni08,15.939,0.001877
Ni08,16.005000000000003,0.001344
Ni08,16.070999999999998,0.0009786666666666667
Ni08,16.137,0.0007333333333333333
Ni08,16.203000000000003,0.000491
Ni08,16.269,0.0003516666666666667
Ni08,16.335,0.00022733333333333332
Ni08,16.401000000000003,0.00015333333333333334
Ni08,16.467,0.00010366666666666666
Ni08,16.533,7.266666666666667e-05
Ni08,16.599000000000004,4.266666666666667e-05
Ni08,16.665,3.933333333333333e-05
Ni08,16.731,2.0333333333333334e-05
Ni08,16.797,1.0333333333333333e-05
Ni08,16.863,6e-06
Ni08,16.929000000000002,4.666666666666666e-06
Ni08,16.995,1.3333333333333334e-06
Ni08,17.061,2e-06
Ni08,17.127000000000002,6.666666666666667e-07
Ni08,17.192999999999998,1.3333333333333334e-06
Ir08,9.867,4e-07
Ir08,9.933,4e-07
Ir08,9.999,1e-06
Ir08,10.065000000000001,1.2e-06
Ir08,10.131,1.8e-06
Ir08,10.197,2.4e-06
Ir08,10.263000000000002,3.4e-06
Ir08,10.329,4.6e-06
Ir08,10.395,5.8e-06
Ir08,10.461,8e-06
Ir08,10.527000000000001,1.22e-05
Ir08,10.593,1.48e-05
Ir08,10.659,2.7e-05
Ir08,10.725000000000001,4.34e-05
Ir08,10.791,5.98e-05
Ir08,10.857,8.5e-05
Ir08,10.923000000000002,0.0001088
Ir08,10.989,0.0001574
Ir08,11.055,0.0002064
Ir08,11.121,0.0002916
Ir08,11.187000000000001,0.0003908
Ir08,11.253,0.0005034
Ir08,11.319,0.000655
Ir08,11.385000000000002,0.0008572
Ir08,11.451,0.0010864
Ir08,11.517,0.001436
Ir08,11.583,0.0017576
Ir08,11.649000000000001,0.0022416
Ir08,11.715,0.0027964
Ir08,11.781,0.0034182
Ir08,11.847000000000001,0.0041624
Ir08,11.913,0.0050244
Ir08,11.979,0.006024
Ir08,12.045000000000002,0.007143
Ir08,12.111,0.0084122
Ir08,12.177,0.0097898
Ir08,12.243,0.0112212
Ir08,12.309000000000001,0.0128276
Ir08,12.375,0.0146046
Ir08,12.441,0.0162966
Ir08,12.507000000000001,0.0182704
Ir08,12.573,0.020033
Ir08,12.639,0.0219466
Ir08,12.705000000000002,0.0238436
Ir08,12.771,0.0255718
Ir08,12.837,0.027535
Ir08,12.903,0.0291188
Ir08,12.969000000000001,0.0306274
Ir08,13.035,0.0320416
Ir08,13.101,0.0330202
Ir08,13.167000000000002,0.034204
Ir08,13.233,0.0347084
Ir08,13.299,0.0355208
Ir08,13.365000000000002,0.0357118
Ir08,13.431000000000001,0.035659
Ir08,13.497,0.03544
Ir08,13.563,0.0347454
Ir08,13.629000000000001,0.0342248
Ir08,13.695,0.0330138
Ir08,13.761000000000001,0.032042
Ir08,13.827000000000002,0.030415
Ir08,13.893,0.0288402
Ir08,13.959,0.0271268
Ir08,14.025,0.0250006
Ir08,14.091000000000001,0.0232478
Ir08,14.157,0.0209724
Ir08,14.223,0.0191724
Ir08,14.289000000000001,0.0169786
Ir08,14.355,0.0150682
Ir08,14.421,0.0130816
Ir08,14.487000000000002,0.0113372
Ir08,14.553,0.0097288
Ir08,14.619,0.0081186
Ir08,14.685,0.0067904
Ir08,14.751000000000001,0.0055932
Ir08,14.817,0.004539
Ir08,14.883000000000001,0.0035968
Ir08,14.949000000000002,0.0028912
Ir08,15.015,0.002193
Ir08,15.081,0.0017388
Ir08,15.147000000000002,0.0012592
Ir08,15.213000000000001,0.0009578
Ir08,15.279,0.0007052
Ir08,15.345,0.0005176
Ir08,15.411000000000001,0.0003696
Ir08,15.477,0.0002534
Ir08,15.543000000000001,0.0001764
Ir08,15.609000000000002,0.0001186
Ir08,15.675,8.84e-05
Ir08,15.741,4.86e-05
Ir08,15.807,4.24e-05
Ir08,15.873000000000001,2.3e-05
Ir08,15.939,2.16e-05
Ir08,16.005000000000003,9e-06
Ir08,16.070999999999998,7.2e-06
Ir08,16.137,3.2e-06
Ir08,16.203000000000003,2e-06
Ir08,16.269,1.2e-06
Ir08,16.335,1.2e-06
Ir08,16.401000000000003,4e-07
Ir08,16.467,8e-07
Cu08,8.811,5.714285714285714e-07
Cu08,8.877,0.0
Cu08,8.943000000000001,1.4285714285714286e-06
Cu08,9.009,2.2857142857142856e-06
Cu08,9.075,1.1428571428571428e-06
Cu08,9.141000000000002,3.714285714285714e-06
Cu08,9.207,3.142857142857143e-06
Cu08,9.273,5.428571428571429e-06
Cu08,9.339,5.142857142857143e-06
Cu08,9.405000000000001,9.142857142857142e-06
Cu08,9.471,1.3714285714285714e-05
Cu08,9.537,1.6285714285714287e-05
Cu08,9.603000000000002,1.9142857142857143e-05
Cu08,9.669,4.0857142857142855e-05
Cu08,9.735,4.942857142857143e-05
Cu08,9.801,8e-05
Cu08,9.867,0.00010342857142857143
Cu08,9.933,0.00014771428571428572
Cu08,9.999,0.00019314285714285714
Cu08,10.065000000000001,0.00025057142857142856
Cu08,10.131,0.00035228571428571427
Cu08,10.197,0.000448
Cu08,10.263000000000002,0.0006257142857142858
Cu08,10.329,0.0007802857142857143
Cu08,10.395,0.0009882857142857143
Cu08,10.461,0.0012697142857142857
Cu08,10.527000000000001,0.0016017142857142857
Cu08,10.593,0.0021125714285714285
Cu08,10.659,0.0024854285714285716
Cu08,10.725000000000001,0.003250857142857143
Cu08,10.791,0.0038794285714285714
Cu08,10.857,0.004795142857142857
Cu08,10.923000000000002,0.005722571428571428
Cu08,10.989,0.006878
Cu08,11.055,0.008299428571428572
Cu08,11.121,0.009519142857142858
Cu08,11.187000000000001,0.01143
Cu08,11.253,0.012903714285714286
Cu08,11.319,0.014971714285714286
Cu08,11.385000000000002,0.016882
Cu08,11.451,0.019245428571428573
Cu08,11.517,0.021271428571428573
Cu08,11.583,0.02363
Cu08,11.649000000000001,0.026141428571428572
Cu08,11.715,0.028014571428571427
Cu08,11.781,0.03045657142857143
Cu08,11.847000000000001,0.032231142857142854
Cu08,11.913,0.03411685714285714
Cu08,11.979,0.035944
Cu08,12.045000000000002,0.037186
Cu08,12.111,0.03830485714285714
Cu08,12.177,0.03911457142857143
Cu08,12.243,0.03926285714285714
Cu08,12.309000000000001,0.039312571428571426
Cu08,12.375,0.03898228571428571
Cu08,12.441,0.038048285714285715
Cu08,12.507000000000001,0.03702285714285714
Cu08,12.573,0.03558971428571429
Cu08,12.639,0.03378314285714286
Cu08,12.705000000000002,0.031829142857142854
Cu08,12.771,0.029811142857142856
Cu08,12.837,0.027293714285714286
Cu08,12.903,0.025116285714285716
Cu08,12.969000000000001,0.022541142857142857
Cu08,13.035,0.020115714285714285
Cu08,13.101,0.017693714285714285
Cu08,13.167000000000002,0.015450571428571428
Cu08,13.233,0.013429428571428571
Cu08,13.299,0.011323714285714286
Cu08,13.365000000000002,0.009693142857142857
Cu08,13.431000000000001,0.007937714285714286
Cu08,13.497,0.006617142857142857
Cu08,13.563,0.005303428571428572
Cu08,13.629000000000001,0.004316285714285714
Cu08,13.695,0.003340857142857143
Cu08,13.761000000000001,0.002683142857142857
Cu08,13.827000000000002,0.001988
Cu08,13.893,0.00156
Cu08,13.959,0.0011434285714285715
Cu08,14.025,0.0008668571428571428
Cu08,14.091000000000001,0.0006365714285714286
Cu08,14.157,0.00046
Cu08,14.223,0.00031428571428571427
Cu08,14.289000000000001,0.0002377142857142857
Cu08,14.355,0.00015085714285714285
Cu08,14.421,0.00011171428571428571
Cu08,14.487000000000002,7.228571428571428e-05
Cu08,14.553,5.5714285714285715e-05
Cu08,14.619,3.6285714285714285e-05
Cu08,14.685,2.8285714285714287e-05
Cu08,14.751000000000001,1.5428571428571428e-05
Cu08,14.817,9.142857142857142e-06
Cu08,14.883000000000001,6.5714285714285714e-06
Cu08,14.949000000000002,2.8571428571428573e-06
Cu08,15.015,2.8571428571428573e-06
Cu08,15.081,1.1428571428571428e-06
Cu08,15.147000000000002,1.1428571428571428e-06
Cu08,15.213000000000001,1.1428571428571428e-06
Ni09,7.623000000000001,5e-07
Ni09,7.689,0.0
Ni09,7.755000000000001,5e-07
Ni09,7.821,1.25e-06
Ni09,7.8870000000000005,1.5e-06
Ni09,7.953,2.25e-06
Ni09,8.019,2.5e-06
Ni09,8.085,3e-06
Ni09,8.151,5.5e-06
Ni09,8.217,4.5e-06
Ni09,8.283000000000001,7.5e-06
Ni09,8.349,1.075e-05
Ni09,8.415,1.2e-05
Ni09,8.481000000000002,1.65e-05
Ni09,8.547,2.575e-05
Ni09,8.613,3.975e-05
Ni09,8.679,5.25e-05
Ni09,8.745000000000001,7.225e-05
Ni09,8.811,9.35e-05
Ni09,8.877,0.0001385
Ni09,8.943000000000001,0.000177
Ni09,9.009,0.0002275
Ni09,9.075,0.00029425
Ni09,9.141000000000002,0.0003815
Ni09,9.207,0.000515
Ni09,9.273,0.00063225
Ni09,9.339,0.00083725
Ni09,9.405000000000001,0.0010335
Ni09,9.471,0.00124375
Ni09,9.537,0.001628
Ni09,9.603000000000002,0.00198575
Ni09,9.669,0.00246375
Ni09,9.735,0.00301925
Ni09,9.801,0.003594
Ni09,9.867,0.0044425
Ni09,9.933,0.005202
Ni09,9.999,0.00630175
Ni09,10.065000000000001,0.0072635
Ni09,10.131,0.0085805
Ni09,10.197,0.00991525
Ni09,10.263000000000002,0.0114275
Ni09,10.329,0.013125
Ni09,10.395,0.01472275
Ni09,10.461,0.016749
Ni09,10.527000000000001,0.01852625
Ni09,10.593,0.02062925
Ni09,10.659,0.02257875
Ni09,10.725000000000001,0.0247175
Ni09,10.791,0.02672225
Ni09,10.857,0.028516
Ni09,10.923000000000002,0.0305275
Ni09,10.989,0.03197175
Ni09,11.055,0.0337
Ni09,11.121,0.03481725
Ni09,11.187000000000001,0.0359465
Ni09,11.253,0.036638
Ni09,11.319,0.037119
Ni09,11.385000000000002,0.03722625
Ni09,11.451,0.0370825
Ni09,11.517,0.03658775
Ni09,11.583,0.0357095
Ni09,11.649000000000001,0.03475125
Ni09,11.715,0.033253
Ni09,11.781,0.0317015
Ni09,11.847000000000001,0.02978675
Ni09,11.913,0.02803175
Ni09,11.979,0.02571825
Ni09,12.045000000000002,0.023794
Ni09,12.111,0.021384
Ni09,12.177,0.0193
Ni09,12.243,0.01711375
Ni09,12.309000000000001,0.01500275
Ni09,12.375,0.01319175
Ni09,12.441,0.01124675
Ni09,12.507000000000001,0.00966175
Ni09,12.573,0.008121
Ni09,12.639,0.0067695
Ni09,12.705000000000002,0.00563525
Ni09,12.771,0.00453075
Ni09,12.837,0.003655
Ni09,12.903,0.00288575
Ni09,12.969000000000001,0.0023035
Ni09,13.035,0.00175075
Ni09,13.101,0.001341
Ni09,13.167000000000002,0.0010335
Ni09,13.233,0.000761
Ni09,13.299,0.0005855
Ni09,13.365000000000002,0.000406
Ni09,13.431000000000001,0.000308
Ni09,13.497,0.0002205
Ni09,13.563,0.00014225
Ni09,13.629000000000001,0.00011025
Ni09,13.695,6.6e-05
Ni09,13.761000000000001,5.725e-05
Ni09,13.827000000000002,3.525e-05
Ni09,13.893,3.275e-05
Ni09,13.959,1.475e-05
Ni09,14.025,1.125e-05
Ni09,14.091000000000001,5.25e-06
Ni09,14.157,4e-06
Ni09,14.223,3e-06
Ni09,14.289000000000001,1.25e-06
Ni09,14.355,1.5e-06
Ni09,14.421,5e-07
Ni09,14.487000000000002,1e-06
Ir09,5.577,2.857142857142857e-07
Ir09,5.643000000000001,0.0
Ir09,5.709,0.0
Ir09,5.775,7.142857142857143e-07
Ir09,5.841,4.2857142857142857e-07
Ir09,5.907,1.2857142857142858e-06
Ir09,5.973000000000001,1e-06
Ir09,6.039,1.4285714285714286e-06
Ir09,6.105,1.5714285714285714e-06
Ir09,6.171,2.2857142857142856e-06
Ir09,6.237,3e-06
Ir09,6.303000000000001,2.7142857142857144e-06
Ir09,6.369,4.428571428571428e-06
Ir09,6.4350000000000005,5.571428571428572e-06
Ir09,6.501,6.142857142857143e-06
Ir09,6.567,1e-05
Ir09,6.633000000000001,9.714285714285713e-06
Ir09,6.699,1.8714285714285714e-05
Ir09,6.765000000000001,2.3285714285714287e-05
Ir09,6.831,3.3e-05
Ir09,6.897,3.685714285714286e-05
Ir09,6.963000000000001,5.6142857142857145e-05
Ir09,7.029,7.071428571428571e-05
Ir09,7.095000000000001,8.814285714285714e-05
Ir09,7.161,0.00012242857142857143
Ir09,7.227,0.00013628571428571428
Ir09,7.293000000000001,0.000195
Ir09,7.359,0.00022328571428571428
Ir09,7.425000000000001,0.0003112857142857143
Ir09,7.491,0.0003565714285714286
Ir09,7.557,0.00045928571428571427
Ir09,7.623000000000001,0.0005601428571428571
Ir09,7.689,0.0006705714285714286
Ir09,7.755000000000001,0.0008294285714285715
Ir09,7.821,0.001016
Ir09,7.8870000000000005,0.001235857142857143
Ir09,7.953,0.0014768571428571428
Ir09,8.019,0.0017975714285714285
Ir09,8.085,0.002115285714285714
Ir09,8.151,0.002538
Ir09,8.217,0.0029475714285714287
Ir09,8.283000000000001,0.0034905714285714284
Ir09,8.349,0.004036571428571428
Ir09,8.415,0.004707571428571428
Ir09,8.481000000000002,0.005425
Ir09,8.547,0.006234
Ir09,8.613,0.007043714285714286
Ir09,8.679,0.008070714285714285
Ir09,8.745000000000001,0.008989428571428572
Ir09,8.811,0.010123428571428571
Ir09,8.877,0.011241
Ir09,8.943000000000001,0.012474714285714285
Ir09,9.009,0.013688428571428572
Ir09,9.075,0.015063285714285715
Ir09,9.141000000000002,0.016325
Ir09,9.207,0.01774457142857143
Ir09,9.273,0.019037571428571428
Ir09,9.339,0.02042642857142857
Ir09,9.405000000000001,0.021706857142857142
Ir09,9.471,0.023012714285714286
Ir09,9.537,0.024278714285714285
Ir09,9.603000000000002,0.025399428571428573
Ir09,9.669,0.026569714285714287
Ir09,9.735,0.027519571428571428
Ir09,9.801,0.028296428571428573
Ir09,9.867,0.02905442857142857
Ir09,9.933,0.029798
Ir09,9.999,0.030056285714285716
Ir09,10.065000000000001,0.030480285714285713
Ir09,10.131,0.03046
Ir09,10.197,0.030618285714285716
Ir09,10.263000000000002,0.030189857142857143
Ir09,10.329,0.03000385714285714
Ir09,10.395,0.02934857142857143
Ir09,10.461,0.028705857142857144
Ir09,10.527000000000001,0.02788085714285714
Ir09,10.593,0.026883285714285714
Ir09,10.659,0.025781
Ir09,10.725000000000001,0.024500571428571427
Ir09,10.791,0.023262428571428573
Ir09,10.857,0.021679
Ir09,10.923000000000002,0.020377
Ir09,10.989,0.01873642857142857
Ir09,11.055,0.017378571428571427
Ir09,11.121,0.015720142857142856
Ir09,11.187000000000001,0.014278
Ir09,11.253,0.01278757142857143
Ir09,11.319,0.011344571428571428
Ir09,11.385000000000002,0.010047
Ir09,11.451,0.008744857142857143
Ir09,11.517,0.007646571428571429
Ir09,11.583,0.006504142857142857
Ir09,11.649000000000001,0.005597857142857143
Ir09,11.715,0.004685714285714286
Ir09,11.781,0.003899285714285714
Ir09,11.847000000000001,0.0032272857142857142
Ir09,11.913,0.00263
Ir09,11.979,0.002133857142857143
Ir09,12.045000000000002,0.0017014285714285714
Ir09,12.111,0.0013467142857142857
Ir09,12.177,0.0010415714285714286
Ir09,12.243,0.0008091428571428571
Ir09,12.309000000000001,0.0006208571428571428
Ir09,12.375,0.0004791428571428571
Ir09,12.441,0.0003567142857142857
Ir09,12.507000000000001,0.00026314285714285713
Ir09,12.573,0.0001892857142857143
Ir09,12.639,0.00013671428571428572
Ir09,12.705000000000002,0.00010014285714285714
Ir09,12.771,7.328571428571429e-05
Ir09,12.837,4.8285714285714285e-05
Ir09,12.903,3.5428571428571426e-05
Ir09,12.969000000000001,2.6714285714285715e-05
Ir09,13.035,2.157142857142857e-05
Ir09,13.101,1.2142857142857142e-05
Ir09,13.167000000000002,7.571428571428571e-06
Ir09,13.233,5.142857142857143e-06
Ir09,13.299,3.142857142857143e-06
Ir09,13.365000000000002,1.857142857142857e-06
Ir09,13.431000000000001,1.7142857142857143e-06
Ir09,13.497,2.857142857142857e-07
Ir09,13.563,1.1428571428571428e-06
Ir09,13.629000000000001,2.857142857142857e-07
Ir09,13.695,5.714285714285714e-07
Cu09,3.993,3.3333333333333335e-07
Cu09,4.059,0.0
Cu09,4.125,3.3333333333333335e-07
Cu09,4.191000000000001,5e-07
Cu09,4.257,3.3333333333333335e-07
Cu09,4.323,1.3333333333333334e-06
Cu09,4.389,8.333333333333333e-07
Cu09,4.455,1.3333333333333334e-06
Cu09,4.521000000000001,2.1666666666666665e-06
Cu09,4.587,1.5e-06
Cu09,4.6530000000000005,2.666666666666667e-06
Cu09,4.719,2.5e-06
Cu09,4.785,4.333333333333333e-06
Cu09,4.851000000000001,3.6666666666666666e-06
Cu09,4.917,4.333333333333333e-06
Cu09,4.9830000000000005,6.333333333333333e-06
Cu09,5.0489999999999995,7.5e-06
Cu09,5.115,1.1666666666666666e-05
Cu09,5.181000000000001,1.0333333333333333e-05
Cu09,5.247,1.7833333333333334e-05
Cu09,5.313000000000001,2.0333333333333334e-05
Cu09,5.379,3.0166666666666667e-05
Cu09,5.445,3.6e-05
Cu09,5.511000000000001,4.9e-05
Cu09,5.577,5.7833333333333334e-05
Cu09,5.643000000000001,8.1e-05
Cu09,5.709,9.216666666666667e-05
Cu09,5.775,0.00012466666666666667
Cu09,5.841,0.0001465
Cu09,5.907,0.00018633333333333333
Cu09,5.973000000000001,0.00022466666666666666
Cu09,6.039,0.000281
Cu09,6.105,0.0003401666666666667
Cu09,6.171,0.00042833333333333335
Cu09,6.237,0.0005085
Cu09,6.303000000000001,0.0006236666666666667
Cu09,6.369,0.0007365
Cu09,6.4350000000000005,0.0008985
Cu09,6.501,0.0010648333333333334
Cu09,6.567,0.0012705
Cu09,6.633000000000001,0.0015376666666666666
Cu09,6.699,0.0018085
Cu09,6.765000000000001,0.0021595
Cu09,6.831,0.0025231666666666666
Cu09,6.897,0.0029566666666666665
Cu09,6.963000000000001,0.003435333333333333
Cu09,7.029,0.004001833333333333
Cu09,7.095000000000001,0.004609333333333333
Cu09,7.161,0.005283
Cu09,7.227,0.006127666666666667
Cu09,7.293000000000001,0.006915166666666667
Cu09,7.359,0.007843666666666667
Cu09,7.425000000000001,0.008893
Cu09,7.491,0.0099015
Cu09,7.557,0.0111635
Cu09,7.623000000000001,0.0123485
Cu09,7.689,0.013582
Cu09,7.755000000000001,0.015083
Cu09,7.821,0.016392833333333332
Cu09,7.8870000000000005,0.017889166666666668
Cu09,7.953,0.019336333333333334
Cu09,8.019,0.0207735
Cu09,8.085,0.022402
Cu09,8.151,0.023620333333333333
Cu09,8.217,0.025077666666666668
Cu09,8.283000000000001,0.026443833333333333
Cu09,8.349,0.027512
Cu09,8.415,0.0287285
Cu09,8.481000000000002,0.029735166666666667
Cu09,8.547,0.030452166666666666
Cu09,8.613,0.031225333333333334
Cu09,8.679,0.031662666666666665
Cu09,8.745000000000001,0.03181833333333333
Cu09,8.811,0.032045166666666666
Cu09,8.877,0.031831333333333336
Cu09,8.943000000000001,0.03145283333333333
Cu09,9.009,0.0310505
Cu09,9.075,0.0302365
Cu09,9.141000000000002,0.0292585
Cu09,9.207,0.028287333333333334
Cu09,9.273,0.027026333333333333
Cu09,9.339,0.025628166666666667
Cu09,9.405000000000001,0.0242235
Cu09,9.471,0.022688666666666666
Cu09,9.537,0.021027333333333332
Cu09,9.603000000000002,0.019402166666666668
Cu09,9.669,0.017786333333333335
Cu09,9.735,0.016078833333333334
Cu09,9.801,0.0144735
Cu09,9.867,0.013007666666666667
Cu09,9.933,0.011486666666666666
Cu09,9.999,0.010061333333333334
Cu09,10.065000000000001,0.008823833333333333
Cu09,10.131,0.0076458333333333335
Cu09,10.197,0.0064985
Cu09,10.263000000000002,0.005526666666666667
Cu09,10.329,0.0046725
Cu09,10.395,0.0038743333333333334
Cu09,10.461,0.0031928333333333335
Cu09,10.527000000000001,0.0026123333333333333
Cu09,10.593,0.0021175
Cu09,10.659,0.0016923333333333332
Cu09,10.725000000000001,0.001344
Cu09,10.791,0.001053
Cu09,10.857,0.000828
Cu09,10.923000000000002,0.0006428333333333334
Cu09,10.989,0.0005018333333333333
Cu09,11.055,0.000367
Cu09,11.121,0.00027683333333333336
Cu09,11.187000000000001,0.00020583333333333334
Cu09,11.253,0.00014666666666666666
Cu09,11.319,0.000113
Cu09,11.385000000000002,8.2e-05
Cu09,11.451,5.7333333333333336e-05
Cu09,11.517,4.4166666666666665e-05
Cu09,11.583,3.266666666666666e-05
Cu09,11.649000000000001,2.4666666666666665e-05
Cu09,11.715,1.7666666666666668e-05
Cu09,11.781,1.05e-05
Cu09,11.847000000000001,6.333333333333333e-06
Cu09,11.913,3.1666666666666667e-06
Cu09,11.979,3.5e-06
Cu09,12.045000000000002,1.8333333333333333e-06
Cu09,12.111,1.1666666666666666e-06
Cu09,12.177,1e-06
Cu09,12.243,1e-06
Cu09,12.309000000000001,1e-06
Ni10,1.4849999999999999,2.5e-07
Ni10,1.5510000000000002,0.0
Ni10,1.617,0.0
Ni10,1.6830000000000003,2.5e-07
Ni10,1.749,0.0
Ni10,1.815,0.0
Ni10,1.8810000000000002,3.75e-07
Ni10,1.947,5e-07
Ni10,2.013,1.25e-07
Ni10,2.079,1e-06
Ni10,2.145,5e-07
Ni10,2.2110000000000003,6.25e-07
Ni10,2.277,1.25e-06
Ni10,2.343,7.5e-07
Ni10,2.4090000000000003,1e-06
Ni10,2.475,1.875e-06
Ni10,2.5410000000000004,1.25e-06
Ni10,2.607,2e-06
Ni10,2.673,1.875e-06
Ni10,2.739,2.5e-06
Ni10,2.805,2.625e-06
Ni10,2.871,2.5e-06
Ni10,2.9370000000000003,3.625e-06
Ni10,3.003,3.5e-06
Ni10,3.069,6e-06
Ni10,3.1350000000000002,5.125e-06
Ni10,3.201,7.625e-06
Ni10,3.2670000000000003,7.75e-06
Ni10,3.333,1.05e-05
Ni10,3.399,1.3e-05
Ni10,3.4650000000000003,1.5125e-05
Ni10,3.531,2.175e-05
Ni10,3.5970000000000004,2.025e-05
Ni10,3.6630000000000003,3.5125e-05
Ni10,3.729,3.075e-05
Ni10,3.795,4.7875e-05
Ni10,3.861,4.95e-05
Ni10,3.927,6.6875e-05
Ni10,3.993,7.325e-05
Ni10,4.059,9.8875e-05
Ni10,4.125,0.00010525
Ni10,4.191000000000001,0.00013575
Ni10,4.257,0.000150625
Ni10,4.323,0.0001885
Ni10,4.389,0.0002145
Ni10,4.455,0.000274875
Ni10,4.521000000000001,0.0003065
Ni10,4.587,0.00036825
Ni10,4.6530000000000005,0.00043225
Ni10,4.719,0.000498375
Ni10,4.785,0.000603125
Ni10,4.851000000000001,0.00067875
Ni10,4.917,0.00080125
Ni10,4.9830000000000005,0.0009385
Ni10,5.0489999999999995,0.001091875
Ni10,5.115,0.001262625
Ni10,5.181000000000001,0.00146525
Ni10,5.247,0.001714625
Ni10,5.313000000000001,0.00194625
Ni10,5.379,0.0022575
Ni10,5.445,0.002560875
Ni10,5.511000000000001,0.002948125
Ni10,5.577,0.003347
Ni10,5.643000000000001,0.00376275
Ni10,5.709,0.004277125
Ni10,5.775,0.00485075
Ni10,5.841,0.005390125
Ni10,5.907,0.006093
Ni10,5.973000000000001,0.0067905
Ni10,6.039,0.0074815
Ni10,6.105,0.008422125
Ni10,6.171,0.0092035
Ni10,6.237,0.010082625
Ni10,6.303000000000001,0.01115975
Ni10,6.369,0.01211475
Ni10,6.4350000000000005,0.01313675
Ni10,6.501,0.014294
Ni10,6.567,0.01541275
Ni10,6.633000000000001,0.016540625
Ni10,6.699,0.017712625
Ni10,6.765000000000001,0.01897475
Ni10,6.831,0.01996275
Ni10,6.897,0.021110125
Ni10,6.963000000000001,0.022315125
Ni10,7.029,0.023284625
Ni10,7.095000000000001,0.024217875
Ni10,7.161,0.025191625
Ni10,7.227,0.026144375
Ni10,7.293000000000001,0.026770875
Ni10,7.359,0.02731725
Ni10,7.425000000000001,0.0279595
Ni10,7.491,0.028307375
Ni10,7.557,0.02849775
Ni10,7.623000000000001,0.028526
Ni10,7.689,0.028602875
Ni10,7.755000000000001,0.028357625
Ni10,7.821,0.02791025
Ni10,7.8870000000000005,0.0274985
Ni10,7.953,0.026878
Ni10,8.019,0.026152125
Ni10,8.085,0.02519575
Ni10,8.151,0.0241545
Ni10,8.217,0.02309575
Ni10,8.283000000000001,0.02199625
Ni10,8.349,0.020728375
Ni10,8.415,0.01944325
Ni10,8.481000000000002,0.0180695
Ni10,8.547,0.016718625
Ni10,8.613,0.015414625
Ni10,8.679,0.014081875
Ni10,8.745000000000001,0.012738375
Ni10,8.811,0.011494875
Ni10,8.877,0.01028075
Ni10,8.943000000000001,0.009121
Ni10,9.009,0.008079875
Ni10,9.075,0.007061125
Ni10,9.141000000000002,0.00615775
Ni10,9.207,0.005298
Ni10,9.273,0.004542125
Ni10,9.339,0.00385125
Ni10,9.405000000000001,0.003223
Ni10,9.471,0.002711375
Ni10,9.537,0.002213375
Ni10,9.603000000000002,0.001838625
Ni10,9.669,0.001485125
Ni10,9.735,0.001199875
Ni10,9.801,0.000966375
Ni10,9.867,0.000762
Ni10,9.933,0.000600375
Ni10,9.999,0.0004815
Ni10,10.065000000000001,0.000363125
Ni10,10.131,0.000278125
Ni10,10.197,0.00020775
Ni10,10.263000000000002,0.000160125
Ni10,10.329,0.000116375
Ni10,10.395,9.025e-05
Ni10,10.461,6.45e-05
Ni10,10.527000000000001,4.8375e-05
Ni10,10.593,3.85e-05
Ni10,10.659,2.825e-05
Ni10,10.725000000000001,2.275e-05
Ni10,10.791,1.3875e-05
Ni10,10.857,9.625e-06
Ni10,10.923000000000002,6.5e-06
Ni10,10.989,3.75e-06
Ni10,11.055,2.875e-06
Ni10,11.121,2e-06
Ni10,11.187000000000001,1.25e-06
Ni10,11.253,1e-06
Ni10,11.319,1e-06
Ni10,11.385000000000002,7.5e-07
Ni10,11.451,7.5e-07
Ir10,0.033,0.00015517241379310346
Ir10,0.099,3.220689655172414e-05
Ir10,0.165,2.1931034482758622e-05
Ir10,0.231,1.7379310344827586e-05
Ir10,0.29700000000000004,1.4413793103448276e-05
Ir10,0.363,2.089655172413793e-05
Ir10,0.42900000000000005,2.2275862068965518e-05
Ir10,0.495,2.1862068965517242e-05
Ir10,0.561,2.3586206896551724e-05
Ir10,0.627,3.089655172413793e-05
Ir10,0.6930000000000001,3.344827586206896e-05
Ir10,0.759,3.275862068965517e-05
Ir10,0.8250000000000001,4.3793103448275864e-05
Ir10,0.891,4.613793103448276e-05
Ir10,0.9570000000000001,4.696551724137931e-05
Ir10,1.0230000000000001,6.289655172413794e-05
Ir10,1.089,5.9655172413793106e-05
Ir10,1.1550000000000002,7.63448275862069e-05
Ir10,1.221,8.09655172413793e-05
Ir10,1.287,8.675862068965518e-05
Ir10,1.3530000000000002,0.00010648275862068965
Ir10,1.419,0.00011579310344827586
Ir10,1.4849999999999999,0.00013627586206896552
Ir10,1.5510000000000002,0.00014324137931034483
Ir10,1.617,0.00017186206896551725
Ir10,1.6830000000000003,0.00017751724137931034
Ir10,1.749,0.00021813793103448275
Ir10,1.815,0.00022227586206896552
Ir10,1.8810000000000002,0.0002726896551724138
Ir10,1.947,0.00028303448275862066
Ir10,2.013,0.00032937931034482756
Ir10,2.079,0.0003543448275862069
Ir10,2.145,0.00039482758620689655
Ir10,2.2110000000000003,0.0004437241379310345
Ir10,2.277,0.0004899310344827586
Ir10,2.343,0.0005671724137931034
Ir10,2.4090000000000003,0.0006088275862068965
Ir10,2.475,0.0007057241379310345
Ir10,2.5410000000000004,0.0007611724137931035
Ir10,2.607,0.000875448275862069
Ir10,2.673,0.0009636551724137931
Ir10,2.739,0.001060896551724138
Ir10,2.805,0.0012006206896551725
Ir10,2.871,0.0013108275862068965
Ir10,2.9370000000000003,0.0014824827586206897
Ir10,3.003,0.0016236551724137932
Ir10,3.069,0.0017758620689655173
Ir10,3.1350000000000002,0.002010344827586207
Ir10,3.201,0.0021687586206896553
Ir10,3.2670000000000003,0.0024111724137931036
Ir10,3.333,0.002677793103448276
Ir10,3.399,0.002889310344827586
Ir10,3.4650000000000003,0.0032297241379310344
Ir10,3.531,0.003522
Ir10,3.5970000000000004,0.0038121379310344827
Ir10,3.6630000000000003,0.004203793103448276
Ir10,3.729,0.004597241379310345
Ir10,3.795,0.004965379310344828
Ir10,3.861,0.005384965517241379
Ir10,3.927,0.005880206896551724
Ir10,3.993,0.00634151724137931
Ir10,4.059,0.006799172413793103
Ir10,4.125,0.007412
Ir10,4.191000000000001,0.00790903448275862
Ir10,4.257,0.008483448275862069
Ir10,4.323,0.009091379310344828
Ir10,4.389,0.00976248275862069
Ir10,4.455,0.010360206896551724
Ir10,4.521000000000001,0.011016275862068966
Ir10,4.587,0.011726689655172413
Ir10,4.6530000000000005,0.01243151724137931
Ir10,4.719,0.013067448275862068
Ir10,4.785,0.013791172413793103
Ir10,4.851000000000001,0.014478551724137931
Ir10,4.917,0.015242275862068966
Ir10,4.9830000000000005,0.015945103448275863
Ir10,5.0489999999999995,0.016574758620689654
Ir10,5.115,0.01728910344827586
Ir10,5.181000000000001,0.017932206896551724
Ir10,5.247,0.018599793103448274
Ir10,5.313000000000001,0.01923296551724138
Ir10,5.379,0.019756206896551724
Ir10,5.445,0.02030903448275862
Ir10,5.511000000000001,0.02075896551724138
Ir10,5.577,0.021225793103448277
Ir10,5.643000000000001,0.021625655172413792
Ir10,5.709,0.021969862068965517
Ir10,5.775,0.02226110344827586
Ir10,5.841,0.022370827586206895
Ir10,5.907,0.022553379310344828
Ir10,5.973000000000001,0.02267186206896552
Ir10,6.039,0.022603793103448275
Ir10,6.105,0.022597655172413793
Ir10,6.171,0.02242503448275862
Ir10,6.237,0.022207103448275863
Ir10,6.303000000000001,0.021937379310344826
Ir10,6.369,0.021588344827586207
Ir10,6.4350000000000005,0.02110944827586207
Ir10,6.501,0.020606344827586207
Ir10,6.567,0.02004358620689655
Ir10,6.633000000000001,0.019461862068965517
Ir10,6.699,0.018768689655172414
Ir10,6.765000000000001,0.018033172413793104
Ir10,6.831,0.01723848275862069
Ir10,6.897,0.01646937931034483
Ir10,6.963000000000001,0.015598827586206896
Ir10,7.029,0.014752896551724138
Ir10,7.095000000000001,0.013886068965517242
Ir10,7.161,0.012992551724137932
Ir10,7.227,0.012098206896551724
Ir10,7.293000000000001,0.011206344827586206
Ir10,7.359,0.010329241379310345
Ir10,7.425000000000001,0.009477862068965517
Ir10,7.491,0.00863896551724138
Ir10,7.557,0.007860689655172413
Ir10,7.623000000000001,0.007107379310344828
Ir10,7.689,0.006372275862068966
Ir10,7.755000000000001,0.0056710344827586205
Ir10,7.821,0.0050421379310344825
Ir10,7.8870000000000005,0.004453103448275862
Ir10,7.953,0.0039031724137931034
Ir10,8.019,0.003406068965517241
Ir10,8.085,0.0029351724137931033
Ir10,8.151,0.002528206896551724
Ir10,8.217,0.0021502068965517243
Ir10,8.283000000000001,0.0018218620689655172
Ir10,8.349,0.0015436551724137932
Ir10,8.415,0.0012845517241379311
Ir10,8.481000000000002,0.001065448275862069
Ir10,8.547,0.0008653103448275862
Ir10,8.613,0.0007124827586206897
Ir10,8.679,0.0005749655172413793
Ir10,8.745000000000001,0.000472
Ir10,8.811,0.00037813793103448276
Ir10,8.877,0.00030020689655172416
Ir10,8.943000000000001,0.00023434482758620688
Ir10,9.009,0.00018482758620689654
Ir10,9.075,0.00014158620689655173
Ir10,9.141000000000002,0.00010944827586206896
Ir10,9.207,8.455172413793104e-05
Ir10,9.273,6.468965517241379e-05
Ir10,9.339,4.83448275862069e-05
Ir10,9.405000000000001,3.489655172413793e-05
Ir10,9.471,2.903448275862069e-05
Ir10,9.537,2.206896551724138e-05
Ir10,9.603000000000002,1.7241379310344828e-05
Ir10,9.669,1.2620689655172413e-05
Ir10,9.735,9.172413793103448e-06
Ir10,9.801,5.6551724137931035e-06
Ir10,9.867,4.275862068965518e-06
Ir10,9.933,2.482758620689655e-06
Ir10,9.999,1.5862068965517242e-06
Ir10,10.065000000000001,1.3793103448275862e-06
Ir10,10.131,1.1724137931034483e-06
Ir10,10.197,5.517241379310345e-07
Ir10,10.263000000000002,6.896551724137931e-07
Ir10,10.329,4.1379310344827586e-07
Ir10,10.395,5.517241379310345e-07
#Cu10,0.033,0.023208171428571428
#Cu10,0.099,0.0015836571428571428
#Cu10,0.165,0.001177657142857143
Cu10,0.231,0.0011290285714285714
Cu10,0.29700000000000004,0.0012199428571428572
Cu10,0.363,0.0012658857142857144
Cu10,0.42900000000000005,0.0013759428571428571
Cu10,0.495,0.0014494857142857143
Cu10,0.561,0.0015750285714285714
Cu10,0.627,0.001669257142857143
Cu10,0.6930000000000001,0.0018130285714285715
Cu10,0.759,0.001909657142857143
Cu10,0.8250000000000001,0.0020781714285714285
Cu10,0.891,0.0021884
Cu10,0.9570000000000001,0.0023822285714285713
Cu10,1.0230000000000001,0.0025041714285714287
Cu10,1.089,0.0026741142857142856
Cu10,1.1550000000000002,0.0029210285714285716
Cu10,1.221,0.0030669714285714287
Cu10,1.287,0.0032674285714285713
Cu10,1.3530000000000002,0.0035554285714285714
Cu10,1.419,0.0037258857142857143
Cu10,1.4849999999999999,0.003982457142857143
Cu10,1.5510000000000002,0.004316857142857143
Cu10,1.617,0.004518571428571428
Cu10,1.6830000000000003,0.004827657142857143
Cu10,1.749,0.0051164
Cu10,1.815,0.005539142857142857
Cu10,1.8810000000000002,0.005802914285714286
Cu10,1.947,0.006133085714285715
Cu10,2.013,0.006598342857142857
Cu10,2.079,0.0070099428571428575
Cu10,2.145,0.007448285714285715
Cu10,2.2110000000000003,0.007880171428571428
Cu10,2.277,0.008344114285714285
Cu10,2.343,0.008763714285714286
Cu10,2.4090000000000003,0.009262457142857143
Cu10,2.475,0.0097476
Cu10,2.5410000000000004,0.010247142857142857
Cu10,2.607,0.0107728
Cu10,2.673,0.011305485714285714
Cu10,2.739,0.0118372
Cu10,2.805,0.012355828571428572
Cu10,2.871,0.012895828571428571
Cu10,2.9370000000000003,0.01345462857142857
Cu10,3.003,0.013978971428571428
Cu10,3.069,0.014515085714285714
Cu10,3.1350000000000002,0.015083428571428572
Cu10,3.201,0.015573885714285715
Cu10,3.2670000000000003,0.016096457142857144
Cu10,3.333,0.016596114285714284
Cu10,3.399,0.017102914285714286
Cu10,3.4650000000000003,0.0175428
Cu10,3.531,0.017996914285714285
Cu10,3.5970000000000004,0.01835097142857143
Cu10,3.6630000000000003,0.018753714285714287
Cu10,3.729,0.0190684
Cu10,3.795,0.019407828571428573
Cu10,3.861,0.01958422857142857
Cu10,3.927,0.019783657142857142
Cu10,3.993,0.019934914285714287
Cu10,4.059,0.020056285714285714
Cu10,4.125,0.020101714285714285
Cu10,4.191000000000001,0.0200788
Cu10,4.257,0.01996257142857143
Cu10,4.323,0.01989782857142857
Cu10,4.389,0.0196792
Cu10,4.455,0.019453428571428573
Cu10,4.521000000000001,0.019150971428571428
Cu10,4.587,0.0187756
Cu10,4.6530000000000005,0.018350857142857144
Cu10,4.719,0.017919942857142858
Cu10,4.785,0.017405828571428573
Cu10,4.851000000000001,0.016866285714285716
Cu10,4.917,0.016269714285714287
Cu10,4.9830000000000005,0.015636914285714287
Cu10,5.0489999999999995,0.014987828571428571
Cu10,5.115,0.0143144
Cu10,5.181000000000001,0.013582457142857144
Cu10,5.247,0.012864742857142857
Cu10,5.313000000000001,0.0121092
Cu10,5.379,0.011374342857142858
Cu10,5.445,0.010615714285714286
Cu10,5.511000000000001,0.009890571428571429
Cu10,5.577,0.00917577142857143
Cu10,5.643000000000001,0.008463428571428571
Cu10,5.709,0.007775314285714286
Cu10,5.775,0.007114457142857143
Cu10,5.841,0.006463657142857143
Cu10,5.907,0.005880742857142857
Cu10,5.973000000000001,0.005293371428571428
Cu10,6.039,0.004726914285714286
Cu10,6.105,0.004248742857142857
Cu10,6.171,0.003748
Cu10,6.237,0.0033046285714285716
Cu10,6.303000000000001,0.002911142857142857
Cu10,6.369,0.002535314285714286
Cu10,6.4350000000000005,0.002195885714285714
Cu10,6.501,0.0018984571428571429
Cu10,6.567,0.001624057142857143
Cu10,6.633000000000001,0.0013813714285714285
Cu10,6.699,0.0011663428571428572
Cu10,6.765000000000001,0.0009862285714285714
Cu10,6.831,0.0008294285714285715
Cu10,6.897,0.0006902285714285714
Cu10,6.963000000000001,0.0005776
Cu10,7.029,0.00047405714285714284
Cu10,7.095000000000001,0.0003938857142857143
Cu10,7.161,0.0003161142857142857
Cu10,7.227,0.00025451428571428574
Cu10,7.293000000000001,0.00020497142857142856
Cu10,7.359,0.00015965714285714287
Cu10,7.425000000000001,0.00012782857142857142
Cu10,7.491,0.00010125714285714286
Cu10,7.557,8.068571428571428e-05
Cu10,7.623000000000001,6.217142857142857e-05
Cu10,7.689,4.8342857142857145e-05
Cu10,7.755000000000001,4.0114285714285715e-05
Cu10,7.821,3.228571428571428e-05
Cu10,7.8870000000000005,2.525714285714286e-05
Cu10,7.953,2.0571428571428573e-05
Cu10,8.019,1.44e-05
Cu10,8.085,9.885714285714285e-06
Cu10,8.151,7.3142857142857144e-06
Cu10,8.217,4.9142857142857145e-06
Cu10,8.283000000000001,3.6571428571428572e-06
Cu10,8.349,2.6285714285714286e-06
Cu10,8.415,1.8285714285714286e-06
Cu10,8.481000000000002,1.4857142857142858e-06
Cu10,8.547,9.714285714285715e-07
Cu10,8.613,9.142857142857143e-07
Cu10,8.679,9.142857142857143e-07
Cu10,8.745000000000001,6.857142857142857e-07
Cu10,8.811,6.857142857142857e-07
SS02,0.033,0.8093040396039604
SS02,0.099,0.005318435643564356
SS02,0.165,0.0031282178217821783
SS02,0.231,0.002083742574257426
SS02,0.29700000000000004,0.0020004158415841584
SS02,0.363,0.0020188118811881187
SS02,0.42900000000000005,0.0020914851485148516
SS02,0.495,0.0021777425742574258
SS02,0.561,0.002247643564356436
SS02,0.627,0.0023454455445544556
SS02,0.6930000000000001,0.002463881188118812
SS02,0.759,0.0025545148514851484
SS02,0.8250000000000001,0.0026335445544554453
SS02,0.891,0.002732930693069307
SS02,0.9570000000000001,0.002839069306930693
SS02,1.0230000000000001,0.002898019801980198
SS02,1.089,0.0029755049504950493
SS02,1.1550000000000002,0.0030693663366336632
SS02,1.221,0.0031157029702970295
SS02,1.287,0.0031922772277227724
SS02,1.3530000000000002,0.0032415247524752474
SS02,1.419,0.0032852277227722773
SS02,1.4849999999999999,0.0033673069306930695
SS02,1.5510000000000002,0.003376158415841584
SS02,1.617,0.003441821782178218
SS02,1.6830000000000003,0.0034508316831683167
SS02,1.749,0.0034922772277227723
SS02,1.815,0.0035205346534653466
SS02,1.8810000000000002,0.0035236831683168315
SS02,1.947,0.003548811881188119
SS02,2.013,0.0035453267326732672
SS02,2.079,0.0035618217821782178
SS02,2.145,0.0035444950495049504
SS02,2.2110000000000003,0.0035483960396039604
SS02,2.277,0.003522079207920792
SS02,2.343,0.003515049504950495
SS02,2.4090000000000003,0.0034753663366336634
SS02,2.475,0.0034535841584158416
SS02,2.5410000000000004,0.0034282772277227725
SS02,2.607,0.0033558415841584157
SS02,2.673,0.0033422772277227723
SS02,2.739,0.003262118811881188
SS02,2.805,0.0032165148514851486
SS02,2.871,0.003154732673267327
SS02,2.9370000000000003,0.003082059405940594
SS02,3.003,0.003027821782178218
SS02,3.069,0.0029323564356435643
SS02,3.1350000000000002,0.0028611287128712873
SS02,3.201,0.002783762376237624
SS02,3.2670000000000003,0.0026812277227722774
SS02,3.333,0.0025994455445544555
SS02,3.399,0.0025101782178217824
SS02,3.4650000000000003,0.0024012871287128713
SS02,3.531,0.0023046336633663366
SS02,3.5970000000000004,0.002216237623762376
SS02,3.6630000000000003,0.0020954257425742574
SS02,3.729,0.001997940594059406
SS02,3.795,0.0019042970297029702
SS02,3.861,0.0017928118811881188
SS02,3.927,0.0016905544554455445
SS02,3.993,0.0015973069306930692
SS02,4.059,0.0014986336633663366
SS02,4.125,0.0013935445544554456
SS02,4.191000000000001,0.001300019801980198
SS02,4.257,0.0012055445544554455
SS02,4.323,0.0011227524752475248
SS02,4.389,0.0010368910891089109
SS02,4.455,0.0009457425742574257
SS02,4.521000000000001,0.0008616435643564357
SS02,4.587,0.0007923564356435643
SS02,4.6530000000000005,0.0007198217821782179
SS02,4.719,0.0006511287128712871
SS02,4.785,0.0005850495049504951
SS02,4.851000000000001,0.0005242574257425743
SS02,4.917,0.00046645544554455444
SS02,4.9830000000000005,0.0004171089108910891
SS02,5.0489999999999995,0.0003702970297029703
SS02,5.115,0.0003262970297029703
SS02,5.181000000000001,0.0002861188118811881
SS02,5.247,0.00024813861386138616
SS02,5.313000000000001,0.00021588118811881188
SS02,5.379,0.0001863762376237624
SS02,5.445,0.00016142574257425744
SS02,5.511000000000001,0.0001376039603960396
SS02,5.577,0.00011748514851485149
SS02,5.643000000000001,0.00010037623762376237
SS02,5.709,8.623762376237623e-05
SS02,5.775,7.255445544554456e-05
SS02,5.841,6.02970297029703e-05
SS02,5.907,5.007920792079208e-05
SS02,5.973000000000001,4.0772277227722775e-05
SS02,6.039,3.342574257425743e-05
SS02,6.105,2.78019801980198e-05
SS02,6.171,2.2613861386138614e-05
SS02,6.237,1.813861386138614e-05
SS02,6.303000000000001,1.499009900990099e-05
SS02,6.369,1.194059405940594e-05
SS02,6.4350000000000005,9.267326732673267e-06
SS02,6.501,7.861386138613861e-06
SS02,6.567,6.653465346534653e-06
SS02,6.633000000000001,5.2475247524752475e-06
SS02,6.699,4.376237623762377e-06
SS02,6.765000000000001,3.4851485148514853e-06
SS02,6.831,2.5544554455445544e-06
SS02,6.897,1.8415841584158415e-06
SS02,6.963000000000001,1.504950495049505e-06
SS02,7.029,9.702970297029704e-07
SS02,7.095000000000001,7.128712871287129e-07
SS02,7.161,5.742574257425743e-07
SS02,7.227,3.9603960396039606e-07
SS02,7.293000000000001,3.1683168316831686e-07
SS02,7.359,2.772277227722772e-07
SS02,7.425000000000001,1.5841584158415843e-07
SS02,7.491,1.9801980198019803e-07
SS02,7.557,1.1881188118811882e-07
SS02,7.623000000000001,1.5841584158415843e-07
SS02,7.689,1.1881188118811882e-07
