###################################################################################################
#                                                                                    3.6.0-Cordelia
#
#                                                      .oooooo.             ooooo   ooooo        
#     Clair de Lune                                   d8P    Y8b             888     888         
#     =============                                  888           .ooooo.   888     888         
#                                                    888          d88   88b  888ooooo888         
# Votre ame est un paysage choisi                    888          888   888  888     888  dP^Y8b 
# Que vont charmant masques et bergamasques           88b    ooo  888   888  888     888      8P 
# Jouant du luth et dansant et quasi                   Y8bood8P    Y8bod8P' o888o   o888o   <8B  
# Tristes sous leurs deguisements fantasques.                                           8b    8b 
#                                                                                        Y8oo8P  
#
# Tout en chantant sur le mode mineur            Au calme clair de lune triste et beau,
# L'amour vainqueur et la vie opportune          Qui fait rever les oiseaux dans les arbres
# Ils n'ont pas l'air de croire a leur bonheur   Et sangloter d'extase les jets d'eau,
# Et leur chanson se mele au clair de lune,      Les grands jets d'eau sveltes parmi les marbres.
# 
#                                                                                   Paul Verlaine
#
######################################################################################## Moonage 11
###################################################################################################
#                                                                                    3.6.0-Cordelia
#          
#......................................................................../  028-060Ni //   1.000000
#                                                                                 SYSTEM PARAMETERS
#            AtomicNum    MassNum
#    Target         28         60
#  Incident          1          2
#            Ecms[MeV]  Elab[MeV] ReduceMass WaveNumber
     Energy 9.6749e-01 1.0000e+00 1.9486e+00 3.0033e-01
#......................................................................../  028-060Ni //   1.000000
#                                                                           OPTICAL MODEL POTENTIAL
# OMP  0      V         Vs        Wv        Ws        Vso       Wso       Coul
      r[fm]   1.15002   0.00000   1.33047   1.37283   0.97200   0.00000      1.30
      a[fm]   0.76833   0.00000   0.46351   0.77372   1.01100   0.00000
 Depth[MeV]  96.20093   0.00000   1.16418  10.80039   7.11400   0.00000
#......................................................................../  028-060Ni //   1.000000
#                                                                      TOTAL REACTION CROSS SECTION
  Sigma[mb] 2.5283e-05
#......................................................................../  028-060Ni //   1.000000
#                                                                                      TARGET STATE
#           Excitation  Spin
  028-060Ni 0.0000e+00  0.0+
#......................................................................../  028-060Ni //   1.000000
#                                                                             COMPOUND NUCLEUS DATA
#              Z     A  MassExess    Ex(max) Separation     N-cont    N-level
  029-062Cu              -62.7870    12.4178                   209         60
      gamma  029-062Cu     0.0000                0.0000
    neutron  029-061Cu     8.0714                8.8746
     proton  028-061Ni     7.2890                5.8547
      alpha  027-058Co     2.4249                5.3653
   deuteron  028-060Ni    13.1358               11.4503
  029-061Cu              -61.9838     3.5432                     2         46
      gamma  029-061Cu     0.0000                0.0000
  028-061Ni              -64.2213     6.5631                    74         36
      gamma  028-061Ni     0.0000                0.0000
      alpha  026-057Fe     2.4249                6.4651
  027-058Co              -59.8466     7.0524                    96         52
      gamma  027-058Co     0.0000                0.0000
     proton  026-057Fe     7.2890                6.9544
      alpha  025-054Mn     2.4249                6.7150
  028-060Ni              -64.4725     0.9675                     0         48
      gamma  028-060Ni     0.0000                0.0000
  026-057Fe              -60.1812     0.0980                     0         30
      gamma  026-057Fe     0.0000                0.0000
  025-054Mn              -55.5565     0.3375                     0         34
      gamma  025-054Mn     0.0000                0.0000
#......................................................................../  028-060Ni //   1.000000
#                                                                          LEVEL DENSITY PARAMETERS
#                 a       Pairing     T          E0         Em         Sigma2     Eshell
  029-062Cu     8.1124     0.0000     1.4078    -4.1587     9.5485     4.3833  -2.074600
  029-061Cu     7.9769     1.4636     1.4192    -2.1095    10.2663     5.7446  -2.730200
  028-061Ni     7.9769     1.5389     1.4887    -2.6578    11.4045     5.4861  -2.935000
  027-058Co     7.5715     0.0000     1.6003    -4.5097    10.6265     8.1538  -3.270900
#......................................................................../  028-060Ni //   1.000000
#                                                                       GIANT DIPOLE RESONANCE DATA
#          Energy[MeV] Width[MeV] Sigma0[mb]            Profile
         E1    18.2548     5.4764 120.005050                 GL
         M1    10.3591     4.0000   0.777260                 SL
         E2    15.9176     5.3660   1.504964                 SL
         M2    10.3591     4.0000   0.000622                 SL
         E3    15.9176     5.3660   0.001204                 SL
#......................................................................../  028-060Ni //   1.000000
#                                                                       SUM OF PRECOMPOUND EMISSION
#            029-062Cu      gamma    neutron     proton      alpha   deuteron
 SpcSum[mb]            0.0000e+00 1.3479e-06 2.3880e-05 3.0487e-08 0.0000e+00
 Emean[MeV]            0.0000e+00 5.0000e-02 3.2889e+00 4.5645e+00 0.0000e+00
#          
#           TotalPreEq   Compound   Fraction
  Sigma[mb] 2.5258e-05 2.5283e-05 9.9903e-01
#......................................................................../  028-060Ni //   1.000000
#                                                                          SUM SPECTRA FOR COMPOUND
#            029-062Cu      gamma    neutron     proton      alpha   deuteron
 SpcSum[mb]            7.5903e-11 1.5084e-08 9.3391e-09 1.2261e-10 1.0388e-17
 Emean[MeV]            3.1436e+00 1.4942e+00 4.9875e+00 6.7435e+00 9.5000e-01
#......................................................................../  028-060Ni //   1.000000
#                                                                   GAMMAS FROM DISCRETE TRANSITION
#           0 0 0 0 0 0             029-062Cu
#   Ex[MeV]     Jpi    FinalState  Branching Production    Egamma Production   T(1/2)[s]
 59  1.9960    3.0-                          1.0338e-13
                        1  0.0408     0.0303               1.9552 3.1327e-15
                        2  0.2434     0.0303               1.7526 3.1327e-15
                        3  0.2878     0.0303               1.7082 3.1327e-15
                        4  0.3901     0.0303               1.6059 3.1327e-15
                        5  0.4262     0.0303               1.5698 3.1327e-15
                        8  0.6448     0.0303               1.3512 3.1327e-15
                        9  0.6750     0.0303               1.3210 3.1327e-15
                       10  0.6983     0.0303               1.2977 3.1327e-15
                       11  0.7277     0.0303               1.2683 3.1327e-15
                       12  0.7560     0.0303               1.2401 3.1327e-15
                       13  0.9153     0.0303               1.0807 3.1327e-15
                       14  0.9827     0.0303               1.0133 3.1327e-15
                       15  1.0230     0.0303               0.9730 3.1327e-15
                       17  1.0772     0.0303               0.9188 3.1327e-15
                       18  1.1417     0.0303               0.8543 3.1327e-15
                       19  1.1441     0.0303               0.8519 3.1327e-15
                       20  1.1700     0.0303               0.8260 3.1327e-15
                       21  1.2215     0.0303               0.7745 3.1327e-15
                       22  1.2487     0.0303               0.7473 3.1327e-15
                       23  1.2850     0.0303               0.7110 3.1327e-15
                       24  1.3463     0.0303               0.6497 3.1327e-15
                       26  1.3670     0.0303               0.6290 3.1327e-15
                       30  1.4033     0.0303               0.5927 3.1327e-15
                       33  1.4275     0.0303               0.5685 3.1327e-15
                       35  1.4330     0.0303               0.5630 3.1327e-15
                       36  1.4857     0.0303               0.5103 3.1327e-15
                       39  1.5112     0.0303               0.4848 3.1327e-15
                       45  1.6783     0.0303               0.3177 3.1327e-15
                       46  1.6791     0.0303               0.3169 3.1327e-15
                       48  1.7105     0.0303               0.2855 3.1327e-15
                       50  1.7450     0.0303               0.2510 3.1327e-15
                       52  1.7750     0.0303               0.2210 3.1327e-15
                       58  1.9814     0.0303               0.0146 3.1327e-15
 58  1.9814    3.0+                          7.6497e-14
                        9  0.6750     0.5000               1.3064 3.8248e-14
                        5  0.4262     0.5000               1.5552 3.8248e-14
 57  1.9205    5.0+                          1.8029e-14
                       44  1.6776     0.3273               0.2429 5.8194e-15
                       10  0.6983     0.6727               1.2222 1.2126e-14
 56  1.9167    5.0-                          2.7831e-14
                       27  1.3705     0.3333               0.5462 9.2771e-15
                        5  0.4262     0.3333               1.4905 9.2771e-15
                        1  0.0408     0.3333               1.8759 9.2771e-15
 55  1.8430    1.0-                          2.1114e-13
                       14  0.9827     1.0000               0.8603 2.1097e-13
 54  1.8276    3.0-                          1.3471e-13
                        5  0.4262     1.0000               1.4014 1.3468e-13
 53  1.8203    2.0-                          2.3708e-13
                        4  0.3901     1.0000               1.4302 2.3702e-13
 52  1.7750    2.0+                          1.4190e-13
                       16  1.0516     0.1111               0.7234 1.5767e-14
                       29  1.3950     0.1111               0.3800 1.5767e-14
                       31  1.4102     0.1111               0.3648 1.5767e-14
                       32  1.4161     0.1111               0.3589 1.5767e-14
                       38  1.5073     0.1111               0.2677 1.5767e-14
                       41  1.5681     0.1111               0.2069 1.5767e-14
                       42  1.5816     0.1111               0.1934 1.5767e-14
                       47  1.6821     0.1111               0.0929 1.5767e-14
                       49  1.7363     0.1111               0.0387 1.5767e-14
 51  1.7595    1.0+                          1.5895e-13
                       10  0.6983     0.5000               1.0612 7.9476e-14
                        8  0.6448     0.5000               1.1147 7.9476e-14
 50  1.7450    4.0+                          4.4597e-14
                       10  0.6983     1.0000               1.0467 4.4587e-14
 49  1.7363    3.0-                          1.7264e-13
                        9  0.6750     1.0000               1.0613 1.7262e-13
 48  1.7105    2.0+                          1.5160e-13
                        9  0.6750     0.0887               1.0355 1.3440e-14
                        5  0.4262     0.4187               1.2843 6.3466e-14
                        0  0.0000     0.4926               1.7105 7.4662e-14
 47  1.6821    2.0-                          3.0763e-13
                       10  0.6983     0.5000               0.9838 1.5382e-13
                        3  0.2878     0.5000               1.3943 1.5382e-13
 46  1.6791    3.0+                          1.0558e-13
                       11  0.7277     0.5000               0.9514 5.2791e-14
                       10  0.6983     0.5000               0.9808 5.2791e-14
 45  1.6783    3.0+                          1.0568e-13
                       12  0.7560     0.2875               0.9223 3.0373e-14
                        7  0.6375     0.6250               1.0408 6.6032e-14
                        2  0.2434     0.0875               1.4349 9.2441e-15
 44  1.6776    5.0+                          3.0745e-14
                       36  1.4857     0.0723               0.1919 2.1038e-15
                       22  1.2487     0.2993               0.4290 9.1815e-15
                        9  0.6750     0.1369               1.0027 4.2077e-15
                        5  0.4262     0.3111               1.2514 9.5628e-15
                        4  0.3901     0.1804               1.2875 5.5454e-15
 43  1.5870    1.0+                          1.9172e-13
                       16  1.0516     0.1429               0.5354 2.7389e-14
                       29  1.3950     0.1429               0.1920 2.7389e-14
                       31  1.4102     0.1429               0.1768 2.7389e-14
                       32  1.4161     0.1429               0.1709 2.7389e-14
                       38  1.5073     0.1429               0.0797 2.7389e-14
                       41  1.5681     0.1429               0.0189 2.7389e-14
                       42  1.5816     0.1429               0.0054 2.7389e-14
 42  1.5816    1.0-                          3.5763e-13
                       10  0.6983     0.2500               0.8833 8.9406e-14
                        5  0.4262     0.2500               1.1554 8.9406e-14
                        3  0.2878     0.2500               1.2938 8.9406e-14
                        2  0.2434     0.2500               1.3382 8.9406e-14
 41  1.5681    2.0-                          3.9185e-13
                        9  0.6750     0.2500               0.8931 9.7963e-14
                        5  0.4262     0.2500               1.1419 9.7963e-14
                        2  0.2434     0.2500               1.3246 9.7963e-14
                        1  0.0408     0.2500               1.5272 9.7963e-14
 40  1.5259    1.0+                          2.0521e-13
                       10  0.6983     0.3230               0.8276 6.6254e-14
                        1  0.0408     0.0559               1.4851 1.1469e-14
                        0  0.0000     0.6211               1.5259 1.2743e-13
 39  1.5112    2.0+                          1.8742e-13
                        5  0.4262     0.3333               1.0850 6.2473e-14
                        4  0.3901     0.3333               1.1211 6.2473e-14
                        1  0.0408     0.3333               1.4704 6.2473e-14
 38  1.5073    2.0-                          4.2704e-13
                        9  0.6750     1.0000               0.8323 4.2697e-13
 37  1.5049    1.0+                          2.1010e-13
                       11  0.7277     1.0000               0.7772 2.1001e-13
 36  1.4857    3.0+                          1.3382e-13
                        9  0.6750     0.2028               0.8108 2.7128e-14
                        5  0.4262     0.6993               1.0595 9.3559e-14
                        4  0.3901     0.0979               1.0956 1.3098e-14
 35  1.4330    2.0+                          2.0427e-13
                       10  0.6983     0.2500               0.7347 5.1067e-14
                        9  0.6750     0.2500               0.7580 5.1067e-14
                        6  0.5483     0.2500               0.8847 5.1067e-14
                        5  0.4262     0.2500               1.0068 5.1067e-14
 34  1.4296    1.0+                          2.2876e-13
                       10  0.6983     0.0242               0.7313 5.5217e-15
                        7  0.6375     0.0897               0.7921 2.0506e-14
                        6  0.5483     0.1448               0.8813 3.3117e-14
                        3  0.2878     0.3448               1.1418 7.8870e-14
                        2  0.2434     0.0379               1.1862 8.6762e-15
                        1  0.0408     0.0828               1.3887 1.8929e-14
                        0  0.0000     0.2758               1.4296 6.3088e-14
 33  1.4275    3.0+                          1.4085e-13
                        9  0.6750     0.5000               0.7525 7.0427e-14
                        1  0.0408     0.5000               1.3867 7.0427e-14
 32  1.4161    2.0-                          4.8695e-13
                       11  0.7277     0.2000               0.6884 9.7391e-14
                       10  0.6983     0.2000               0.7178 9.7391e-14
                        9  0.6750     0.2000               0.7411 9.7391e-14
                        2  0.2434     0.2000               1.1727 9.7391e-14
                        1  0.0408     0.2000               1.3753 9.7391e-14
 31  1.4102    1.0-                          4.5582e-13
                       14  0.9827     1.0000               0.4275 4.5265e-13
 30  1.4033    2.0+                          2.1113e-13
                        9  0.6750     0.3333               0.7283 7.0378e-14
                        4  0.3901     0.3333               1.0132 7.0378e-14
                        1  0.0408     0.3333               1.3625 7.0378e-14
 29  1.3950    2.0-                          5.0210e-13
                        0  0.0000     0.0400               1.3950 2.0084e-14
                        1  0.0408     0.0400               1.3542 2.0084e-14
                        2  0.2434     0.0400               1.1516 2.0084e-14
                        3  0.2878     0.0400               1.1072 2.0084e-14
                        5  0.4262     0.0400               0.9688 2.0084e-14
                        6  0.5483     0.0400               0.8467 2.0084e-14
                        7  0.6375     0.0400               0.7575 2.0084e-14
                        8  0.6448     0.0400               0.7502 2.0084e-14
                        9  0.6750     0.0400               0.7200 2.0084e-14
                       10  0.6983     0.0400               0.6967 2.0084e-14
                       11  0.7277     0.0400               0.6673 2.0084e-14
                       12  0.7560     0.0400               0.6391 2.0084e-14
                       13  0.9153     0.0400               0.4797 2.0084e-14
                       14  0.9827     0.0400               0.4123 2.0084e-14
                       15  1.0230     0.0400               0.3720 2.0084e-14
                       17  1.0772     0.0400               0.3178 2.0084e-14
                       18  1.1417     0.0400               0.2533 2.0084e-14
                       19  1.1441     0.0400               0.2509 2.0084e-14
                       20  1.1700     0.0400               0.2250 2.0084e-14
                       21  1.2215     0.0400               0.1735 2.0084e-14
                       23  1.2850     0.0400               0.1100 2.0084e-14
                       24  1.3463     0.0400               0.0487 2.0084e-14
                       25  1.3543     0.0400               0.0407 2.0084e-14
                       26  1.3670     0.0400               0.0280 2.0084e-14
                       28  1.3739     0.0400               0.0211 2.0084e-14
 28  1.3739    1.0+                          2.6382e-13
                        3  0.2878     0.5000               1.0861 1.3191e-13
                        2  0.2434     0.5000               1.1305 1.3191e-13
 27  1.3705    5.0+                          4.7867e-14                       2.0000e-12
                        5  0.4262     0.1708               0.9443 8.1731e-15
                        4  0.3901     0.8292               0.9804 3.9682e-14
 26  1.3670    2.0+                          2.3997e-13
                        1  0.0408     1.0000               1.3262 2.3993e-13
 25  1.3543    1.0+                          2.6935e-13
                       13  0.9153     0.2011               0.4390 5.4064e-14
                        8  0.6448     0.2175               0.7095 5.8557e-14
                        5  0.4262     0.1631               0.9281 4.3921e-14
                        3  0.2878     0.4182               1.0665 1.1263e-13
 24  1.3463    2.0+                          2.4515e-13
                       11  0.7277     0.2500               0.6186 6.1288e-14
                        9  0.6750     0.2500               0.6713 6.1288e-14
                        2  0.2434     0.2500               1.1029 6.1288e-14
                        1  0.0408     0.2500               1.3055 6.1288e-14
 23  1.2850    3.0+                          1.8684e-13
                       10  0.6983     0.3333               0.5867 6.2280e-14
                        5  0.4262     0.3333               0.8588 6.2280e-14
                        3  0.2878     0.3333               0.9972 6.2280e-14
 22  1.2487    4.0+                          9.0474e-14
                        9  0.6750     0.1492               0.5737 1.3485e-14
                        5  0.4262     0.3106               0.8225 2.8088e-14
                        4  0.3901     0.0404               0.8585 3.6509e-15
                        2  0.2434     0.1025               1.0052 9.2704e-15
                        1  0.0408     0.3974               1.2078 3.5945e-14
 21  1.2215    3.0+                          2.0002e-13
                        0  0.0000     1.0000               1.2215 1.9998e-13
 20  1.1700    2.0+                          2.9524e-13
                       16  1.0516     1.0000               0.1184 2.9524e-13
 19  1.1441    2.0+                          3.0356e-13
                        9  0.6750     0.5000               0.4691 1.5178e-13
                        4  0.3901     0.5000               0.7540 1.5178e-13
 18  1.1417    2.0+                          3.0436e-13
                        6  0.5483     0.0000               0.5933 0.0000e+00
                        5  0.4262     0.3000               0.7155 9.1259e-14
                        4  0.3901     0.5000               0.7515 1.5209e-13
                        2  0.2434     0.2000               0.8982 6.0854e-14
                        1  0.0408     0.0000               1.1008 0.0000e+00
 17  1.0772    2.0+                          3.2633e-13
                        4  0.3901     0.5954               0.6871 1.9415e-13
                        2  0.2434     0.0000               0.8338 0.0000e+00
                        1  0.0408     0.4046               1.0364 1.3200e-13
 16  1.0516    1.0-                          1.0594e-12
                        9  0.6750     1.0000               0.3766 1.0469e-12
 15  1.0230    2.0+                          3.4615e-13
                        2  0.2434     0.4000               0.7796 1.3840e-13
                        1  0.0408     0.1000               0.9822 3.4603e-14
                        0  0.0000     0.5000               1.0230 1.7304e-13
 14  0.9827    3.0+                          9.2697e-13
                        5  0.4262     0.1983               0.5565 1.8364e-13
                        4  0.3901     0.3514               0.5926 3.2545e-13
                        1  0.0408     0.4503               0.9419 4.1730e-13
 13  0.9153    2.0+                          4.4368e-13
                       12  0.7560     0.0000               0.1594 0.0000e+00
                        5  0.4262     0.4352               0.4891 1.9280e-13
                        3  0.2878     0.0213               0.6275 9.4476e-15
                        2  0.2434     0.1218               0.6719 5.4005e-14
                        0  0.0000     0.4217               0.9153 1.8704e-13
 12  0.7560    2.0+                          4.9467e-13
                        0  0.0000     1.0000               0.7560 4.9446e-13
 11  0.7277    2.0+                          9.0054e-13
                        3  0.2878     0.1023               0.4399 9.1932e-14
                        2  0.2434     0.5376               0.4843 4.8366e-13
                        1  0.0408     0.3601               0.6869 3.2406e-13
                        0  0.0000     0.0000               0.7277 0.0000e+00
 10  0.6983    3.0+                          1.0721e-12
                        5  0.4262     0.2550               0.2721 2.7154e-13
                        2  0.2434     0.3551               0.4549 3.8020e-13
                        1  0.0408     0.3899               0.6575 4.1780e-13
                        0  0.0000     0.0000               0.6983 0.0000e+00
  9  0.6750    3.0+                          2.7228e-12
                        4  0.3901     0.1595               0.2848 4.3267e-13
                        2  0.2434     0.4545               0.4315 1.2358e-12
                        1  0.0408     0.3860               0.6341 1.0504e-12
                        0  0.0000     0.0000               0.6750 0.0000e+00
  8  0.6448    2.0+                          6.6283e-13
                        0  0.0000     1.0000               0.6448 6.6245e-13
  7  0.6375    1.0+                          6.7538e-13                       1.5000e-13
                        3  0.2878     0.0156               0.3497 1.0486e-14
                        2  0.2434     0.0774               0.3940 5.2131e-14
                        1  0.0408     0.8982               0.5966 6.0613e-13
                        0  0.0000     0.0088               0.6375 5.9407e-15
  6  0.5483    1.0+                          7.3287e-13                       1.7000e-13
                        3  0.2878     0.0425               0.2605 3.1007e-14
                        2  0.2434     0.0092               0.3049 6.6955e-15
                        1  0.0408     0.4670               0.5075 3.4182e-13
                        0  0.0000     0.4813               0.5483 3.5236e-13
  5  0.4262    3.0+                          2.0175e-12                       1.6000e-13
                        1  0.0408     1.0000               0.3854 2.0139e-12
  4  0.3901    4.0+                          1.9322e-12                       1.1000e-08
                        2  0.2434     0.0372               0.1467 6.2875e-14
                        1  0.0408     0.9628               0.3493 1.8493e-12
  3  0.2878    2.0+                          1.5462e-12
                        1  0.0408     1.0000               0.2470 1.5264e-12
  2  0.2434    2.0+                          3.8035e-12
                        1  0.0408     0.0043               0.2026 1.6074e-14
                        0  0.0000     0.9957               0.2434 3.7384e-12
  1  0.0408    2.0+                          1.0548e-11                       4.5700e-09
                        0  0.0000     1.0000               0.0408 6.4043e-12
  0  0.0000    1.0+                          1.7831e-11                       5.8020e+02
#......................................................................../  028-060Ni //   1.000000
#                                                                          SUM SPECTRA FOR COMPOUND
#            029-061Cu      gamma
 SpcSum[mb]            2.5497e-06
 Emean[MeV]            1.8578e+00
#......................................................................../  028-060Ni //   1.000000
#                                                                   GAMMAS FROM DISCRETE TRANSITION
#           1 0 0 0 0 0             029-061Cu
#   Ex[MeV]     Jpi    FinalState  Branching Production    Egamma Production   T(1/2)[s]
 45  3.4544    2.5+                          7.1219e-11
                       15  2.3990     0.0508               1.0554 3.6165e-12
                        6  1.7326     0.2018               1.7218 1.4364e-11
                        3  1.3105     0.7474               2.1439 5.3191e-11
 44  3.4370    0.5+                          1.6083e-10
                        0  0.0000     0.0714               3.4370 1.1488e-11
                        1  0.4751     0.0714               2.9619 1.1488e-11
                        5  1.6605     0.0714               1.7765 1.1488e-11
                        8  1.9327     0.0714               1.5043 1.1488e-11
                       10  2.0889     0.0714               1.3481 1.1488e-11
                       14  2.3582     0.0714               1.0788 1.1488e-11
                       16  2.4725     0.0714               0.9645 1.1488e-11
                       21  2.6841     0.0714               0.7529 1.1488e-11
                       25  2.8405     0.0714               0.5965 1.1488e-11
                       26  2.8571     0.0714               0.5799 1.1488e-11
                       28  2.9327     0.0714               0.5043 1.1488e-11
                       31  3.0193     0.0714               0.4177 1.1488e-11
                       34  3.0655     0.0714               0.3715 1.1488e-11
                       35  3.0921     0.0714               0.3449 1.1488e-11
 43  3.4060    1.5+                          2.5372e-10
                        0  0.0000     0.0500               3.4060 1.2686e-11
                        1  0.4751     0.0500               2.9309 1.2686e-11
                        2  0.9701     0.0500               2.4359 1.2686e-11
                        4  1.3942     0.0500               2.0118 1.2686e-11
                        5  1.6605     0.0500               1.7455 1.2686e-11
                        7  1.9042     0.0500               1.5018 1.2686e-11
                        8  1.9327     0.0500               1.4733 1.2686e-11
                       10  2.0889     0.0500               1.3171 1.2686e-11
                       11  2.2034     0.0500               1.2026 1.2686e-11
                       14  2.3582     0.0500               1.0478 1.2686e-11
                       16  2.4725     0.0500               0.9335 1.2686e-11
                       18  2.5846     0.0500               0.8214 1.2686e-11
                       21  2.6841     0.0500               0.7219 1.2686e-11
                       24  2.7926     0.0500               0.6134 1.2686e-11
                       25  2.8405     0.0500               0.5655 1.2686e-11
                       26  2.8571     0.0500               0.5489 1.2686e-11
                       28  2.9327     0.0500               0.4733 1.2686e-11
                       31  3.0193     0.0500               0.3867 1.2686e-11
                       34  3.0655     0.0500               0.3405 1.2686e-11
                       35  3.0921     0.0500               0.3139 1.2686e-11
 42  3.3727    4.5+                          4.7209e-11
                        6  1.7326     1.0000               1.6401 4.7189e-11
 41  3.3570    0.5+                          3.0916e-10
                        0  0.0000     0.0714               3.3570 2.2083e-11
                        1  0.4751     0.0714               2.8819 2.2083e-11
                        5  1.6605     0.0714               1.6965 2.2083e-11
                        8  1.9327     0.0714               1.4243 2.2083e-11
                       10  2.0889     0.0714               1.2681 2.2083e-11
                       14  2.3582     0.0714               0.9988 2.2083e-11
                       16  2.4725     0.0714               0.8845 2.2083e-11
                       21  2.6841     0.0714               0.6729 2.2083e-11
                       25  2.8405     0.0714               0.5165 2.2083e-11
                       26  2.8571     0.0714               0.4999 2.2083e-11
                       28  2.9327     0.0714               0.4243 2.2083e-11
                       31  3.0193     0.0714               0.3377 2.2083e-11
                       34  3.0655     0.0714               0.2915 2.2083e-11
                       35  3.0921     0.0714               0.2649 2.2083e-11
 40  3.3231    3.5-                          5.1799e-11
                        3  1.3105     1.0000               2.0126 5.1781e-11
 39  3.2771    3.5+                          6.0137e-10
                        0  0.0000     1.0000               3.2771 6.0098e-10
 38  3.2598    5.5-                          1.2272e-11                       3.5000e-13
                       20  2.6271     0.0000               0.6326 0.0000e+00
                       19  2.6117     0.3963               0.6481 4.8600e-12
                       12  2.2951     0.1321               0.9647 1.6207e-12
                        6  1.7326     0.4716               1.5272 5.7863e-12
 37  3.2490    3.5+                          8.3986e-10
                        2  0.9701     0.0667               2.2789 5.5991e-11
                        3  1.3105     0.0667               1.9385 5.5991e-11
                        4  1.3942     0.0667               1.8548 5.5991e-11
                        6  1.7326     0.0667               1.5164 5.5991e-11
                        7  1.9042     0.0667               1.3448 5.5991e-11
                        9  1.9425     0.0667               1.3065 5.5991e-11
                       11  2.2034     0.0667               1.0456 5.5991e-11
                       12  2.2951     0.0667               0.9539 5.5991e-11
                       13  2.3365     0.0667               0.9125 5.5991e-11
                       15  2.3990     0.0667               0.8500 5.5991e-11
                       18  2.5846     0.0667               0.6644 5.5991e-11
                       19  2.6117     0.0667               0.6373 5.5991e-11
                       23  2.7283     0.0667               0.5207 5.5991e-11
                       24  2.7926     0.0667               0.4564 5.5991e-11
                       36  3.1986     0.0667               0.0504 5.5991e-11
 36  3.1986    3.5-                          2.1407e-10
                        9  1.9425     0.2615               1.2561 5.5970e-11
                        6  1.7326     0.4587               1.4660 9.8178e-11
                        4  1.3942     0.2798               1.8044 5.9881e-11
 35  3.0921    1.5-                          6.9042e-10                       3.3000e-14
                        0  0.0000     1.0000               3.0921 6.8987e-10
 34  3.0655    1.5-                          7.8743e-10                       4.0000e-14
                       14  2.3582     0.0977               0.7073 7.6867e-11
                        7  1.9042     0.3906               1.1614 3.0749e-10
                        4  1.3942     0.3086               1.6713 2.4293e-10
                        0  0.0000     0.2032               3.0655 1.5987e-10
 33  3.0420    2.5+                          8.3314e-09
                        1  0.4751     0.6171               2.5669 5.1392e-09
                        0  0.0000     0.3829               3.0420 3.1861e-09
 32  3.0370    0.5+                          4.7098e-09
                        0  0.0000     0.0833               3.0370 3.9248e-10
                        1  0.4751     0.0833               2.5619 3.9248e-10
                        5  1.6605     0.0833               1.3765 3.9248e-10
                        8  1.9327     0.0833               1.1043 3.9248e-10
                       10  2.0889     0.0833               0.9481 3.9248e-10
                       14  2.3582     0.0833               0.6788 3.9248e-10
                       16  2.4725     0.0833               0.5645 3.9248e-10
                       21  2.6841     0.0833               0.3529 3.9248e-10
                       25  2.8405     0.0833               0.1965 3.9248e-10
                       26  2.8571     0.0833               0.1799 3.9248e-10
                       28  2.9327     0.0833               0.1043 3.9248e-10
                       31  3.0193     0.0833               0.0177 3.9248e-10
 31  3.0193    1.5-                          1.3778e-09                       6.9000e-14
                        1  0.4751     0.7092               2.5442 9.7662e-10
                        0  0.0000     0.2908               3.0193 4.0037e-10
 30  3.0157    5.5-                          8.5682e-11                       2.9000e-13
                       13  2.3365     0.1371               0.6793 1.1740e-11
                       12  2.2951     0.1341               0.7206 1.1485e-11
                        3  1.3105     0.7288               1.7052 6.2429e-11
 29  3.0016    2.5+                          1.0725e-08                       1.7000e-13
                       11  2.2034     0.1353               0.7982 1.4510e-09
                        4  1.3942     0.2598               1.6074 2.7857e-09
                        0  0.0000     0.6049               3.0016 6.4793e-09
 28  2.9327    1.5-                          1.8620e-09                       6.5000e-14
                        4  1.3942     0.1023               1.5385 1.9044e-10
                        1  0.4751     0.7874               2.4576 1.4653e-09
                        0  0.0000     0.1103               2.9327 2.0522e-10
 27  2.9242    3.5+                          9.7281e-09                       2.7000e-13
                       20  2.6271     0.0451               0.2971 4.2591e-10
                       19  2.6117     0.0239               0.3125 2.3166e-10
                       15  2.3990     0.0438               0.5252 4.2589e-10
                       12  2.2951     0.0261               0.6291 2.5402e-10
                        9  1.9425     0.0930               0.9817 9.0414e-10
                        6  1.7326     0.7682               1.1916 7.4723e-09
 26  2.8571    1.5-                          2.4275e-09
                        1  0.4751     0.2000               2.3820 4.8525e-10
                        0  0.0000     0.8000               2.8571 1.9406e-09
 25  2.8405    1.5-                          2.5718e-09
                       10  2.0889     0.5570               0.7516 1.4318e-09
                        0  0.0000     0.4430               2.8405 1.1385e-09
 24  2.7926    2.5-                          2.9264e-09                       1.1600e-13
                        5  1.6605     0.1000               1.1322 2.9251e-10
                        3  1.3105     0.4454               1.4821 1.3031e-09
                        0  0.0000     0.4547               2.7926 1.3296e-09
 23  2.7283    3.5-                          2.2926e-09                       2.3000e-13
                       15  2.3990     0.0272               0.3293 6.2121e-11
                       11  2.2034     0.0392               0.5249 8.9745e-11
                        3  1.3105     0.3312               1.4178 7.5923e-10
                        2  0.9701     0.6023               1.7583 1.3805e-09
 22  2.7207    4.5+                          9.7843e-09                       2.8000e-12
                       19  2.6117     0.0478               0.1090 4.4763e-10
                       15  2.3990     0.0121               0.3217 1.1866e-10
                        9  1.9425     0.0138               0.7782 1.3480e-10
                        6  1.7326     0.3749               0.9881 3.6675e-09
                        3  1.3105     0.5514               1.4102 5.3935e-09
 21  2.6841    1.5-                          4.3478e-09                       8.5000e-14
                        4  1.3942     0.0270               1.2899 1.1746e-10
                        1  0.4751     0.5405               2.2090 2.3489e-09
                        0  0.0000     0.4325               2.6841 1.8792e-09
 20  2.6271    5.5-                          9.6622e-10                       3.5000e-13
                       13  2.3365     0.0164               0.2907 1.5727e-11
                       12  2.2951     0.0260               0.3320 2.4983e-11
                        3  1.3105     0.9576               1.3166 9.2512e-10
 19  2.6117    4.5-                          2.3922e-09                       2.8000e-13
                       12  2.2951     0.0141               0.3166 3.3627e-11
                        9  1.9425     0.3011               0.6692 7.1996e-10
                        6  1.7326     0.5857               0.8791 1.4008e-09
                        3  1.3105     0.0990               1.3012 2.3676e-10
 18  2.5846    2.5-                          6.2684e-09                       9.8000e-14
                        0  0.0000     1.0000               2.5846 6.2647e-09
 17  2.5838    2.5+                          6.6600e-08                       1.0200e-13
                        9  1.9425     0.1803               0.6413 1.2004e-08
                        6  1.7326     0.8197               0.8512 5.4583e-08
 16  2.4725    1.5-                          8.2508e-09                       7.5000e-14
                        2  0.9701     0.1012               1.5024 8.3478e-10
                        1  0.4751     0.8431               1.9974 6.9545e-09
                        0  0.0000     0.0557               2.4725 4.5896e-10
 15  2.3990    3.5-                          7.4890e-09                       1.2100e-13
                        3  1.3105     0.4179               1.0885 3.1290e-09
                        2  0.9701     0.5821               1.4290 4.3587e-09
 14  2.3582    1.5-                          1.1345e-08                       1.9700e-13
                        8  1.9327     0.1078               0.4255 1.2203e-09
                        5  1.6605     0.3090               0.6977 3.5037e-09
                        1  0.4751     0.3471               1.8831 3.9368e-09
                        0  0.0000     0.2361               2.3582 2.6773e-09
 13  2.3365    4.5-                          3.9252e-09                       4.3000e-13
                        9  1.9425     0.0173               0.3940 6.7755e-11
                        4  1.3942     0.0120               0.9423 4.7126e-11
                        3  1.3105     0.2200               1.0259 8.6335e-10
                        2  0.9701     0.7507               1.3664 2.9461e-09
 12  2.2951    4.5-                          4.6820e-09                       1.8000e-12
                        9  1.9425     0.0761               0.3526 3.5543e-10
                        6  1.7326     0.1992               0.5625 9.3185e-10
                        4  1.3942     0.2579               0.9009 1.2071e-09
                        3  1.3105     0.3420               0.9846 1.6009e-09
                        2  0.9701     0.1248               1.3250 5.8422e-10
 11  2.2034    2.5-                          2.0099e-08                       1.7300e-13
                        6  1.7326     0.1145               0.4708 2.2975e-09
                        3  1.3105     0.1874               0.8929 3.7655e-09
                        2  0.9701     0.4685               1.2334 9.4150e-09
                        1  0.4751     0.2296               1.7283 4.6135e-09
 10  2.0889    0.5-                          1.4907e-08                       2.8000e-14
                        1  0.4751     0.3197               1.6138 4.7649e-09
                        0  0.0000     0.6803               2.0889 1.0138e-08
  9  1.9425    3.5-                          3.5414e-08                       1.2000e-12
                        6  1.7326     0.0997               0.2099 3.5035e-09
                        4  1.3942     0.0050               0.5483 1.7623e-10
                        3  1.3105     0.1919               0.6319 6.7927e-09
                        2  0.9701     0.5997               0.9724 2.1231e-08
                        0  0.0000     0.1037               1.9425 3.6716e-09
  8  1.9327    1.5-                          3.1477e-08                       8.7000e-14
                        2  0.9701     0.0757               0.9626 2.3819e-09
                        1  0.4751     0.2545               1.4576 8.0097e-09
                        0  0.0000     0.6698               1.9327 2.1077e-08
  7  1.9042    2.5-                          3.6625e-08                       1.8000e-13
                        3  1.3105     0.2212               0.5936 8.0969e-09
                        2  0.9701     0.4164               0.9341 1.5248e-08
                        0  0.0000     0.3623               1.9042 1.3267e-08
  6  1.7326    3.5-                          1.0630e-07                       1.4000e-12
                        4  1.3942     0.0230               0.3384 2.4308e-09
                        3  1.3105     0.2228               0.4221 2.3649e-08
                        2  0.9701     0.1360               0.7625 1.4451e-08
                        0  0.0000     0.6182               1.7326 6.5697e-08
  5  1.6605    1.5-                          5.4799e-08                       1.8200e-13
                        4  1.3942     0.0461               0.2663 2.5038e-09
                        2  0.9701     0.1567               0.6904 8.5824e-09
                        1  0.4751     0.1443               1.1854 7.9057e-09
                        0  0.0000     0.6529               1.6605 3.5769e-08
  4  1.3942    2.5-                          1.0119e-07                       8.5000e-13
                        2  0.9701     0.0282               0.4241 2.8461e-09
                        1  0.4751     0.1194               0.9191 1.2079e-08
                        0  0.0000     0.8524               1.3942 8.6243e-08
  3  1.3105    3.5-                          1.2345e-07                       5.3000e-13
                        2  0.9701     0.0620               0.3405 7.6404e-09
                        0  0.0000     0.9380               1.3105 1.1577e-07
  2  0.9701    2.5-                          2.6359e-07                       6.9000e-13
                        1  0.4751     0.0090               0.4950 2.3763e-09
                        0  0.0000     0.9910               0.9701 2.6115e-07
  1  0.4751    0.5-                          2.3736e-07                       6.6000e-13
                        0  0.0000     1.0000               0.4751 2.3710e-07
  0  0.0000    1.5-                          1.3630e-06                       1.2000e+04
#......................................................................../  028-060Ni //   1.000000
#                                                                          SUM SPECTRA FOR COMPOUND
#            028-061Ni      gamma      alpha
 SpcSum[mb]            5.1128e-05 0.0000e+00
 Emean[MeV]            1.5272e+00 0.0000e+00
#......................................................................../  028-060Ni //   1.000000
#                                                                   GAMMAS FROM DISCRETE TRANSITION
#           0 1 0 0 0 0             028-061Ni
#   Ex[MeV]     Jpi    FinalState  Branching Production    Egamma Production   T(1/2)[s]
 35  2.9050    3.5-                          7.3799e-09
                       17  2.0300     0.2500               0.8750 1.8450e-09
                       18  2.1216     0.2500               0.7834 1.8450e-09
                       27  2.6970     0.2500               0.2080 1.8450e-09
                       28  2.7090     0.2500               0.1960 1.8450e-09
 34  2.8635    1.5-                          1.1493e-08
                       11  1.7295     0.2662               1.1340 3.0589e-09
                       10  1.6097     0.1728               1.2538 1.9857e-09
                        8  1.1853     0.1586               1.6782 1.8224e-09
                        2  0.2830     0.2834               2.5805 3.2552e-09
                        1  0.0674     0.1190               2.7961 1.3667e-09
 33  2.8530    3.5-                          9.2160e-09
                       17  2.0300     0.2500               0.8230 2.3040e-09
                       18  2.1216     0.2500               0.7314 2.3040e-09
                       27  2.6970     0.2500               0.1560 2.3040e-09
                       28  2.7090     0.2500               0.1440 2.3040e-09
 32  2.8010    2.5-                          1.6632e-08
                       13  1.9780     0.2000               0.8230 3.3264e-09
                       17  2.0300     0.2000               0.7710 3.3264e-09
                       27  2.6970     0.2000               0.1040 3.3264e-09
                       28  2.7090     0.2000               0.0920 3.3264e-09
                       31  2.7860     0.2000               0.0150 3.3264e-09
 31  2.7860    1.5+                          8.4093e-08
                        0  0.0000     0.0667               2.7860 5.6062e-09
                        1  0.0674     0.0667               2.7186 5.6062e-09
                        2  0.2830     0.0667               2.5030 5.6062e-09
                        3  0.6560     0.0667               2.1300 5.6062e-09
                        4  0.9086     0.0667               1.8774 5.6062e-09
                        6  1.0996     0.0667               1.6864 5.6062e-09
                        7  1.1323     0.0667               1.6537 5.6062e-09
                        8  1.1853     0.0667               1.6007 5.6062e-09
                       10  1.6097     0.0667               1.1763 5.6062e-09
                       11  1.7295     0.0667               1.0565 5.6062e-09
                       15  1.9976     0.0667               0.7884 5.6062e-09
                       19  2.1240     0.0667               0.6620 5.6062e-09
                       22  2.4140     0.0667               0.3720 5.6062e-09
                       26  2.6397     0.0667               0.1463 5.6062e-09
                       30  2.7651     0.0667               0.0209 5.6062e-09
 30  2.7651    1.5-                          2.2703e-08
                        7  1.1323     0.0874               1.6328 1.9836e-09
                        6  1.0996     0.1608               1.6655 3.6499e-09
                        4  0.9086     0.0664               1.8565 1.5075e-09
                        2  0.2830     0.3357               2.4821 7.6173e-09
                        0  0.0000     0.3497               2.7651 7.9341e-09
 29  2.7340    3.5-                          1.5137e-08
                       17  2.0300     0.2500               0.7040 3.7842e-09
                       18  2.1216     0.2500               0.6124 3.7842e-09
                       27  2.6970     0.2500               0.0370 3.7842e-09
                       28  2.7090     0.2500               0.0250 3.7842e-09
 28  2.7090    2.5+                          1.3630e-07
                        0  0.0000     0.0588               2.7090 8.0178e-09
                        1  0.0674     0.0588               2.6416 8.0178e-09
                        4  0.9086     0.0588               1.8004 8.0178e-09
                        5  1.0151     0.0588               1.6939 8.0178e-09
                        6  1.0996     0.0588               1.6094 8.0178e-09
                        7  1.1323     0.0588               1.5767 8.0178e-09
                        8  1.1853     0.0588               1.5237 8.0178e-09
                        9  1.4548     0.0588               1.2542 8.0178e-09
                       10  1.6097     0.0588               1.0993 8.0178e-09
                       11  1.7295     0.0588               0.9795 8.0178e-09
                       15  1.9976     0.0588               0.7114 8.0178e-09
                       16  2.0181     0.0588               0.6909 8.0178e-09
                       22  2.4140     0.0588               0.2950 8.0178e-09
                       23  2.4690     0.0588               0.2400 8.0178e-09
                       24  2.5290     0.0588               0.1800 8.0178e-09
                       25  2.5930     0.0588               0.1160 8.0178e-09
                       26  2.6397     0.0588               0.0693 8.0178e-09
 27  2.6970    2.5+                          1.4282e-07
                        0  0.0000     0.0588               2.6970 8.4010e-09
                        1  0.0674     0.0588               2.6296 8.4010e-09
                        4  0.9086     0.0588               1.7884 8.4010e-09
                        5  1.0151     0.0588               1.6819 8.4010e-09
                        6  1.0996     0.0588               1.5974 8.4010e-09
                        7  1.1323     0.0588               1.5647 8.4010e-09
                        8  1.1853     0.0588               1.5117 8.4010e-09
                        9  1.4548     0.0588               1.2422 8.4010e-09
                       10  1.6097     0.0588               1.0873 8.4010e-09
                       11  1.7295     0.0588               0.9675 8.4010e-09
                       15  1.9976     0.0588               0.6994 8.4010e-09
                       16  2.0181     0.0588               0.6789 8.4010e-09
                       22  2.4140     0.0588               0.2830 8.4010e-09
                       23  2.4690     0.0588               0.2280 8.4010e-09
                       24  2.5290     0.0588               0.1680 8.4010e-09
                       25  2.5930     0.0588               0.1040 8.4010e-09
                       26  2.6397     0.0588               0.0573 8.4010e-09
 26  2.6397    1.5-                          4.9753e-08
                        2  0.2830     0.0880               2.3568 4.3763e-09
                        1  0.0674     0.0738               2.5723 3.6678e-09
                        0  0.0000     0.8382               2.6397 4.1679e-08
 25  2.5930    3.5-                          4.2746e-08
                       17  2.0300     0.5000               0.5630 2.1373e-08
                       18  2.1216     0.5000               0.4714 2.1373e-08
 24  2.5290    3.5-                          4.9741e-08
                       17  2.0300     0.5000               0.4990 2.4871e-08
                       18  2.1216     0.5000               0.4074 2.4871e-08
 23  2.4690    3.5-                          5.7592e-08                       2.3600e-13
                       17  2.0300     0.5000               0.4390 2.8796e-08
                       18  2.1216     0.5000               0.3474 2.8796e-08
 22  2.4140    1.5-                          8.2770e-08
                       13  1.9780     0.5000               0.4360 4.1385e-08
                       17  2.0300     0.5000               0.3840 4.1385e-08
 21  2.4097    4.5-                          2.8040e-08                       1.9000e-13
                        9  1.4548     0.1677               0.9549 4.7010e-09
                        7  1.1323     0.1180               1.2774 3.3080e-09
                        5  1.0151     0.0931               1.3946 2.6114e-09
                        1  0.0674     0.6212               2.3423 1.7408e-08
 20  2.1292    5.5-                          3.5094e-08                       2.0000e-12
                        5  1.0151     1.0000               1.1141 3.5087e-08
 19  2.1240    0.5-                          8.8263e-08                       4.4000e-14
                        8  1.1853     0.1039               0.9387 9.1682e-09
                        0  0.0000     0.8961               2.1240 7.9062e-08
 18  2.1216    4.5+                          4.0768e-07                       4.0000e-13
                        5  1.0151     1.0000               1.1065 4.0764e-07
 17  2.0300    2.5+                          1.2763e-06
                        0  0.0000     0.0833               2.0300 1.0636e-07
                        1  0.0674     0.0833               1.9626 1.0636e-07
                        4  0.9086     0.0833               1.1214 1.0636e-07
                        5  1.0151     0.0833               1.0149 1.0636e-07
                        6  1.0996     0.0833               0.9304 1.0636e-07
                        7  1.1323     0.0833               0.8977 1.0636e-07
                        8  1.1853     0.0833               0.8447 1.0636e-07
                        9  1.4548     0.0833               0.5752 1.0636e-07
                       10  1.6097     0.0833               0.4203 1.0636e-07
                       11  1.7295     0.0833               0.3005 1.0636e-07
                       15  1.9976     0.0833               0.0324 1.0636e-07
                       16  2.0181     0.0833               0.0119 1.0636e-07
 16  2.0181    3.5-                          2.7817e-07                       1.2000e-13
                        4  0.9086     0.0991               1.1095 2.7559e-08
                        1  0.0674     0.9009               1.9507 2.5053e-07
 15  1.9976    2.5-                          3.5070e-07                       4.5000e-14
                        5  1.0151     0.1101               0.9825 3.8607e-08
                        4  0.9086     0.1597               1.0890 5.6002e-08
                        1  0.0674     0.0503               1.9302 1.7640e-08
                        0  0.0000     0.6799               1.9976 2.3835e-07
 14  1.9880    4.5-                          9.6354e-08                       5.1000e-13
                        9  1.4548     0.1297               0.5332 1.2489e-08
                        5  1.0151     0.1194               0.9729 1.1503e-08
                        4  0.9086     0.1820               1.0794 1.7535e-08
                        1  0.0674     0.5689               1.9206 5.4793e-08
 13  1.9780    1.5+                          1.1956e-06
                        0  0.0000     0.1000               1.9780 1.1956e-07
                        1  0.0674     0.1000               1.9106 1.1956e-07
                        2  0.2830     0.1000               1.6950 1.1956e-07
                        3  0.6560     0.1000               1.3220 1.1956e-07
                        4  0.9086     0.1000               1.0694 1.1956e-07
                        6  1.0996     0.1000               0.8784 1.1956e-07
                        7  1.1323     0.1000               0.8457 1.1956e-07
                        8  1.1853     0.1000               0.7927 1.1956e-07
                       10  1.6097     0.1000               0.3683 1.1956e-07
                       11  1.7295     0.1000               0.2485 1.1956e-07
 12  1.8077    4.5-                          1.4769e-07                       6.0000e-13
                        5  1.0151     0.1103               0.7926 1.6284e-08
                        1  0.0674     0.8897               1.7403 1.3136e-07
 11  1.7295    1.5-                          6.0577e-07                       6.5000e-14
                        8  1.1853     0.0586               0.5442 3.5444e-08
                        4  0.9086     0.0712               0.8209 4.3145e-08
                        3  0.6560     0.1527               1.0735 9.2481e-08
                        2  0.2830     0.2137               1.4465 1.2943e-07
                        1  0.0674     0.2494               1.6621 1.5104e-07
                        0  0.0000     0.2544               1.7295 1.5407e-07
 10  1.6097    2.5-                          7.6679e-07                       2.6000e-13
                        7  1.1323     0.0371               0.4773 2.8409e-08
                        4  0.9086     0.0466               0.7010 3.5699e-08
                        1  0.0674     0.5007               1.5422 3.8387e-07
                        0  0.0000     0.4156               1.6097 3.1862e-07
  9  1.4548    3.5-                          6.5643e-07                       5.8000e-13
                        5  1.0151     0.0602               0.4397 3.9421e-08
                        1  0.0674     0.2332               1.3874 1.5306e-07
                        0  0.0000     0.7066               1.4548 4.6377e-07
  8  1.1853    1.5-                          1.2480e-06                       1.2000e-13
                        3  0.6560     0.0882               0.5292 1.0991e-07
                        2  0.2830     0.0194               0.9023 2.4179e-08
                        1  0.0674     0.0116               1.1178 1.4511e-08
                        0  0.0000     0.8808               1.1853 1.0991e-06
  7  1.1323    2.5-                          1.4698e-06                       3.2000e-13
                        5  1.0151     0.0835               0.1172 1.0495e-07
                        1  0.0674     0.3214               1.0649 4.7231e-07
                        0  0.0000     0.5951               1.1323 8.7453e-07
  6  1.0996    1.5-                          1.3428e-06                       1.6000e-13
                        2  0.2830     0.5163               0.8167 6.9305e-07
                        1  0.0674     0.0707               1.0322 9.4953e-08
                        0  0.0000     0.4130               1.0996 5.5446e-07
  5  1.0151    3.5-                          1.8675e-06                       4.4000e-12
                        3  0.6560     0.0328               0.3591 5.9608e-08
                        1  0.0674     0.7256               0.9477 1.3547e-06
                        0  0.0000     0.2416               1.0151 4.5107e-07
  4  0.9086    2.5-                          2.0922e-06                       7.0000e-13
                        2  0.2830     0.0301               0.6257 6.2861e-08
                        1  0.0674     0.1576               0.8412 3.2963e-07
                        0  0.0000     0.8123               0.9086 1.6992e-06
  3  0.6560    0.5-                          1.6040e-06                       1.7000e-11
                        2  0.2830     0.1530               0.3731 2.4500e-07
                        1  0.0674     0.0826               0.5886 1.3232e-07
                        0  0.0000     0.7644               0.6560 1.2253e-06
  2  0.2830    0.5-                          3.2420e-06                       2.3000e-11
                        1  0.0674     0.0018               0.2155 5.8043e-09
                        0  0.0000     0.9982               0.2830 3.2253e-06
  1  0.0674    2.5-                          8.6458e-06                       5.3400e-09
                        0  0.0000     1.0000               0.0674 7.5907e-06
  0  0.0000    1.5-                          2.3889e-05
#......................................................................../  028-060Ni //   1.000000
#                                                                          SUM SPECTRA FOR COMPOUND
#            027-058Co      gamma     proton      alpha
 SpcSum[mb]            6.1952e-08 0.0000e+00 0.0000e+00
 Emean[MeV]            1.2179e+00 0.0000e+00 0.0000e+00
#......................................................................../  028-060Ni //   1.000000
#                                                                   GAMMAS FROM DISCRETE TRANSITION
#           0 0 1 0 0 0             027-058Co
#   Ex[MeV]     Jpi    FinalState  Branching Production    Egamma Production   T(1/2)[s]
 51  2.2600    3.0-                          4.2284e-11
                        0  0.0000     0.0400               2.2600 1.6914e-12
                        2  0.0532     0.0400               2.2068 1.6914e-12
                        3  0.1118     0.0400               2.1482 1.6914e-12
                        4  0.3657     0.0400               1.8943 1.6914e-12
                        6  0.4575     0.0400               1.8025 1.6914e-12
                        7  0.8856     0.0400               1.3744 1.6914e-12
                        8  1.0401     0.0400               1.2199 1.6914e-12
                        9  1.0443     0.0400               1.2157 1.6914e-12
                       14  1.2366     0.0400               1.0234 1.6914e-12
                       16  1.3535     0.0400               0.9065 1.6914e-12
                       20  1.4240     0.0400               0.8360 1.6914e-12
                       23  1.5133     0.0400               0.7467 1.6914e-12
                       24  1.5226     0.0400               0.7374 1.6914e-12
                       25  1.5244     0.0400               0.7356 1.6914e-12
                       27  1.5547     0.0400               0.7053 1.6914e-12
                       28  1.6056     0.0400               0.6544 1.6914e-12
                       29  1.6699     0.0400               0.5901 1.6914e-12
                       32  1.7493     0.0400               0.5106 1.6914e-12
                       37  1.8430     0.0400               0.4170 1.6914e-12
                       38  1.8658     0.0400               0.3942 1.6914e-12
                       40  1.9250     0.0400               0.3350 1.6914e-12
                       42  1.9788     0.0400               0.2812 1.6914e-12
                       43  2.0070     0.0400               0.2530 1.6914e-12
                       44  2.0700     0.0400               0.1900 1.6914e-12
                       47  2.1660     0.0400               0.0940 1.6914e-12
 50  2.2488    1.0+                          8.8017e-12
                        0  0.0000     1.0000               2.2488 8.7979e-12
 49  2.2250    5.0+                          1.3804e-12
                       46  2.1050     1.0000               0.1200 1.3804e-12
 48  2.1848    6.0+                          9.5316e-13
                       13  1.1846     1.0000               1.0002 9.5297e-13
 47  2.1660    3.0+                          1.0544e-11
                       46  2.1050     1.0000               0.0610 1.0544e-11
 46  2.1050    4.0-                          8.2367e-11
                        1  0.0249     0.0385               2.0800 3.1680e-12
                        2  0.0532     0.0385               2.0518 3.1680e-12
                        3  0.1118     0.0385               1.9932 3.1680e-12
                        4  0.3657     0.0385               1.7393 3.1680e-12
                        5  0.3739     0.0385               1.7311 3.1680e-12
                        6  0.4575     0.0385               1.6475 3.1680e-12
                        7  0.8856     0.0385               1.2194 3.1680e-12
                        8  1.0401     0.0385               1.0649 3.1680e-12
                        9  1.0443     0.0385               1.0607 3.1680e-12
                       13  1.1846     0.0385               0.9204 3.1680e-12
                       15  1.3515     0.0385               0.7535 3.1680e-12
                       19  1.4181     0.0385               0.6869 3.1680e-12
                       20  1.4240     0.0385               0.6810 3.1680e-12
                       23  1.5133     0.0385               0.5917 3.1680e-12
                       25  1.5244     0.0385               0.5806 3.1680e-12
                       26  1.5488     0.0385               0.5562 3.1680e-12
                       27  1.5547     0.0385               0.5503 3.1680e-12
                       28  1.6056     0.0385               0.4994 3.1680e-12
                       29  1.6699     0.0385               0.4351 3.1680e-12
                       31  1.7405     0.0385               0.3645 3.1680e-12
                       32  1.7493     0.0385               0.3557 3.1680e-12
                       34  1.7780     0.0385               0.3270 3.1680e-12
                       37  1.8430     0.0385               0.2620 3.1680e-12
                       42  1.9788     0.0385               0.1262 3.1680e-12
                       43  2.0070     0.0385               0.0980 3.1680e-12
                       44  2.0700     0.0385               0.0350 3.1680e-12
 45  2.0805    6.0+                          1.7885e-12
                       13  1.1846     1.0000               0.8959 1.7881e-12
 44  2.0700    4.0+                          1.2858e-11
                        2  0.0532     1.0000               2.0168 1.2858e-11
 43  2.0070    3.0+                          2.7456e-11
                        3  0.1118     1.0000               1.8952 2.7456e-11
 42  1.9788    3.0+                          3.1149e-11
                        9  1.0443     1.0000               0.9345 3.1142e-11
 41  1.9290    7.0+                          2.2646e-10                       2.7700e-13
                       21  1.4246     0.7296               0.5044 1.6505e-10
                        5  0.3739     0.2704               1.5551 6.1224e-11
 40  1.9250    2.0+                          6.1673e-11
                       12  1.1330     1.0000               0.7920 6.1673e-11
 39  1.8677    1.0+                          8.0149e-11
                       10  1.0502     0.0000               0.8175 0.0000e+00
                        2  0.0532     0.4012               1.8145 3.2149e-11
                        0  0.0000     0.5988               1.8677 4.7980e-11
 38  1.8658    2.0+                          8.1360e-11
                        7  0.8856     0.2500               0.9802 2.0340e-11
                        6  0.4575     0.2500               1.4083 2.0340e-11
                        2  0.0532     0.2500               1.8126 2.0340e-11
                        0  0.0000     0.2500               1.8658 2.0340e-11
 37  1.8430    3.0+                          5.6003e-11
                        3  0.1118     1.0000               1.7312 5.6003e-11
 36  1.8280    0.0-                          2.4636e-10
                       10  1.0502     0.1667               0.7778 4.1060e-11
                       17  1.3690     0.1667               0.4590 4.1060e-11
                       18  1.3769     0.1667               0.4511 4.1060e-11
                       22  1.4349     0.1667               0.3931 4.1060e-11
                       30  1.7292     0.1667               0.0988 4.1060e-11
                       33  1.7572     0.1667               0.0708 4.1060e-11
 35  1.8133    0.0+                          5.0155e-11
                        0  0.0000     1.0000               1.8133 5.0141e-11
 34  1.7780    5.0+                          1.6846e-11
                        1  0.0249     1.0000               1.7530 1.6846e-11
 33  1.7572    1.0+                          1.7077e-10
                       10  1.0502     0.4083               0.7070 6.9692e-11
                        3  0.1118     0.5917               1.6454 1.0102e-10
 32  1.7493    4.0+                          4.3368e-11
                        7  0.8856     0.4630               0.8637 2.0072e-11
                        2  0.0532     0.2454               1.6962 1.0639e-11
                        0  0.0000     0.2917               1.7493 1.2646e-11
 31  1.7405    5.0+                          1.9165e-11
                        3  0.1118     1.0000               1.6287 1.9161e-11
 30  1.7292    1.0+                          1.8620e-10
                        5  0.3739     0.1567               1.3553 2.9169e-11
                        4  0.3657     0.7463               1.3636 1.3893e-10
                        0  0.0000     0.0970               1.7292 1.8062e-11
 29  1.6699    3.0+                          1.0955e-10
                       10  1.0502     1.0000               0.6197 1.0946e-10
 28  1.6056    3.0+                          1.3733e-10
                        6  0.4575     0.0000               1.1481 0.0000e+00
                        3  0.1118     0.7407               1.4939 1.0171e-10
                        0  0.0000     0.2593               1.6056 3.5604e-11
 27  1.5547    3.0+                          1.6289e-10
                       10  1.0502     0.7197               0.5046 1.1705e-10
                        4  0.3657     0.0000               1.1891 0.0000e+00
                        0  0.0000     0.2803               1.5547 4.5650e-11
 26  1.5488    5.0+                          3.6032e-11
                       11  1.0755     0.3335               0.4733 1.2001e-11
                        7  0.8856     0.6665               0.6632 2.4000e-11
 25  1.5244    3.0+                          1.7975e-10
                        4  0.3657     0.4505               1.1587 8.0964e-11
                        0  0.0000     0.5495               1.5244 9.8755e-11
 24  1.5226    2.0+                          3.0118e-10
                        4  0.3657     0.4413               1.1569 1.3289e-10
                        3  0.1118     0.5587               1.4108 1.6824e-10
 23  1.5133    3.0+                          1.8622e-10
                        8  1.0401     0.1306               0.4732 2.4289e-11
                        5  0.3739     0.0988               1.1394 1.8395e-11
                        4  0.3657     0.3952               1.1477 7.3583e-11
                        1  0.0249     0.3754               1.4884 6.9895e-11
 22  1.4349    1.0+                          4.3802e-10                       6.0000e-13
                        0  0.0000     1.0000               1.4349 4.3796e-10
 21  1.4246    6.0+                          2.2330e-10                       7.6000e-14
                        5  0.3739     0.8961               1.0507 2.0007e-10
                        1  0.0249     0.1039               1.3997 2.3198e-11
 20  1.4240    3.0+                          2.4497e-10
                        3  0.1118     1.0000               1.3122 2.4497e-10
 19  1.4181    5.0+                          5.3508e-11
                        5  0.3739     1.0000               1.0442 5.3499e-11
 18  1.3769    1.0+                          5.1059e-10                       1.6000e-13
                       10  1.0502     0.0683               0.3267 3.4708e-11
                        9  1.0443     0.4461               0.3326 2.2065e-10
                        0  0.0000     0.4856               1.3769 2.4791e-10
 17  1.3690    1.0+                          5.2111e-10
                       12  1.1330     1.0000               0.2360 5.2111e-10
 16  1.3535    2.0+                          4.9938e-10                       6.0000e-13
                        4  0.3657     0.5650               0.9878 2.8209e-10
                        3  0.1118     0.2373               1.2417 1.1849e-10
                        0  0.0000     0.1977               1.3535 9.8714e-11
 15  1.3515    5.0+                          6.4709e-11
                        7  0.8856     0.0742               0.4659 4.7914e-12
                        6  0.4575     0.9258               0.8940 5.9893e-11
 14  1.2366    2.0+                          6.8213e-10
                        3  0.1118     0.2537               1.1248 1.7303e-10
                        0  0.0000     0.7463               1.2366 5.0900e-10
 13  1.1846    5.0+                          1.0367e-10                       9.7000e-14
                        6  0.4575     0.6897               0.7271 7.1472e-11
                        2  0.0532     0.2069               1.1315 2.1446e-11
                        1  0.0249     0.1034               1.1597 1.0718e-11
 12  1.1330    1.0-                          5.1992e-09
                        0  0.0000     0.5000               1.1330 2.5996e-09
                       10  1.0502     0.5000               0.0828 2.5996e-09
 11  1.0755    6.0+                          2.0063e-10                       6.9000e-14
                        5  0.3739     0.1327               0.7016 2.6612e-11
                        1  0.0249     0.8673               1.0505 1.7398e-10
 10  1.0502    1.0+                          4.0347e-09                       1.4000e-13
                        4  0.3657     0.0305               0.6845 1.2298e-10
                        3  0.1118     0.3598               0.9384 1.4513e-09
                        0  0.0000     0.6097               1.0502 2.4595e-09
  9  1.0443    4.0+                          6.0318e-10                       1.2000e-12
                        5  0.3739     0.0000               0.6703 0.0000e+00
                        3  0.1118     0.1803               0.9325 1.0873e-10
                        0  0.0000     0.8197               1.0443 4.9433e-10
  8  1.0401    3.0+                          6.8892e-10                       1.4000e-13
                        6  0.4575     0.4609               0.5826 3.1735e-10
                        4  0.3657     0.2350               0.6745 1.6181e-10
                        0  0.0000     0.3041               1.0401 2.0946e-10
  7  0.8856    3.0+                          1.0013e-09                       1.5000e-13
                        5  0.3739     0.1727               0.5117 1.7267e-10
                        4  0.3657     0.2036               0.5200 2.0366e-10
                        3  0.1118     0.4423               0.7739 4.4271e-10
                        2  0.0532     0.0531               0.8325 5.3132e-11
                        1  0.0249     0.1283               0.8607 1.2842e-10
  6  0.4575    4.0+                          1.5854e-09                       9.0000e-13
                        4  0.3657     0.0171               0.0918 1.9399e-11
                        3  0.1118     0.1596               0.3457 2.5216e-10
                        2  0.0532     0.0065               0.4043 1.0347e-11
                        1  0.0249     0.8167               0.4325 1.2934e-09
  5  0.3739    5.0+                          1.1014e-09                       8.0000e-13
                        2  0.0532     0.9424               0.3208 1.0358e-09
                        1  0.0249     0.0576               0.3490 6.3187e-11
  4  0.3657    3.0+                          3.6605e-09                       1.1000e-12
                        3  0.1118     0.0090               0.2539 3.2596e-11
                        2  0.0532     0.0000               0.3125 0.0000e+00
                        0  0.0000     0.9910               0.3657 3.6218e-09
  3  0.1118    3.0+                          6.9218e-09                       1.4000e-10
                        2  0.0532     0.4185               0.0586 2.4611e-09
                        0  0.0000     0.5815               0.1118 3.9059e-09
  2  0.0532    4.0+                          6.2371e-09                       1.0500e-05
                        1  0.0249     0.3332               0.0282 2.5657e-10
                        0  0.0000     0.6668               0.0532 5.9668e-10
  1  0.0249    5.0+                          4.8026e-09                       3.2760e+04
                        0  0.0000     1.0000               0.0249 1.9050e-12
  0  0.0000    2.0+                          3.0610e-08                       6.1220e+06
#......................................................................../  028-060Ni //   1.000000
#                                                                         ISOMERIC STATE PRODUCTION
#            027-058Co
#   Ex[MeV]     Jpi     T(1/2)[s]  Prod.[mb]
  1  0.0249    5.0+    3.2760e+04 4.8026e-09
#......................................................................../  028-060Ni //   1.000000
#                                                                          SUM SPECTRA FOR COMPOUND
#            028-060Ni      gamma
 SpcSum[mb]            0.0000e+00
 Emean[MeV]            0.0000e+00
#......................................................................../  028-060Ni //   1.000000
#                                                                   GAMMAS FROM DISCRETE TRANSITION
#           0 0 0 1 0 0             028-060Ni
#   Ex[MeV]     Jpi    FinalState  Branching Production    Egamma Production   T(1/2)[s]
  0  0.0000    0.0+                          1.0388e-17
#......................................................................../  028-060Ni //   1.000000
#                                                                          SUM SPECTRA FOR COMPOUND
#            026-057Fe      gamma
 SpcSum[mb]            0.0000e+00
 Emean[MeV]            0.0000e+00
#......................................................................../  028-060Ni //   1.000000
#                                                                   GAMMAS FROM DISCRETE TRANSITION
#           0 1 1 0 0 0             026-057Fe
#   Ex[MeV]     Jpi    FinalState  Branching Production    Egamma Production   T(1/2)[s]
  0  0.0000    0.5-                          0.0000e+00
#......................................................................../  028-060Ni //   1.000000
#                                                                          SUM SPECTRA FOR COMPOUND
#            025-054Mn      gamma
 SpcSum[mb]            0.0000e+00
 Emean[MeV]            0.0000e+00
#......................................................................../  028-060Ni //   1.000000
#                                                                   GAMMAS FROM DISCRETE TRANSITION
#           0 0 2 0 0 0             025-054Mn
#   Ex[MeV]     Jpi    FinalState  Branching Production    Egamma Production   T(1/2)[s]
  0  0.0000    3.0+                          0.0000e+00
#......................................................................../  028-060Ni //   1.000000
#                                                                INDIVIDUAL GROUND STATE PRODUCTION
#             Residual  Prod.[mb]  Qval[MeV]   Particles
#                                              n p a d t h
 Production  029-062Cu 1.7831e-11   11.45027   0 0 0 0 0 0
 Production  029-061Cu 1.3630e-06    2.57571   1 0 0 0 0 0
 Production  028-061Ni 2.3889e-05    5.59559   0 1 0 0 0 0
 Production  027-058Co 3.0610e-08    6.08494   0 0 1 0 0 0
 Production  028-060Ni 1.0388e-17    0.00000   0 0 0 1 0 0
                   sum 2.5283e-05
#......................................................................../  028-060Ni //   1.000000
#                                                           STABLE AND LONG-LIVED STATE PRODUCTIONS
#       Residual    Ex[MeV]     Jpi     T(1/2)[s]  Prod.[mb] Meta
    1  025-054Mn    0.00000    3.0+    2.6960e+07 0.0000e+00
    2  026-057Fe    0.00000    0.5-    ---------- 0.0000e+00
    3  027-058Co    0.00000    2.0+    6.1220e+06 3.0610e-08
    4  027-058Co    0.02495    5.0+    3.2760e+04 4.8026e-09    1
    5  028-060Ni    0.00000    0.0+    ---------- 1.0388e-17
    6  028-061Ni    0.00000    1.5-    ---------- 2.3889e-05
    7  029-061Cu    0.00000    1.5-    1.2000e+04 1.3630e-06
    8  029-062Cu    0.00000    1.0+    5.8020e+02 1.7831e-11
#                                         g.s.sum 2.5283e-05


#......................................................................../  028-060Ni //   1.000000
#                                                                                   ISOMERIC RATIOS
#       Residual    Ex[MeV]     Jpi     T(1/2)[s] Ratio      m/(g-m)
    1  027-058Co    0.02495    5.0+    3.2760e+04 1.5690e-01 1.8610e-01


#......................................................................../  028-060Ni //   1.000000
#                                                                               PARTICLE PRODUCTION
#             Particle  Prod.[mb] Multiplic. Emean[MeV]
 ParticlPrd      gamma 5.3739e-05 2.1256e+00 1.5426e+00
 ParticlPrd    neutron 1.3630e-06 5.3911e-02 6.5983e-02
 ParticlPrd     proton 2.3889e-05 9.4488e-01 3.2896e+00
 ParticlPrd      alpha 3.0610e-08 1.2107e-03 4.5733e+00
 ParticlPrd   deuteron 1.0388e-17 4.1088e-13 9.5000e-01


