# Nuclide Ex         29062         ----         ----        29061         ----         ----        27058 2.495000e-02         ----        28059         ----         ----        29060         ----         ----        27057         ----         ----        28059         ----         ----        27058 2.495000e-02         ----        27060 5.859000e-02         ----        25054         ----         ----        29059         ----         ----        28059         ----         ----        27056         ----         ----        29058         ----         ----        29057         ----         ----
# Particle L        000000         ----         ----       100000         ----         ----       001000            1         ----       000010         ----         ----       200000         ----         ----       101000         ----         ----       100100         ----         ----       100001            1         ----       020000            1         ----       002000         ----         ----       300000         ----         ----       210000         ----         ----       201000         ----         ----       400000         ----         ----       500000         ----         ----
# HalfLife    5.802000e+02 0.000000e+00 0.000000e+00 1.200000e+04 0.000000e+00 0.000000e+00 6.122000e+06 3.276000e+04 0.000000e+00 3.187000e+12 0.000000e+00 0.000000e+00 1.422000e+03 0.000000e+00 0.000000e+00 2.348000e+07 0.000000e+00 0.000000e+00 3.187000e+12 0.000000e+00 0.000000e+00 6.122000e+06 3.276000e+04 0.000000e+00 1.663000e+08 6.280000e+02 0.000000e+00 2.696000e+07 0.000000e+00 0.000000e+00 8.150000e+01 0.000000e+00 0.000000e+00 3.187000e+12 0.000000e+00 0.000000e+00 6.673000e+06 0.000000e+00 0.000000e+00 3.204000e+00 0.000000e+00 0.000000e+00 1.963000e-01 0.000000e+00 0.000000e+00
 1.000000e+00 1.783074e-11 0.000000e+00 0.000000e+00 1.363004e-06 0.000000e+00 0.000000e+00 2.580708e-08 4.802605e-09 0.000000e+00 0.000000e+00 0.000000e+00 0.000000e+00 0.000000e+00 0.000000e+00 0.000000e+00 0.000000e+00 0.000000e+00 0.000000e+00 0.000000e+00 0.000000e+00 0.000000e+00 0.000000e+00 0.000000e+00 0.000000e+00 0.000000e+00 0.000000e+00 0.000000e+00 0.000000e+00 0.000000e+00 0.000000e+00 0.000000e+00 0.000000e+00 0.000000e+00 0.000000e+00 0.000000e+00 0.000000e+00 0.000000e+00 0.000000e+00 0.000000e+00 0.000000e+00 0.000000e+00 0.000000e+00 0.000000e+00 0.000000e+00 0.000000e+00
 3.500000e+00 3.860858e-02 0.000000e+00 0.000000e+00 5.143214e+01 0.000000e+00 0.000000e+00 3.096965e+00 8.947939e-01 0.000000e+00 0.000000e+00 0.000000e+00 0.000000e+00 0.000000e+00 0.000000e+00 0.000000e+00 0.000000e+00 0.000000e+00 0.000000e+00 0.000000e+00 0.000000e+00 0.000000e+00 0.000000e+00 0.000000e+00 0.000000e+00 0.000000e+00 0.000000e+00 0.000000e+00 0.000000e+00 0.000000e+00 0.000000e+00 0.000000e+00 0.000000e+00 0.000000e+00 0.000000e+00 0.000000e+00 0.000000e+00 0.000000e+00 0.000000e+00 0.000000e+00 0.000000e+00 0.000000e+00 0.000000e+00 0.000000e+00 0.000000e+00 0.000000e+00
 6.000000e+00 2.532759e-01 0.000000e+00 0.000000e+00 3.165553e+02 0.000000e+00 0.000000e+00 4.408350e+01 1.674178e+01 0.000000e+00 0.000000e+00 0.000000e+00 0.000000e+00 0.000000e+00 0.000000e+00 0.000000e+00 2.245393e-05 0.000000e+00 0.000000e+00 0.000000e+00 0.000000e+00 0.000000e+00 0.000000e+00 0.000000e+00 0.000000e+00 9.561183e-13 6.107388e-15 0.000000e+00 5.695529e-18 0.000000e+00 0.000000e+00 0.000000e+00 0.000000e+00 0.000000e+00 0.000000e+00 0.000000e+00 0.000000e+00 0.000000e+00 0.000000e+00 0.000000e+00 0.000000e+00 0.000000e+00 0.000000e+00 0.000000e+00 0.000000e+00 0.000000e+00
 8.500000e+00 2.636068e-01 0.000000e+00 0.000000e+00 2.702303e+02 0.000000e+00 0.000000e+00 7.085150e+01 3.319457e+01 0.000000e+00 0.000000e+00 0.000000e+00 0.000000e+00 0.000000e+00 0.000000e+00 0.000000e+00 3.183865e-01 0.000000e+00 0.000000e+00 0.000000e+00 0.000000e+00 0.000000e+00 0.000000e+00 0.000000e+00 0.000000e+00 1.129393e-03 7.225390e-05 0.000000e+00 2.193715e-10 0.000000e+00 0.000000e+00 0.000000e+00 0.000000e+00 0.000000e+00 0.000000e+00 0.000000e+00 0.000000e+00 0.000000e+00 0.000000e+00 0.000000e+00 0.000000e+00 0.000000e+00 0.000000e+00 0.000000e+00 0.000000e+00 0.000000e+00
 1.100000e+01 1.746809e-01 0.000000e+00 0.000000e+00 1.806826e+02 0.000000e+00 0.000000e+00 6.654028e+01 3.550991e+01 0.000000e+00 0.000000e+00 0.000000e+00 0.000000e+00 2.229554e+01 0.000000e+00 0.000000e+00 1.763833e+01 0.000000e+00 0.000000e+00 0.000000e+00 0.000000e+00 0.000000e+00 0.000000e+00 0.000000e+00 0.000000e+00 3.256269e-01 8.969829e-02 0.000000e+00 3.703479e-06 0.000000e+00 0.000000e+00 0.000000e+00 0.000000e+00 0.000000e+00 0.000000e+00 0.000000e+00 0.000000e+00 0.000000e+00 0.000000e+00 0.000000e+00 0.000000e+00 0.000000e+00 0.000000e+00 0.000000e+00 0.000000e+00 0.000000e+00
 1.350000e+01 7.957523e-02 0.000000e+00 0.000000e+00 1.449027e+02 0.000000e+00 0.000000e+00 3.658985e+01 2.135189e+01 0.000000e+00 0.000000e+00 0.000000e+00 0.000000e+00 1.335821e+02 0.000000e+00 0.000000e+00 7.548802e+01 0.000000e+00 0.000000e+00 4.753051e-05 0.000000e+00 0.000000e+00 0.000000e+00 0.000000e+00 0.000000e+00 4.263141e+00 2.060237e+00 0.000000e+00 1.806859e-03 0.000000e+00 0.000000e+00 0.000000e+00 0.000000e+00 0.000000e+00 0.000000e+00 0.000000e+00 0.000000e+00 0.000000e+00 0.000000e+00 0.000000e+00 0.000000e+00 0.000000e+00 0.000000e+00 0.000000e+00 0.000000e+00 0.000000e+00
 1.600000e+01 1.942539e-02 0.000000e+00 0.000000e+00 1.371896e+02 0.000000e+00 0.000000e+00 1.735376e+01 1.030941e+01 0.000000e+00 0.000000e+00 0.000000e+00 0.000000e+00 1.961093e+02 0.000000e+00 0.000000e+00 1.353501e+02 0.000000e+00 0.000000e+00 7.381639e-01 0.000000e+00 0.000000e+00 0.000000e+00 0.000000e+00 0.000000e+00 1.496123e+01 7.666328e+00 0.000000e+00 9.865162e-02 0.000000e+00 0.000000e+00 0.000000e+00 0.000000e+00 0.000000e+00 4.083488e-02 0.000000e+00 0.000000e+00 0.000000e+00 0.000000e+00 0.000000e+00 0.000000e+00 0.000000e+00 0.000000e+00 0.000000e+00 0.000000e+00 0.000000e+00
 1.850000e+01 3.194875e-03 0.000000e+00 0.000000e+00 1.314715e+02 0.000000e+00 0.000000e+00 9.485436e+00 5.491827e+00 0.000000e+00 0.000000e+00 0.000000e+00 0.000000e+00 2.036029e+02 0.000000e+00 0.000000e+00 1.659116e+02 0.000000e+00 0.000000e+00 7.540449e+00 0.000000e+00 0.000000e+00 0.000000e+00 0.000000e+00 0.000000e+00 2.485483e+01 1.320596e+01 0.000000e+00 1.006534e+00 0.000000e+00 0.000000e+00 0.000000e+00 0.000000e+00 0.000000e+00 1.922878e+01 0.000000e+00 0.000000e+00 7.831891e-06 0.000000e+00 0.000000e+00 0.000000e+00 0.000000e+00 0.000000e+00 0.000000e+00 0.000000e+00 0.000000e+00
 2.100000e+01 5.451955e-04 0.000000e+00 0.000000e+00 1.282357e+02 0.000000e+00 0.000000e+00 6.313738e+00 3.544431e+00 0.000000e+00 0.000000e+00 0.000000e+00 0.000000e+00 1.559391e+02 0.000000e+00 0.000000e+00 1.634546e+02 0.000000e+00 0.000000e+00 1.804608e+01 0.000000e+00 0.000000e+00 0.000000e+00 0.000000e+00 0.000000e+00 2.921097e+01 1.633650e+01 0.000000e+00 3.348684e+00 0.000000e+00 0.000000e+00 1.764184e-02 0.000000e+00 0.000000e+00 1.139798e+02 0.000000e+00 0.000000e+00 9.833115e-03 0.000000e+00 0.000000e+00 0.000000e+00 0.000000e+00 0.000000e+00 0.000000e+00 0.000000e+00 0.000000e+00
 2.350000e+01 1.446502e-04 0.000000e+00 0.000000e+00 1.227453e+02 0.000000e+00 0.000000e+00 4.834496e+00 2.674937e+00 0.000000e+00 0.000000e+00 0.000000e+00 0.000000e+00 1.107151e+02 0.000000e+00 0.000000e+00 1.376757e+02 0.000000e+00 0.000000e+00 2.628132e+01 0.000000e+00 0.000000e+00 0.000000e+00 0.000000e+00 0.000000e+00 2.802697e+01 1.642886e+01 0.000000e+00 6.205742e+00 0.000000e+00 0.000000e+00 9.113550e-01 0.000000e+00 0.000000e+00 2.542711e+02 0.000000e+00 0.000000e+00 9.029219e-01 0.000000e+00 0.000000e+00 0.000000e+00 0.000000e+00 0.000000e+00 0.000000e+00 0.000000e+00 0.000000e+00
 2.600000e+01 5.916183e-05 0.000000e+00 0.000000e+00 1.165162e+02 0.000000e+00 0.000000e+00 3.918704e+00 2.160621e+00 0.000000e+00 0.000000e+00 0.000000e+00 0.000000e+00 8.196761e+01 0.000000e+00 0.000000e+00 1.022577e+02 0.000000e+00 0.000000e+00 3.123478e+01 0.000000e+00 0.000000e+00 0.000000e+00 0.000000e+00 0.000000e+00 2.459005e+01 1.543024e+01 0.000000e+00 8.210619e+00 0.000000e+00 0.000000e+00 5.091408e+00 0.000000e+00 0.000000e+00 3.568165e+02 0.000000e+00 0.000000e+00 9.318035e+00 0.000000e+00 0.000000e+00 0.000000e+00 0.000000e+00 0.000000e+00 0.000000e+00 0.000000e+00 0.000000e+00
 2.850000e+01 2.889162e-05 0.000000e+00 0.000000e+00 1.097637e+02 0.000000e+00 0.000000e+00 3.243736e+00 1.792023e+00 0.000000e+00 0.000000e+00 0.000000e+00 0.000000e+00 6.819409e+01 0.000000e+00 0.000000e+00 7.244294e+01 0.000000e+00 0.000000e+00 3.309412e+01 0.000000e+00 0.000000e+00 0.000000e+00 0.000000e+00 0.000000e+00 2.121768e+01 1.413263e+01 0.000000e+00 8.583230e+00 0.000000e+00 0.000000e+00 1.281867e+01 0.000000e+00 0.000000e+00 3.981668e+02 0.000000e+00 0.000000e+00 2.656310e+01 0.000000e+00 0.000000e+00 0.000000e+00 0.000000e+00 0.000000e+00 0.000000e+00 0.000000e+00 0.000000e+00
 3.100000e+01 1.327606e-05 0.000000e+00 0.000000e+00 1.036495e+02 0.000000e+00 0.000000e+00 2.758329e+00 1.540610e+00 0.000000e+00 0.000000e+00 0.000000e+00 0.000000e+00 6.206518e+01 0.000000e+00 0.000000e+00 5.285877e+01 0.000000e+00 0.000000e+00 3.124579e+01 0.000000e+00 0.000000e+00 0.000000e+00 0.000000e+00 0.000000e+00 1.939846e+01 1.354232e+01 0.000000e+00 7.332809e+00 0.000000e+00 0.000000e+00 1.832567e+01 0.000000e+00 0.000000e+00 4.017103e+02 0.000000e+00 0.000000e+00 4.233907e+01 0.000000e+00 0.000000e+00 0.000000e+00 0.000000e+00 0.000000e+00 0.000000e+00 0.000000e+00 0.000000e+00
 3.350000e+01 4.949954e-06 0.000000e+00 0.000000e+00 9.791193e+01 0.000000e+00 0.000000e+00 2.343345e+00 1.313172e+00 0.000000e+00 0.000000e+00 0.000000e+00 0.000000e+00 5.894154e+01 0.000000e+00 0.000000e+00 4.177263e+01 0.000000e+00 0.000000e+00 2.726422e+01 0.000000e+00 0.000000e+00 0.000000e+00 0.000000e+00 0.000000e+00 1.846051e+01 1.319929e+01 0.000000e+00 5.315335e+00 0.000000e+00 0.000000e+00 1.891209e+01 0.000000e+00 0.000000e+00 3.838858e+02 0.000000e+00 0.000000e+00 5.106411e+01 0.000000e+00 0.000000e+00 3.646301e-08 0.000000e+00 0.000000e+00 0.000000e+00 0.000000e+00 0.000000e+00
 3.600000e+01 1.477645e-06 0.000000e+00 0.000000e+00 9.251599e+01 0.000000e+00 0.000000e+00 2.004055e+00 1.126996e+00 0.000000e+00 0.000000e+00 0.000000e+00 0.000000e+00 5.673680e+01 0.000000e+00 0.000000e+00 3.564276e+01 0.000000e+00 0.000000e+00 2.317482e+01 0.000000e+00 0.000000e+00 0.000000e+00 0.000000e+00 0.000000e+00 1.791628e+01 1.293536e+01 0.000000e+00 3.566869e+00 0.000000e+00 0.000000e+00 1.640327e+01 0.000000e+00 0.000000e+00 3.527452e+02 0.000000e+00 0.000000e+00 5.156164e+01 0.000000e+00 0.000000e+00 7.855895e-04 0.000000e+00 0.000000e+00 0.000000e+00 0.000000e+00 0.000000e+00
 3.850000e+01 4.057252e-07 0.000000e+00 0.000000e+00 8.711509e+01 0.000000e+00 0.000000e+00 1.723664e+00 9.726076e-01 0.000000e+00 0.000000e+00 0.000000e+00 0.000000e+00 5.372285e+01 0.000000e+00 0.000000e+00 3.172086e+01 0.000000e+00 0.000000e+00 1.967140e+01 0.000000e+00 0.000000e+00 0.000000e+00 0.000000e+00 0.000000e+00 1.725309e+01 1.251887e+01 0.000000e+00 2.369885e+00 0.000000e+00 0.000000e+00 1.340517e+01 0.000000e+00 0.000000e+00 3.206268e+02 0.000000e+00 0.000000e+00 4.669642e+01 0.000000e+00 0.000000e+00 2.056531e-02 0.000000e+00 0.000000e+00 0.000000e+00 0.000000e+00 0.000000e+00
 4.100000e+01 1.165639e-07 0.000000e+00 0.000000e+00 8.234939e+01 0.000000e+00 0.000000e+00 1.489786e+00 8.432418e-01 0.000000e+00 0.000000e+00 0.000000e+00 0.000000e+00 5.156905e+01 0.000000e+00 0.000000e+00 2.976661e+01 0.000000e+00 0.000000e+00 1.692880e+01 0.000000e+00 0.000000e+00 0.000000e+00 0.000000e+00 0.000000e+00 1.685398e+01 1.223505e+01 0.000000e+00 1.602731e+00 0.000000e+00 0.000000e+00 1.103307e+01 0.000000e+00 0.000000e+00 2.949380e+02 0.000000e+00 0.000000e+00 3.849378e+01 0.000000e+00 0.000000e+00 1.166759e-01 0.000000e+00 0.000000e+00 0.000000e+00 0.000000e+00 0.000000e+00
