#             0.000000e+00 3.777490e-01 5.464380e-01 7.316600e-01 8.252000e-01 8.698900e-01 8.842000e-01 8.869000e-01 1.232300e+00 1.253700e+00 1.279000e+00 1.417688e+00 1.646900e+00 1.683800e+00 1.956000e+00 2.044200e+00 2.130000e+00 2.252600e+00 2.285940e+00 2.337200e+00 2.473600e+00 2.631200e+00 2.645000e+00 2.677000e+00 2.710200e+00 2.771000e+00 2.785000e+00 2.796000e+00 2.815000e+00 2.848000e+00 2.858000e+00 2.872000e+00 2.903000e+00 2.907600e+00 2.926000e+00 2.955000e+00 2.973000e+00 2.982000e+00 3.022000e+00 3.077000e+00 3.097000e+00 3.098000e+00
 3.500000e+00 8.285485e-02 2.876262e-01 2.978860e-01 1.105756e-01 1.960311e-01 1.732165e-02 1.205561e-01 2.149650e-01 1.076269e-01 3.872859e-02 3.699616e-02 3.593795e-02 3.201238e-02 1.657888e-02 2.600447e-03 2.094221e-02 7.449898e-03 1.247346e-02 1.565254e-04 9.996480e-03 1.419712e-03 5.601983e-03 3.267362e-03 3.593285e-03 2.285263e-04 2.309309e-03 1.230441e-03 1.840051e-03 2.044020e-03 1.588854e-03 5.199640e-04 2.111774e-03 2.528185e-03 1.668891e-05 4.482825e-04 1.386273e-03 5.343443e-04 3.634642e-04 6.115224e-04 1.976356e-04 3.685428e-04 9.870201e-03
 6.000000e+00 9.472247e-01 1.049672e+00 8.896739e-01 1.089189e+00 1.257319e+00 5.659670e-01 1.191668e+00 1.116559e+00 1.100031e+00 8.745954e-01 8.645792e-01 8.329531e-01 8.692660e-01 7.043310e-01 3.583058e-01 7.481491e-01 5.522121e-01 6.522058e-01 9.588844e-02 6.134649e-01 7.468763e-02 3.506325e-01 3.942200e-01 2.507902e-01 1.430251e-01 3.485756e-01 3.104188e-01 3.729213e-01 3.331392e-01 3.532488e-01 2.202578e-01 2.082661e-01 2.723710e-01 3.471456e-02 4.923544e-02 2.860095e-01 2.403980e-01 1.898851e-01 2.370659e-01 1.465324e-01 2.067097e-01 6.101333e+00
 8.500000e+00 7.431966e-01 4.801561e-01 3.764483e-01 6.756611e-01 6.642782e-01 6.378956e-01 7.334531e-01 5.335179e-01 6.294154e-01 7.096208e-01 7.066959e-01 6.101461e-01 6.529059e-01 6.581833e-01 5.267391e-01 5.493673e-01 5.320178e-01 5.263935e-01 3.305150e-01 5.167733e-01 5.372023e-02 2.677400e-01 4.199917e-01 2.042164e-01 4.118901e-01 4.058086e-01 4.507137e-01 5.067006e-01 4.007805e-01 4.993523e-01 4.442989e-01 1.938047e-01 2.491050e-01 2.302158e-01 4.802254e-02 3.845286e-01 4.816564e-01 4.269826e-01 4.191567e-01 4.293043e-01 4.629785e-01 4.186360e+01
 1.100000e+01 3.171831e-01 1.600943e-01 1.220534e-01 2.521589e-01 2.329024e-01 3.159526e-01 2.729288e-01 1.798024e-01 2.246355e-01 2.917810e-01 2.910764e-01 2.364405e-01 2.539336e-01 2.794957e-01 2.618964e-01 2.064870e-01 2.184288e-01 2.014512e-01 2.331076e-01 1.993612e-01 1.895793e-02 9.766896e-02 1.697476e-01 7.523174e-02 2.549292e-01 1.666972e-01 2.002272e-01 2.212541e-01 1.656188e-01 2.196498e-01 2.213152e-01 7.308714e-02 9.376665e-02 2.065797e-01 1.789178e-02 1.621422e-01 2.384277e-01 2.172345e-01 1.932342e-01 2.448495e-01 2.341122e-01 6.820902e+01
 1.350000e+01 1.100766e-01 4.835119e-02 3.644005e-02 8.069435e-02 7.235711e-02 1.186059e-01 8.745978e-02 5.467257e-02 7.016266e-02 9.800432e-02 9.781760e-02 7.653037e-02 8.245649e-02 9.477838e-02 9.519286e-02 6.550422e-02 7.192041e-02 6.424656e-02 1.015669e-01 6.372869e-02 5.670206e-03 3.026570e-02 5.489910e-02 2.323442e-02 1.023604e-01 5.416206e-02 6.741723e-02 7.425482e-02 5.390259e-02 7.386416e-02 7.839717e-02 2.273410e-02 2.933449e-02 1.015218e-01 5.437780e-03 5.306977e-02 8.441947e-02 7.739574e-02 6.572444e-02 9.266307e-02 8.336581e-02 5.080705e+01
 1.600000e+01 3.714397e-02 1.485322e-02 1.113289e-02 2.574925e-02 2.270100e-02 4.202278e-02 2.801405e-02 1.689336e-02 2.204935e-02 3.228840e-02 3.223225e-02 2.451183e-02 2.652594e-02 3.132515e-02 3.261205e-02 2.070036e-02 2.317746e-02 2.034350e-02 3.873165e-02 2.019740e-02 1.697872e-03 9.380187e-03 1.742541e-02 7.152056e-03 3.710235e-02 1.722245e-02 2.190633e-02 2.417383e-02 1.715121e-02 2.406421e-02 2.622619e-02 7.019424e-03 9.128285e-03 4.175503e-02 1.637969e-03 1.692330e-02 2.832403e-02 2.594394e-02 2.143593e-02 3.229305e-02 2.802604e-02 2.815792e+01
 1.850000e+01 1.288769e-02 4.793582e-03 3.579591e-03 8.559723e-03 7.459716e-03 1.510533e-02 9.354998e-03 5.482006e-03 7.250196e-03 1.100651e-02 1.098802e-02 8.160500e-03 8.873341e-03 1.069071e-02 1.137130e-02 6.823647e-03 7.737333e-03 6.712245e-03 1.448592e-02 6.666797e-03 5.344703e-04 3.039964e-03 5.741532e-03 2.299655e-03 1.343811e-02 5.679595e-03 7.340340e-03 8.128408e-03 5.657898e-03 8.094143e-03 8.966350e-03 2.260587e-03 2.964905e-03 1.645615e-02 5.167650e-04 5.588635e-03 9.725000e-03 8.877470e-03 7.194896e-03 1.137253e-02 9.630583e-03 1.604785e+01
 2.100000e+01 4.588168e-03 1.612382e-03 1.199476e-03 2.949614e-03 2.545660e-03 5.553447e-03 3.236036e-03 1.849709e-03 2.470416e-03 3.866215e-03 3.859343e-03 2.805217e-03 3.060877e-03 3.749402e-03 4.043785e-03 2.319732e-03 2.656011e-03 2.283116e-03 5.426864e-03 2.268231e-03 1.753278e-04 1.017376e-03 1.948616e-03 7.652032e-04 4.922820e-03 1.928718e-03 2.525221e-03 2.806798e-03 1.921761e-03 2.795502e-03 3.133882e-03 7.530327e-04 9.938875e-04 6.420574e-03 1.697152e-04 1.899598e-03 3.414848e-03 3.104290e-03 2.477784e-03 4.072938e-03 3.383171e-03 1.035906e+01
 2.350000e+01 1.622297e-03 5.350262e-04 3.967709e-04 1.007406e-03 8.630477e-04 2.034520e-03 1.114148e-03 6.207638e-04 8.441990e-04 1.363344e-03 1.361539e-03 9.708578e-04 1.069239e-03 1.332532e-03 1.463339e-03 8.060169e-04 9.322763e-04 7.960916e-04 2.068967e-03 7.920476e-04 5.955231e-05 3.510636e-04 6.817184e-04 2.630845e-04 1.851731e-03 6.763357e-04 8.962363e-04 1.000200e-03 6.744513e-04 9.964540e-04 1.128641e-03 2.595902e-04 3.442492e-04 2.558078e-03 5.792950e-05 6.665795e-04 1.235107e-03 1.117570e-03 8.794977e-04 1.499393e-03 1.223149e-03 7.612978e+00
 2.600000e+01 6.036854e-04 1.866762e-04 1.375315e-04 3.590228e-04 3.043941e-04 7.765052e-04 3.985671e-04 2.162433e-04 2.963006e-04 4.942410e-04 4.934293e-04 3.431596e-04 3.789650e-04 4.804869e-04 5.329464e-04 2.802340e-04 3.267923e-04 2.761207e-04 7.890560e-04 2.744520e-04 2.012496e-05 1.189454e-04 2.345319e-04 8.897337e-05 6.903198e-04 2.326481e-04 3.123805e-04 3.503990e-04 2.319900e-04 3.492585e-04 4.000492e-04 8.787512e-05 1.168314e-04 1.013711e-03 1.957630e-05 2.298953e-04 4.413162e-04 3.969718e-04 3.076944e-04 5.476027e-04 4.379850e-04 6.050918e+00
 2.850000e+01 2.339052e-04 6.763804e-05 4.954851e-05 1.333804e-04 1.119809e-04 3.108033e-04 1.489207e-04 7.857145e-05 1.089410e-04 1.880604e-04 1.877394e-04 1.273472e-04 1.414095e-04 1.826448e-04 2.052732e-04 1.029787e-04 1.212102e-04 1.014708e-04 3.198542e-04 1.008614e-04 7.212011e-06 4.285770e-05 8.579782e-05 3.196701e-05 2.741745e-04 8.501864e-05 1.156871e-04 1.304488e-04 8.474711e-05 1.299628e-04 1.505190e-04 3.152243e-05 4.200524e-05 4.272413e-04 6.995708e-06 8.388491e-05 1.669339e-04 1.491889e-04 1.137159e-04 2.113139e-04 1.654629e-04 4.968890e+00
 3.100000e+01 9.442895e-05 2.542657e-05 1.851090e-05 5.148715e-05 4.277670e-05 1.299165e-04 5.784366e-05 2.962003e-05 4.159248e-05 7.448715e-05 7.435510e-05 4.910314e-05 5.484690e-05 7.226251e-05 8.235205e-05 3.928103e-05 4.669160e-05 3.869821e-05 1.354440e-04 3.846280e-05 2.681579e-06 1.599642e-05 3.255174e-05 1.190835e-05 1.137058e-04 3.225385e-05 4.452890e-05 5.050084e-05 3.215010e-05 5.030878e-05 5.896287e-05 1.174218e-05 1.567887e-05 1.888349e-04 2.599800e-06 3.182093e-05 6.584209e-05 5.842809e-05 4.375898e-05 8.521971e-05 6.524345e-05 4.258040e+00
 3.350000e+01 3.964497e-05 9.886078e-06 7.147777e-06 2.058750e-05 1.691155e-05 5.660098e-05 2.328167e-05 1.154539e-05 1.642933e-05 3.061220e-05 3.055532e-05 1.960190e-05 2.203182e-05 2.965619e-05 3.430471e-05 1.549463e-05 1.861291e-05 1.526031e-05 5.982274e-05 1.516581e-05 1.030548e-06 6.164143e-06 1.276557e-05 4.581665e-06 4.909265e-05 1.264748e-05 1.773285e-05 2.023868e-05 1.260640e-05 2.015996e-05 2.393214e-05 4.517404e-06 6.041641e-06 8.736130e-05 9.986354e-07 1.247617e-05 2.692401e-05 2.370902e-05 1.742108e-05 3.569870e-05 2.667128e-05 3.609961e+00
 3.600000e+01 1.714740e-05 3.950248e-06 2.835502e-06 8.468787e-06 6.874435e-06 2.541431e-05 9.642103e-06 4.624535e-06 6.671804e-06 1.295455e-05 1.292926e-05 8.048029e-06 9.103503e-06 1.253003e-05 1.471756e-05 6.280686e-06 7.627946e-06 6.183065e-06 2.722236e-05 6.143754e-06 4.068123e-07 2.438042e-06 5.141662e-06 1.809742e-06 2.184033e-05 5.093122e-06 7.256536e-06 8.336605e-06 5.076249e-06 8.303143e-06 9.989424e-06 1.784018e-06 2.389082e-06 4.156201e-05 3.939507e-07 5.022822e-06 1.132548e-05 9.892874e-06 7.125573e-06 1.539684e-05 1.121487e-05 3.086917e+00
 3.850000e+01 7.596000e-06 1.615783e-06 1.151281e-06 3.565488e-06 2.859535e-06 1.168455e-05 4.086497e-06 1.895643e-06 2.772410e-06 5.610604e-06 5.599118e-06 3.381687e-06 3.849353e-06 5.418250e-06 6.464308e-06 2.605354e-06 3.199566e-06 2.563850e-06 1.269485e-05 2.547154e-06 1.645175e-07 9.871721e-07 2.119885e-06 7.320349e-07 9.951042e-06 2.099469e-06 3.039412e-06 3.514617e-06 2.092375e-06 3.500069e-06 4.268247e-06 7.215025e-07 9.671447e-07 2.027846e-05 1.592258e-07 2.069925e-06 4.876383e-06 4.225499e-06 2.983088e-06 6.798935e-06 4.826846e-06 2.655141e+00
 4.100000e+01 3.447483e-06 6.813746e-07 4.820606e-07 1.544636e-06 1.224741e-06 5.481292e-06 1.781032e-06 8.008139e-07 1.186117e-06 2.494582e-06 2.489237e-06 1.461978e-06 1.673564e-06 2.405160e-06 2.910834e-06 1.112337e-06 1.380418e-06 1.094061e-06 6.028089e-06 1.086726e-06 6.860903e-08 4.118602e-07 8.997365e-07 3.052012e-07 4.629904e-06 8.908635e-07 1.309140e-06 1.522913e-06 8.877833e-07 1.516405e-06 1.872947e-06 3.007395e-07 4.033809e-07 1.000165e-05 6.635805e-08 8.780453e-07 2.154883e-06 1.853520e-06 1.284191e-06 3.075185e-06 2.132164e-06 2.295260e+00
