# Reaction        (x,n)        (x,p)        (x,A)        (x,d)        (x,t)        (x,h)        (x,2n)       (x,np)       (x,nA)       (x,nd)       (x,nt)       (x,nh)       (x,2p)       (x,pA)       (x,pd)       (x,2A)   (x,Ad)   (x,3n)       (x,2np)      (x,2nA)      (x,npA)      (x,n2p)      (x,4n)       (x,5n)               
 3.500000e+00 4.871629e+01 7.347505e+01 1.691397e+00 1.035879e-01 0.000000e+00 0.000000e+00 0.000000e+00 8.551079e-02 0.000000e+00 0.000000e+00 0.000000e+00 0.000000e+00 3.957015e-13 2.069151e-23 0.000000e+00 0.000000e+00 0.000000e+00 0.000000e+00 0.000000e+00 0.000000e+00 0.000000e+00 0.000000e+00 0.000000e+00 0.000000e+00
 6.000000e+00 1.966732e+02 4.681241e+02 2.749769e+01 1.922851e+00 0.000000e+00 0.000000e+00 0.000000e+00 8.935211e+01 0.000000e+00 0.000000e+00 0.000000e+00 0.000000e+00 1.013471e-01 7.453207e-07 0.000000e+00 0.000000e+00 0.000000e+00 0.000000e+00 0.000000e+00 0.000000e+00 0.000000e+00 0.000000e+00 0.000000e+00 0.000000e+00
 8.500000e+00 1.610095e+02 5.536435e+02 6.104795e+01 7.398227e+00 0.000000e+00 0.000000e+00 0.000000e+00 3.805482e+02 1.183114e-08 0.000000e+00 0.000000e+00 0.000000e+00 2.295377e+01 7.582791e-02 0.000000e+00 3.802085e-19 0.000000e+00 0.000000e+00 0.000000e+00 0.000000e+00 0.000000e+00 0.000000e+00 0.000000e+00 0.000000e+00
 1.100000e+01 1.236094e+02 4.031088e+02 7.645282e+01 1.316495e+01 0.000000e+00 0.000000e+00 0.000000e+00 6.717621e+02 1.058622e-02 0.000000e+00 0.000000e+00 0.000000e+00 9.718971e+01 8.195996e+00 3.621442e-10 8.421757e-11 5.100114e-25 0.000000e+00 0.000000e+00 0.000000e+00 0.000000e+00 0.000000e+00 0.000000e+00 0.000000e+00
 1.350000e+01 1.106640e+02 3.013132e+02 5.363171e+01 1.877260e+01 0.000000e+00 0.000000e+00 1.893319e+00 8.183735e+02 2.018432e+00 0.000000e+00 0.000000e+00 0.000000e+00 1.565922e+02 4.600986e+01 6.735767e-02 3.565830e-06 6.576423e-10 0.000000e+00 0.000000e+00 0.000000e+00 4.090249e-20 3.734768e-08 0.000000e+00 0.000000e+00
 1.600000e+01 1.065620e+02 2.657821e+02 2.909711e+01 2.111088e+01 0.000000e+00 0.000000e+00 1.194791e+01 8.364728e+02 1.555288e+01 4.212426e-04 0.000000e+00 0.000000e+00 2.064663e+02 8.149749e+01 3.780560e+00 2.639915e-03 1.600124e-05 0.000000e+00 0.000000e+00 0.000000e+00 5.812472e-08 2.089372e-01 0.000000e+00 0.000000e+00
 1.850000e+01 1.032613e+02 2.523394e+02 1.636934e+01 1.843813e+01 0.000000e+00 0.000000e+00 2.663192e+01 8.007299e+02 3.195121e+01 4.456565e-01 0.000000e+00 0.000000e+00 2.311905e+02 1.096066e+02 1.285977e+01 1.546289e-01 3.033129e-03 0.000000e+00 1.937492e-01 0.000000e+00 1.856722e-03 1.719061e+01 0.000000e+00 0.000000e+00
 2.100000e+01 1.011193e+02 2.448467e+02 1.047203e+01 1.538418e+01 0.000000e+00 0.000000e+00 3.122492e+01 7.106674e+02 4.359609e+01 3.055790e+00 0.000000e+00 0.000000e+00 2.259416e+02 1.291637e+02 2.137964e+01 1.487758e+00 5.790095e-02 0.000000e+00 6.735705e+00 0.000000e+00 3.088488e-01 1.025569e+02 0.000000e+00 0.000000e+00
 2.350000e+01 9.724978e+01 2.352107e+02 7.653393e+00 1.284299e+01 0.000000e+00 0.000000e+00 2.687792e+01 6.075179e+02 4.753718e+01 7.553483e+00 0.000000e+00 0.000000e+00 1.946105e+02 1.348246e+02 2.777545e+01 4.659412e+00 3.064323e-01 0.000000e+00 2.755761e+01 1.696202e-10 4.940653e+00 2.259833e+02 0.000000e+00 0.000000e+00
 2.600000e+01 9.297957e+01 2.254272e+02 6.065496e+00 1.083087e+01 0.000000e+00 0.000000e+00 2.174654e+01 5.341510e+02 4.264053e+01 1.207394e+01 0.000000e+00 0.000000e+00 1.587356e+02 1.244517e+02 3.198079e+01 8.093383e+00 9.861588e-01 7.582869e-06 6.095478e+01 4.470881e-05 2.152524e+01 3.153625e+02 0.000000e+00 0.000000e+00
 2.850000e+01 8.839481e+01 2.157292e+02 4.974449e+00 9.214817e+00 0.000000e+00 0.000000e+00 1.857097e+01 4.907608e+02 3.267803e+01 1.546631e+01 0.000000e+00 0.000000e+00 1.347241e+02 1.015518e+02 3.385241e+01 1.032969e+01 2.103434e+00 2.086931e-02 9.650763e+01 1.565355e-02 4.885786e+01 3.590284e+02 0.000000e+00 0.000000e+00
 3.100000e+01 8.378107e+01 2.059971e+02 4.260253e+00 7.898516e+00 0.000000e+00 0.000000e+00 1.691252e+01 4.641230e+02 2.418154e+01 1.641346e+01 0.000000e+00 0.000000e+00 1.206187e+02 7.613779e+01 3.280378e+01 1.049487e+01 3.298186e+00 1.251449e-01 1.242146e+02 3.356310e-01 7.742961e+01 3.758825e+02 0.000000e+00 0.000000e+00
 3.350000e+01 7.933428e+01 1.962743e+02 3.610877e+00 6.815780e+00 0.000000e+00 0.000000e+00 1.602559e+01 4.432488e+02 1.848076e+01 1.510638e+01 0.000000e+00 0.000000e+00 1.145168e+02 5.617406e+01 2.944119e+01 8.840385e+00 4.203724e+00 2.517426e-01 1.394596e+02 1.631353e+00 9.923912e+01 3.751009e+02 0.000000e+00 0.000000e+00
 3.600000e+01 7.513356e+01 1.868263e+02 3.087308e+00 5.921194e+00 0.000000e+00 0.000000e+00 1.549460e+01 4.265022e+02 1.500904e+01 1.289571e+01 0.000000e+00 0.000000e+00 1.093632e+02 4.305982e+01 2.560727e+01 6.538703e+00 4.413835e+00 3.237147e-01 1.405367e+02 3.806833e+00 1.119066e+02 3.600905e+02 0.000000e+00 0.000000e+00
 3.850000e+01 7.118244e+01 1.778425e+02 2.655313e+00 5.178085e+00 0.000000e+00 0.000000e+00 1.508753e+01 4.106281e+02 1.294462e+01 1.095334e+01 0.000000e+00 0.000000e+00 1.052484e+02 3.501065e+01 2.188517e+01 4.488296e+00 4.007940e+00 3.396075e-01 1.329325e+02 5.873900e+00 1.152820e+02 3.376554e+02 0.000000e+00 0.000000e+00
 4.100000e+01 6.730753e+01 1.689798e+02 2.295338e+00 4.549726e+00 0.000000e+00 0.000000e+00 1.464722e+01 3.941440e+02 1.164892e+01 9.373994e+00 0.000000e+00 0.000000e+00 1.013113e+02 3.007693e+01 1.883722e+01 3.011698e+00 3.346004e+00 3.294073e-01 1.235952e+02 6.927968e+00 1.102748e+02 3.154765e+02 0.000000e+00 0.000000e+00
