#             0.000000e+00 3.165060e-01 6.124630e-01 7.845760e-01 9.209190e-01 1.195169e+00 1.201045e+00 1.365400e+00 1.378046e+00 1.383950e+00 1.406350e+00 1.439263e+00 1.481780e+00 1.518350e+00 1.546930e+00 1.576368e+00 1.629300e+00 1.666630e+00 1.739431e+00 1.746410e+00 1.766090e+00 1.793503e+00 1.800300e+00 1.857400e+00 1.869000e+00 1.880020e+00 1.881500e+00 1.894478e+00 1.897700e+00 0.000000e+00 0.000000e+00 0.000000e+00 0.000000e+00 0.000000e+00 0.000000e+00 0.000000e+00 0.000000e+00 0.000000e+00 0.000000e+00 0.000000e+00 0.000000e+00 1.898700e+00
 3.500000e+00 1.440172e-13 5.813260e-13 5.737825e-13 6.319284e-13 6.407735e-13 1.377364e-13 6.120901e-13 4.024668e-13 6.350148e-13 5.322106e-13 6.209217e-13 5.496113e-13 5.140259e-13 2.770714e-13 1.354367e-13 5.449250e-13 1.348530e-13 6.089469e-13 3.786117e-13 3.913402e-13 5.380003e-13 5.369539e-13 3.771780e-13 5.923209e-13 3.760639e-13 5.982025e-13 1.329407e-13 6.102265e-13 5.030607e-13 0.000000e+00 0.000000e+00 0.000000e+00 0.000000e+00 0.000000e+00 0.000000e+00 0.000000e+00 0.000000e+00 0.000000e+00 0.000000e+00 0.000000e+00 0.000000e+00 1.634139e-04
 6.000000e+00 4.484703e-11 1.858198e-10 1.841481e-10 2.192362e-10 2.127062e-10 4.356862e-11 2.140017e-10 1.623315e-10 2.116264e-10 1.961487e-10 2.082004e-10 1.790653e-10 1.926889e-10 1.210350e-10 4.314114e-11 1.781684e-10 4.303780e-11 2.056901e-10 1.222021e-10 1.568481e-10 1.769045e-10 1.767197e-10 1.219650e-10 2.087781e-10 1.535178e-10 2.035917e-10 4.271384e-11 2.067851e-10 1.882660e-10 0.000000e+00 0.000000e+00 0.000000e+00 0.000000e+00 0.000000e+00 0.000000e+00 0.000000e+00 0.000000e+00 0.000000e+00 0.000000e+00 0.000000e+00 0.000000e+00 2.813597e+00
 8.500000e+00 5.208143e-08 2.215778e-07 2.201815e-07 2.804751e-07 2.625109e-07 5.102906e-08 2.761928e-07 2.353489e-07 2.610586e-07 2.648954e-07 2.587582e-07 2.159524e-07 2.636776e-07 1.891832e-07 5.067819e-08 2.151969e-07 5.059280e-08 2.566308e-07 1.445163e-07 2.289571e-07 2.141228e-07 2.139648e-07 1.443174e-07 2.703653e-07 2.276156e-07 2.548201e-07 5.032325e-08 2.569204e-07 2.580757e-07 0.000000e+00 0.000000e+00 0.000000e+00 0.000000e+00 0.000000e+00 0.000000e+00 0.000000e+00 0.000000e+00 0.000000e+00 0.000000e+00 0.000000e+00 0.000000e+00 3.775817e+01
 1.100000e+01 7.629733e-09 3.370260e-08 3.347339e-08 4.630663e-08 4.145134e-08 7.452748e-09 4.567494e-08 4.407165e-08 4.101914e-08 4.627784e-08 4.088362e-08 3.280529e-08 4.614364e-08 3.884207e-08 7.397071e-09 3.269085e-08 7.383801e-09 4.057295e-08 2.124916e-08 4.318211e-08 3.253083e-08 3.250754e-08 2.121863e-08 4.468272e-08 4.297955e-08 4.031505e-08 7.342611e-09 4.040320e-08 4.530832e-08 0.000000e+00 0.000000e+00 0.000000e+00 0.000000e+00 0.000000e+00 0.000000e+00 0.000000e+00 0.000000e+00 0.000000e+00 0.000000e+00 0.000000e+00 0.000000e+00 1.107693e+02
 1.350000e+01 5.178433e-10 2.353072e-09 2.335209e-09 3.465307e-09 2.980686e-09 5.028017e-10 3.419544e-09 3.700045e-09 2.943302e-09 3.648601e-09 2.937217e-09 2.281885e-09 3.637723e-09 3.526939e-09 4.979527e-10 2.272573e-09 4.967912e-10 2.913022e-09 1.441879e-09 3.638402e-09 2.259481e-09 2.257570e-09 1.439290e-09 3.343285e-09 3.622238e-09 2.892757e-09 4.931766e-10 2.895012e-09 3.578085e-09 0.000000e+00 0.000000e+00 0.000000e+00 0.000000e+00 0.000000e+00 0.000000e+00 0.000000e+00 0.000000e+00 0.000000e+00 0.000000e+00 0.000000e+00 0.000000e+00 1.642499e+02
 1.600000e+01 3.185926e-11 1.476778e-10 1.465503e-10 2.284058e-10 1.911096e-10 3.088211e-11 2.257331e-10 2.648161e-10 1.887922e-10 2.498781e-10 1.885065e-10 1.432585e-10 2.492712e-10 2.666566e-10 3.057489e-11 1.426884e-10 3.050138e-11 1.870625e-10 8.912334e-11 2.613376e-10 1.418867e-10 1.417696e-10 8.896143e-11 2.211794e-10 2.604618e-10 1.858508e-10 3.027235e-11 1.859005e-10 2.458561e-10 0.000000e+00 0.000000e+00 0.000000e+00 0.000000e+00 0.000000e+00 0.000000e+00 0.000000e+00 0.000000e+00 0.000000e+00 0.000000e+00 0.000000e+00 0.000000e+00 1.983235e+02
 1.850000e+01 2.062278e-12 9.710064e-12 9.627998e-12 1.556618e-11 1.275299e-11 1.991460e-12 1.538188e-11 1.909906e-11 1.259225e-11 1.747746e-11 1.257456e-11 9.398718e-12 1.743270e-11 1.997092e-11 1.970616e-12 9.360608e-12 1.965727e-12 1.247864e-11 5.775027e-12 1.887661e-11 9.307773e-12 9.300127e-12 5.764435e-12 1.507933e-11 1.881751e-11 1.239976e-11 1.950727e-12 1.240203e-11 1.721647e-11 0.000000e+00 0.000000e+00 0.000000e+00 0.000000e+00 0.000000e+00 0.000000e+00 0.000000e+00 0.000000e+00 0.000000e+00 0.000000e+00 0.000000e+00 0.000000e+00 2.230632e+02
 2.100000e+01 1.470248e-13 7.013462e-13 6.948455e-13 1.156823e-12 9.317456e-13 1.414195e-13 1.142064e-12 1.479803e-12 9.188991e-13 1.323333e-12 9.175064e-13 6.765820e-13 1.319424e-12 1.589802e-12 1.397645e-13 6.735525e-13 1.393776e-13 9.098703e-13 4.113166e-13 1.462196e-12 6.693652e-13 6.687608e-13 4.104812e-13 1.117801e-12 1.457253e-12 9.036176e-13 1.381956e-13 9.037374e-13 1.302457e-12 0.000000e+00 0.000000e+00 0.000000e+00 0.000000e+00 0.000000e+00 0.000000e+00 0.000000e+00 0.000000e+00 0.000000e+00 0.000000e+00 0.000000e+00 0.000000e+00 2.371633e+02
 2.350000e+01 1.144465e-14 5.527206e-14 5.478796e-14 9.347791e-14 7.428894e-14 1.103009e-14 9.233332e-14 1.237625e-13 7.330517e-14 1.087200e-13 7.318619e-14 5.339458e-14 1.083724e-13 1.357688e-13 1.090337e-14 5.315810e-14 1.087342e-14 7.258419e-14 3.221488e-14 1.223477e-13 5.282863e-14 5.278082e-14 3.214930e-14 9.038889e-14 1.219390e-13 7.208564e-14 1.078116e-14 7.210310e-14 1.070394e-13 0.000000e+00 0.000000e+00 0.000000e+00 0.000000e+00 0.000000e+00 0.000000e+00 0.000000e+00 0.000000e+00 0.000000e+00 0.000000e+00 0.000000e+00 0.000000e+00 2.496722e+02
 2.600000e+01 9.709703e-16 4.739138e-15 4.701024e-15 8.189960e-15 6.437624e-15 9.388876e-16 8.099294e-15 1.117004e-14 6.361197e-15 9.669184e-15 6.351496e-15 4.593082e-15 9.638665e-15 1.246384e-14 9.292777e-16 4.574906e-15 9.270115e-16 6.304681e-15 2.756269e-15 1.105467e-14 4.549597e-15 4.545924e-15 2.751279e-15 7.944506e-15 1.102376e-14 6.265918e-15 9.200308e-16 6.267780e-15 9.535594e-15 0.000000e+00 0.000000e+00 0.000000e+00 0.000000e+00 0.000000e+00 0.000000e+00 0.000000e+00 0.000000e+00 0.000000e+00 0.000000e+00 0.000000e+00 0.000000e+00 2.479459e+02
 2.850000e+01 8.968548e-17 4.411830e-16 4.376420e-16 7.754034e-16 6.038197e-16 8.675428e-17 7.669571e-16 1.083326e-15 5.968649e-16 9.261114e-16 5.959346e-16 4.278018e-16 9.230713e-16 1.225915e-15 8.589985e-17 4.261767e-16 8.570025e-17 5.917146e-16 2.555140e-16 1.072469e-15 4.239303e-16 4.236059e-16 2.550760e-16 7.528711e-16 1.069791e-15 5.882573e-16 8.509005e-17 5.884781e-16 9.138703e-16 0.000000e+00 0.000000e+00 0.000000e+00 0.000000e+00 0.000000e+00 0.000000e+00 0.000000e+00 0.000000e+00 0.000000e+00 0.000000e+00 0.000000e+00 0.000000e+00 2.460264e+02
 3.100000e+01 8.876191e-18 4.394388e-17 4.359533e-17 7.830158e-17 6.050982e-17 8.590856e-18 7.744611e-17 1.115848e-16 5.981464e-17 9.438697e-17 5.971958e-17 4.262031e-17 9.406343e-17 1.277637e-16 8.506971e-18 4.245875e-17 8.487357e-18 5.929594e-17 2.535811e-17 1.104452e-16 4.223538e-17 4.220313e-17 2.531488e-17 7.601937e-17 1.101807e-16 5.894889e-17 8.427387e-18 5.897255e-17 9.313039e-17 0.000000e+00 0.000000e+00 0.000000e+00 0.000000e+00 0.000000e+00 0.000000e+00 0.000000e+00 0.000000e+00 0.000000e+00 0.000000e+00 0.000000e+00 0.000000e+00 2.479053e+02
 3.350000e+01 9.601738e-19 4.779652e-18 4.743942e-18 8.617994e-18 6.619232e-18 9.311968e-19 8.528063e-18 1.249751e-17 6.546977e-18 1.047618e-17 6.536875e-18 4.643451e-18 1.044080e-17 1.445643e-17 9.226025e-19 4.626688e-18 9.205860e-19 6.492481e-18 2.755538e-18 1.237180e-17 4.603450e-18 4.600088e-18 2.751064e-18 8.376652e-18 1.234507e-17 6.455971e-18 9.144038e-19 6.458579e-18 1.034125e-17 0.000000e+00 0.000000e+00 0.000000e+00 0.000000e+00 0.000000e+00 0.000000e+00 0.000000e+00 0.000000e+00 0.000000e+00 0.000000e+00 0.000000e+00 0.000000e+00 2.387391e+02
 3.600000e+01 1.103051e-19 5.514233e-19 5.475370e-19 1.003858e-18 7.672618e-19 1.071805e-19 9.939592e-19 1.477915e-18 7.594020e-19 1.229326e-18 7.582885e-19 5.366574e-19 1.225311e-18 1.725098e-18 1.062597e-19 5.348487e-19 1.060439e-19 7.534625e-19 3.178939e-19 1.463684e-18 5.323429e-19 5.319805e-19 3.174141e-19 9.773514e-19 1.460859e-18 7.494972e-19 1.053827e-19 7.497971e-19 1.214381e-18 0.000000e+00 0.000000e+00 0.000000e+00 0.000000e+00 0.000000e+00 0.000000e+00 0.000000e+00 0.000000e+00 0.000000e+00 0.000000e+00 0.000000e+00 0.000000e+00 2.314875e+02
 3.850000e+01 1.342504e-20 6.732557e-20 6.686822e-20 1.234832e-19 9.400816e-20 1.306046e-20 1.223060e-19 1.840743e-19 9.308053e-20 1.521091e-19 9.295151e-20 6.559396e-20 1.516244e-19 2.165487e-19 1.295371e-20 6.538311e-20 1.292874e-20 9.238546e-20 3.880024e-20 1.823552e-19 6.509153e-20 6.504940e-20 3.874468e-20 1.203476e-19 1.820229e-19 9.192160e-20 1.285238e-20 9.195542e-20 1.503293e-19 0.000000e+00 0.000000e+00 0.000000e+00 0.000000e+00 0.000000e+00 0.000000e+00 0.000000e+00 0.000000e+00 0.000000e+00 0.000000e+00 0.000000e+00 0.000000e+00 2.281694e+02
 4.100000e+01 1.742860e-21 8.762029e-21 8.704534e-21 1.616653e-20 1.226898e-20 1.697320e-21 1.601647e-20 2.434947e-20 1.215126e-20 2.000925e-20 1.213530e-20 8.544292e-21 1.994737e-20 2.883745e-20 1.683980e-21 8.517782e-21 1.680861e-21 1.206372e-20 5.048711e-21 2.412578e-20 8.481131e-21 8.475838e-21 5.041756e-21 1.576758e-20 2.408351e-20 1.200508e-20 1.671322e-21 1.200902e-20 1.978063e-20 0.000000e+00 0.000000e+00 0.000000e+00 0.000000e+00 0.000000e+00 0.000000e+00 0.000000e+00 0.000000e+00 0.000000e+00 0.000000e+00 0.000000e+00 0.000000e+00 2.183545e+02
