# Reaction        (x,n)        (x,p)        (x,A)        (x,d)        (x,t)        (x,h)        (x,2n)       (x,np)       (x,nA)       (x,nd)       (x,nt)       (x,nh)       (x,2p)       (x,pA)       (x,pd)       (x,2A)   (x,Ad)   (x,3n)       (x,2np)      (x,2nA)      (x,npA)      (x,n2p)      (x,4n)       (x,5n)               
 3.500000e+00 1.634139e-04 6.806056e-08 7.001195e-08 1.980370e-19 0.000000e+00 0.000000e+00 0.000000e+00 0.000000e+00 2.514330e-13 0.000000e+00 0.000000e+00 0.000000e+00 0.000000e+00 1.427615e-29 0.000000e+00 1.775354e-22 0.000000e+00 0.000000e+00 0.000000e+00 0.000000e+00 0.000000e+00 0.000000e+00 0.000000e+00 0.000000e+00
 6.000000e+00 2.813597e+00 3.538042e-02 2.774934e-02 7.998894e-09 0.000000e+00 0.000000e+00 6.056006e-02 9.004128e-09 2.171422e-06 0.000000e+00 0.000000e+00 0.000000e+00 1.418827e-25 3.707077e-18 0.000000e+00 1.875561e-15 0.000000e+00 0.000000e+00 0.000000e+00 0.000000e+00 0.000000e+00 0.000000e+00 0.000000e+00 0.000000e+00
 8.500000e+00 3.775817e+01 1.994247e+00 3.547622e-01 4.346775e-04 0.000000e+00 0.000000e+00 1.194848e+02 1.192683e-03 7.773408e-04 0.000000e+00 0.000000e+00 0.000000e+00 4.743868e-15 1.589227e-13 2.528023e-34 1.976603e-12 2.861789e-21 0.000000e+00 0.000000e+00 6.142097e-12 1.911968e-29 0.000000e+00 0.000000e+00 0.000000e+00
 1.100000e+01 1.107693e+02 2.182349e+01 1.162188e+00 4.534058e-02 0.000000e+00 0.000000e+00 6.044291e+02 2.665317e-01 2.439451e-02 1.655864e-11 0.000000e+00 0.000000e+00 1.137340e-10 1.226023e-10 7.675927e-19 1.759153e-10 3.397855e-15 1.353819e-01 0.000000e+00 1.522890e-06 7.503372e-18 5.193908e-27 0.000000e+00 0.000000e+00
 1.350000e+01 1.642499e+02 6.424912e+01 2.168609e+00 3.602559e-01 0.000000e+00 0.000000e+00 8.693806e+02 4.868154e+00 2.481306e-01 2.665541e-05 0.000000e+00 0.000000e+00 2.953979e-08 1.113189e-08 2.685087e-13 3.347737e-09 1.007501e-11 1.955207e+02 2.856279e-08 2.734507e-04 3.144988e-13 4.462586e-16 0.000000e+00 0.000000e+00
 1.600000e+01 1.983235e+02 1.151609e+02 2.786398e+00 1.104873e+00 0.000000e+00 0.000000e+00 6.097001e+02 2.223064e+01 9.685869e-01 1.072436e-02 0.000000e+00 0.000000e+00 1.094563e-06 2.493236e-07 2.799683e-10 3.077360e-08 1.046365e-09 7.545045e+02 8.977618e-04 5.545500e-03 1.895586e-10 1.108492e-11 0.000000e+00 0.000000e+00
 1.850000e+01 2.230632e+02 1.610412e+02 2.946023e+00 2.038141e+00 0.000000e+00 0.000000e+00 3.569828e+02 5.556716e+01 2.109184e+00 2.151328e-01 0.000000e+00 0.000000e+00 1.105491e-05 2.338039e-06 2.116077e-08 1.609515e-07 1.879627e-08 1.188052e+03 8.136614e-02 4.055111e-02 1.453515e-08 4.725051e-09 0.000000e+00 0.000000e+00
 2.100000e+01 2.371633e+02 1.960181e+02 2.837530e+00 2.690965e+00 0.000000e+00 0.000000e+00 2.402748e+02 1.017349e+02 3.321750e+00 9.532097e-01 0.000000e+00 0.000000e+00 4.460834e-05 1.237695e-05 3.051618e-07 5.345575e-07 1.532258e-07 1.414726e+03 1.563084e+00 1.967245e-01 4.040292e-07 2.951431e-07 9.230735e-01 0.000000e+00
 2.350000e+01 2.496722e+02 2.194807e+02 2.665551e+00 2.975641e+00 0.000000e+00 0.000000e+00 2.058209e+02 1.518355e+02 4.260496e+00 2.187842e+00 0.000000e+00 0.000000e+00 1.240420e-04 4.814178e-05 1.633868e-06 1.264642e-06 6.368633e-07 1.415797e+03 9.904174e+00 6.602218e-01 5.622276e-06 6.150236e-06 9.553331e+01 0.000000e+00
 2.600000e+01 2.479459e+02 2.421710e+02 2.396054e+00 2.990086e+00 0.000000e+00 0.000000e+00 1.994555e+02 1.947809e+02 4.772630e+00 3.588742e+00 0.000000e+00 0.000000e+00 2.453097e-04 1.382051e-04 5.010338e-06 2.490596e-06 1.922681e-06 1.169041e+03 3.045024e+01 1.540189e+00 4.315730e-05 5.339298e-05 3.831673e+02 0.000000e+00
 2.850000e+01 2.460264e+02 2.528694e+02 2.136498e+00 2.893370e+00 0.000000e+00 0.000000e+00 2.004948e+02 2.288751e+02 4.897925e+00 4.674366e+00 0.000000e+00 0.000000e+00 4.093414e-04 3.057229e-04 1.289850e-05 4.190062e-06 5.292208e-06 8.508196e+02 6.283861e+01 2.615884e+00 2.242285e-04 2.518872e-04 7.168225e+02 1.276924e-01
 3.100000e+01 2.479053e+02 2.674564e+02 1.903854e+00 2.738512e+00 0.000000e+00 0.000000e+00 2.008787e+02 2.539206e+02 4.807100e+00 5.288357e+00 0.000000e+00 0.000000e+00 5.629998e-04 5.444647e-04 2.804996e-05 5.731849e-06 1.216980e-05 5.534632e+02 1.023748e+02 3.515689e+00 7.938058e-04 8.006585e-04 9.854079e+02 1.650058e+01
 3.350000e+01 2.387391e+02 2.672980e+02 1.661394e+00 2.506173e+00 0.000000e+00 0.000000e+00 1.985658e+02 2.695477e+02 4.563700e+00 5.466484e+00 0.000000e+00 0.000000e+00 6.928056e-04 7.988021e-04 4.645544e-05 6.949449e-06 2.255673e-05 3.622594e+02 1.423521e+02 4.141286e+00 2.121787e-03 1.887416e-03 1.062992e+03 1.334502e+02
 3.600000e+01 2.314875e+02 2.663345e+02 1.473410e+00 2.310379e+00 0.000000e+00 0.000000e+00 1.963744e+02 2.819561e+02 4.259866e+00 5.345896e+00 0.000000e+00 0.000000e+00 8.080001e-04 1.017791e-03 6.524814e-05 7.733689e-06 3.297622e-05 2.725503e+02 1.755635e+02 4.421071e+00 4.532217e-03 3.566850e-03 9.157693e+02 3.607492e+02
 3.850000e+01 2.281694e+02 2.693676e+02 1.295524e+00 2.096934e+00 0.000000e+00 0.000000e+00 1.902969e+02 2.892405e+02 3.896998e+00 5.118376e+00 0.000000e+00 0.000000e+00 8.731735e-04 1.210653e-03 7.724746e-05 7.942503e-06 3.986380e-05 2.389177e+02 2.013298e+02 4.509458e+00 7.805231e-03 5.600673e-03 6.585955e+02 6.327980e+02
 4.100000e+01 2.183545e+02 2.650487e+02 1.131637e+00 1.915708e+00 0.000000e+00 0.000000e+00 1.876758e+02 2.916779e+02 3.581121e+00 4.778487e+00 0.000000e+00 0.000000e+00 9.251019e-04 1.357752e-03 8.716872e-05 8.119425e-06 4.283871e-05 2.258313e+02 2.223060e+02 4.480115e+00 1.148694e-02 7.541711e-03 4.168726e+02 8.710047e+02
