###################################################################################################
#                                                                                    3.6.0-Cordelia
#
#                                                      .oooooo.             ooooo   ooooo        
#     Clair de Lune                                   d8P    Y8b             888     888         
#     =============                                  888           .ooooo.   888     888         
#                                                    888          d88   88b  888ooooo888         
# Votre ame est un paysage choisi                    888          888   888  888     888  dP^Y8b 
# Que vont charmant masques et bergamasques           88b    ooo  888   888  888     888      8P 
# Jouant du luth et dansant et quasi                   Y8bood8P    Y8bod8P' o888o   o888o   <8B  
# Tristes sous leurs deguisements fantasques.                                           8b    8b 
#                                                                                        Y8oo8P  
#
# Tout en chantant sur le mode mineur            Au calme clair de lune triste et beau,
# L'amour vainqueur et la vie opportune          Qui fait rever les oiseaux dans les arbres
# Ils n'ont pas l'air de croire a leur bonheur   Et sangloter d'extase les jets d'eau,
# Et leur chanson se mele au clair de lune,      Les grands jets d'eau sveltes parmi les marbres.
# 
#                                                                                   Paul Verlaine
#
######################################################################################## Moonage 11
###################################################################################################
#                                                                                    3.6.0-Cordelia
#          
#......................................................................../  026-054Fe //   6.000000
#                                                                                 SYSTEM PARAMETERS
#            AtomicNum    MassNum
#    Target         26         54
#  Incident          1          2
#            Ecms[MeV]  Elab[MeV] ReduceMass WaveNumber
     Energy 5.7840e+00 6.0000e+00 1.9416e+00 7.3302e-01
#......................................................................../  026-054Fe //   6.000000
#                                                                           OPTICAL MODEL POTENTIAL
# OMP  0      V         Vs        Wv        Ws        Vso       Wso       Coul
      r[fm]   1.14995   0.00000   1.33138   1.37421   0.97200   0.00000      1.30
      a[fm]   0.76663   0.00000   0.47702   0.76535   1.01100   0.00000
 Depth[MeV]  94.82981   0.00000   1.46377  10.65301   7.11400   0.00000
#......................................................................../  026-054Fe //   6.000000
#                                                                      TOTAL REACTION CROSS SECTION
  Sigma[mb] 7.8382e+02
#......................................................................../  026-054Fe //   6.000000
#                                                                                      TARGET STATE
#           Excitation  Spin
  026-054Fe 0.0000e+00  0.0+
#......................................................................../  026-054Fe //   6.000000
#                                                                             COMPOUND NUCLEUS DATA
#              Z     A  MassExess    Ex(max) Separation     N-cont    N-level
  027-056Co              -56.0398    18.7058                   157         32
      gamma  027-056Co     0.0000                0.0000
    neutron  027-055Co     8.0714               10.0820
     proton  026-055Fe     7.2890                5.8482
      alpha  025-052Mn     2.4249                7.7579
   deuteron  026-054Fe    13.1358               12.9218
  027-055Co              -54.0293     8.6238                    47         29
      gamma  027-055Co     0.0000                0.0000
     proton  026-054Fe     7.2890                5.0644
      alpha  025-051Mn     2.4249                8.2107
  026-055Fe              -57.4806    12.8576                    95         31
      gamma  026-055Fe     0.0000                0.0000
    neutron  026-054Fe     8.0714                9.2982
     proton  025-054Mn     7.2890                9.2131
      alpha  024-051Cr     2.4249                8.4545
  025-052Mn              -50.7069    10.9479                    78         47
      gamma  025-052Mn     0.0000                0.0000
    neutron  025-051Mn     8.0714               10.5348
     proton  024-051Cr     7.2890                6.5448
      alpha  023-048V      2.4249                8.6550
  026-054Fe              -56.2539     5.7840                    11         25
      gamma  026-054Fe     0.0000                0.0000
  026-054Fe              -56.2539     3.5594                     0         25
      gamma  026-054Fe     0.0000                0.0000
  025-051Mn              -48.2435     0.4131                     0         28
      gamma  025-051Mn     0.0000                0.0000
  025-054Mn              -55.5565     3.6445                    13         34
      gamma  025-054Mn     0.0000                0.0000
  024-051Cr              -51.4511     4.4031                     1         91
      gamma  024-051Cr     0.0000                0.0000
  023-048V               -44.4768     2.2929                     1         33
      gamma  023-048V      0.0000                0.0000
#......................................................................../  026-054Fe //   6.000000
#                                                                          LEVEL DENSITY PARAMETERS
#                 a       Pairing     T          E0         Em         Sigma2     Eshell
  027-056Co     7.3020     0.0000     1.5491    -2.5217     7.6611     6.6250  -4.263500
  027-055Co     7.1675     1.5457     1.7291    -2.0246    11.2496     5.7888  -4.841800
  026-055Fe     7.1675     1.5728     1.6603    -2.4655    11.9733     9.7944  -3.480400
  025-052Mn     6.7648     0.0000     1.5532    -2.9404     8.7055    10.5106  -2.416200
  026-054Fe     7.0331     2.6947     1.6595    -0.6555    11.9383     7.7600  -4.019500
  025-054Mn     7.0331     0.0000     1.5814    -3.6263     9.3214     7.3235  -2.894400
  024-051Cr     6.6309     1.6188     1.7272    -3.5767    13.5591     8.5893  -2.005500
  023-048V      6.2300     0.0000     1.6266    -3.8546    10.0799    10.0000  -0.988800
#......................................................................../  026-054Fe //   6.000000
#                                                                       GIANT DIPOLE RESONANCE DATA
#          Energy[MeV] Width[MeV] Sigma0[mb]            Profile
         E1    18.7079     5.6124 105.766272                 GL
         M1    10.7165     4.0000   0.817423                 SL
         E2    16.4669     5.4380   1.425190                 SL
         M2    10.7165     4.0000   0.000654                 SL
         E3    16.4669     5.4380   0.001140                 SL
#......................................................................../  026-054Fe //   6.000000
#                                                                       SUM OF PRECOMPOUND EMISSION
#            027-056Co      gamma    neutron     proton      alpha   deuteron
 SpcSum[mb]            0.0000e+00 4.6387e+01 7.9952e+01 2.8849e-01 2.2948e-08
 Emean[MeV]            0.0000e+00 2.8782e+00 7.2131e+00 7.2161e+00 9.8273e-01
#          
#           TotalPreEq   Compound   Fraction
  Sigma[mb] 1.2663e+02 7.8382e+02 1.6155e-01
#......................................................................../  026-054Fe //   6.000000
#                                                                          SUM SPECTRA FOR COMPOUND
#            027-056Co      gamma    neutron     proton      alpha   deuteron
 SpcSum[mb]            7.4751e-01 2.2663e+02 4.0128e+02 2.7209e+01 1.9229e+00
 Emean[MeV]            5.5596e+00 2.6046e+00 6.3072e+00 8.9225e+00 4.5367e+00
#......................................................................../  026-054Fe //   6.000000
#                                                                   GAMMAS FROM DISCRETE TRANSITION
#           0 0 0 0 0 0             027-056Co
#   Ex[MeV]     Jpi    FinalState  Branching Production    Egamma Production   T(1/2)[s]
 31  3.0759    1.0+                          1.4838e-03                       2.2000e-14
                       11  2.0600     0.1805               1.0159 2.6776e-04
                        7  1.4507     0.7518               1.6252 1.1154e-03
                        4  0.9702     0.0677               2.1057 1.0038e-04
 30  3.0600    5.0+                          1.0476e-03
                       19  2.4696     0.5000               0.5904 5.2378e-04
                       25  2.7700     0.5000               0.2900 5.2378e-04
 29  3.0480    3.0+                          1.7994e-03
                        8  1.5850     0.3333               1.4630 5.9980e-04
                       25  2.7700     0.3333               0.2780 5.9980e-04
                       26  2.7890     0.3333               0.2590 5.9980e-04
 28  2.9690    2.0+                          1.7431e-03
                        8  1.5850     0.5000               1.3840 8.7155e-04
                       26  2.7890     0.5000               0.1800 8.7155e-04
 27  2.9260    2.0+                          1.8171e-03
                        8  1.5850     0.5000               1.3410 9.0854e-04
                       26  2.7890     0.5000               0.1370 9.0854e-04
 26  2.7890    2.0-                          6.1123e-03
                        1  0.1584     0.0625               2.6306 3.8202e-04
                        4  0.9702     0.0625               1.8188 3.8202e-04
                        6  1.1145     0.0625               1.6745 3.8202e-04
                        9  1.7202     0.0625               1.0688 3.8202e-04
                       10  1.9304     0.0625               0.8586 3.8202e-04
                       11  2.0600     0.0625               0.7290 3.8202e-04
                       12  2.2249     0.0625               0.5641 3.8202e-04
                       14  2.2901     0.0625               0.4989 3.8202e-04
                       15  2.3061     0.0625               0.4829 3.8202e-04
                       16  2.3574     0.0625               0.4316 3.8202e-04
                       18  2.4560     0.0625               0.3330 3.8202e-04
                       20  2.6095     0.0625               0.1795 3.8202e-04
                       21  2.6356     0.0625               0.1534 3.8202e-04
                       22  2.6472     0.0625               0.1418 3.8202e-04
                       23  2.6651     0.0625               0.1239 3.8202e-04
                       24  2.7299     0.0625               0.0591 3.8202e-04
 25  2.7700    4.0-                          3.9207e-03
                        0  0.0000     0.1000               2.7700 3.9207e-04
                        1  0.1584     0.1000               2.6116 3.9207e-04
                        2  0.5765     0.1000               2.1935 3.9207e-04
                        3  0.8296     0.1000               1.9404 3.9207e-04
                        5  1.0091     0.1000               1.7609 3.9207e-04
                        6  1.1145     0.1000               1.6555 3.9207e-04
                       10  1.9304     0.1000               0.8396 3.9207e-04
                       14  2.2901     0.1000               0.4799 3.9207e-04
                       20  2.6095     0.1000               0.1605 3.9207e-04
                       23  2.6651     0.1000               0.1049 3.9207e-04
 24  2.7299    1.0+                          2.4738e-03                       6.9000e-14
                       15  2.3061     0.1402               0.4238 3.4621e-04
                       12  2.2249     0.1401               0.5050 3.4621e-04
                       11  2.0600     0.2510               0.6699 6.2062e-04
                        7  1.4507     0.1386               1.2792 3.4283e-04
                        4  0.9702     0.3301               1.7597 8.1642e-04
 23  2.6651    3.0+                          3.3117e-03
                        1  0.1584     1.0000               2.5067 3.3099e-03
 22  2.6472    1.0+                          2.6584e-03
                        1  0.1584     1.0000               2.4888 2.6569e-03
 21  2.6356    1.0+                          2.6856e-03                       1.4000e-14
                        7  1.4507     1.0000               1.1850 2.6853e-03
 20  2.6095    3.0+                          3.4426e-03
                        1  0.1584     1.0000               2.4511 3.4408e-03
 19  2.4696    5.0-                          2.9164e-03                       1.6000e-14
                        2  0.5765     1.0000               1.8931 2.9147e-03
 18  2.4560    1.0+                          3.1563e-03
                        8  1.5850     1.0000               0.8710 3.1563e-03
 17  2.3718    6.0+                          9.1956e-04                       4.2000e-14
                        5  1.0091     0.2806               1.3627 2.5799e-04
                        2  0.5765     0.7194               1.7953 6.6138e-04
 16  2.3574    1.0+                          3.4562e-03
                        4  0.9702     0.5000               1.3872 1.7281e-03
                        1  0.1584     0.5000               2.1990 1.7281e-03
 15  2.3061    2.0+                          4.0875e-03
                        4  0.9702     0.3112               1.3359 1.2719e-03
                        1  0.1584     0.5102               2.1477 2.0846e-03
                        0  0.0000     0.1786               2.3061 7.2967e-04
 14  2.2901    3.0+                          4.3338e-03
                        4  0.9702     0.2387               1.3199 1.0343e-03
                        1  0.1584     0.3108               2.1317 1.3464e-03
                        0  0.0000     0.4505               2.2901 1.9515e-03
 13  2.2826    7.0+                          7.4849e-04                       1.2500e-12
                        2  0.5765     1.0000               1.7061 7.4831e-04
 12  2.2249    2.0+                          4.3703e-03
                        6  1.1145     0.3333               1.1104 1.4568e-03
                        4  0.9702     0.3333               1.2546 1.4568e-03
                        1  0.1584     0.3333               2.0665 1.4568e-03
 11  2.0600    2.0+                          5.5565e-03                       2.4000e-14
                        6  1.1145     0.5299               0.9455 2.9437e-03
                        4  0.9702     0.1500               1.0898 8.3334e-04
                        1  0.1584     0.3201               1.9016 1.7781e-03
 10  1.9304    3.0+                          5.6643e-03                       3.3000e-14
                        4  0.9702     0.5197               0.9601 2.9431e-03
                        3  0.8296     0.1102               1.1008 6.2411e-04
                        1  0.1584     0.3701               1.7720 2.0959e-03
  9  1.7202    1.0+                          6.2750e-03                       3.4000e-13
                        7  1.4507     0.3655               0.2695 2.2862e-03
                        4  0.9702     0.4945               0.7500 3.1021e-03
                        1  0.1584     0.1399               1.5618 8.7779e-04
  8  1.5850    2.0-                          2.0765e-02
                        1  0.1584     0.3333               1.4266 6.9216e-03
                        4  0.9702     0.3333               0.6148 6.9216e-03
                        6  1.1145     0.3333               0.4705 6.9216e-03
  7  1.4507    0.0+                          8.8924e-03                       1.5800e-09
                        4  0.9702     1.0000               0.4804 8.8769e-03
  6  1.1145    3.0+                          2.1548e-02                       1.9000e-13
                        3  0.8296     0.1105               0.2849 2.3742e-03
                        1  0.1584     0.0480               0.9561 1.0335e-03
                        0  0.0000     0.8415               1.1145 1.8131e-02
  5  1.0091    5.0+                          5.8980e-03                       3.8000e-13
                        3  0.8296     0.0547               0.1795 3.1224e-04
                        2  0.5765     0.0628               0.4326 3.6951e-04
                        0  0.0000     0.8826               1.0091 5.2044e-03
  4  0.9702    2.0+                          4.0966e-02                       1.2000e-13
                        1  0.1584     0.9970               0.8119 4.0833e-02
                        0  0.0000     0.0030               0.9702 1.2250e-04
  3  0.8296    4.0+                          1.1439e-02                       1.7000e-12
                        2  0.5765     0.0149               0.2531 1.6819e-04
                        1  0.1584     0.7352               0.6712 8.4066e-03
                        0  0.0000     0.2499               0.8296 2.8578e-03
  2  0.5765    5.0+                          1.2179e-02                       2.8000e-13
                        0  0.0000     1.0000               0.5765 1.2172e-02
  1  0.1584    3.0+                          9.7023e-02                       1.0000e-10
                        0  0.0000     1.0000               0.1584 9.5823e-02
  0  0.0000    4.0+                          1.5203e-01                       6.6730e+06
#......................................................................../  026-054Fe //   6.000000
#                                                                          SUM SPECTRA FOR COMPOUND
#            027-055Co      gamma     proton      alpha
 SpcSum[mb]            4.0005e+02 7.6348e+01 0.0000e+00
 Emean[MeV]            2.6515e+00 2.3918e+00 0.0000e+00
#......................................................................../  026-054Fe //   6.000000
#                                                                   GAMMAS FROM DISCRETE TRANSITION
#           1 0 0 0 0 0             027-055Co
#   Ex[MeV]     Jpi    FinalState  Branching Production    Egamma Production   T(1/2)[s]
 28  3.9800    1.5+                          3.1806e+00
                        1  2.1659     0.0667               1.8141 2.1204e-01
                        2  2.5659     0.0667               1.4141 2.1204e-01
                        3  2.6595     0.0667               1.3205 2.1204e-01
                        6  2.9391     0.0667               1.0409 2.1204e-01
                       10  2.9900     0.0667               0.9900 2.1204e-01
                       11  3.3031     0.0667               0.6769 2.1204e-01
                       12  3.3232     0.0667               0.6568 2.1204e-01
                       13  3.3350     0.0667               0.6450 2.1204e-01
                       16  3.6430     0.0667               0.3370 2.1204e-01
                       17  3.6500     0.0667               0.3300 2.1204e-01
                       19  3.7040     0.0667               0.2760 2.1204e-01
                       20  3.7250     0.0667               0.2550 2.1204e-01
                       25  3.8709     0.0667               0.1091 2.1204e-01
                       26  3.9330     0.0667               0.0470 2.1204e-01
                       27  3.9421     0.0667               0.0379 2.1204e-01
 27  3.9421    1.5-                          2.1228e+00                       1.2000e-13
                        6  2.9391     0.0687               1.0030 1.4581e-01
                        2  2.5659     0.7633               1.3762 1.6201e+00
                        1  2.1659     0.1680               1.7762 3.5654e-01
 26  3.9330    1.5-                          2.1368e+00
                        2  2.5659     0.7900               1.3671 1.6878e+00
                        1  2.1659     0.2100               1.7671 4.4862e-01
 25  3.8709    1.5-                          2.2377e+00
                        2  2.5659     0.4800               1.3050 1.0739e+00
                        1  2.1659     0.5200               1.7050 1.1633e+00
 24  3.8660    2.5+                          5.2286e+00
                        0  0.0000     0.0714               3.8660 3.7347e-01
                        1  2.1659     0.0714               1.7001 3.7347e-01
                        2  2.5659     0.0714               1.3001 3.7347e-01
                        3  2.6595     0.0714               1.2065 3.7347e-01
                        4  2.9186     0.0714               0.9474 3.7347e-01
                        7  2.9601     0.0714               0.9059 3.7347e-01
                       10  2.9900     0.0714               0.8760 3.7347e-01
                       11  3.3031     0.0714               0.5629 3.7347e-01
                       13  3.3350     0.0714               0.5310 3.7347e-01
                       16  3.6430     0.0714               0.2230 3.7347e-01
                       17  3.6500     0.0714               0.2160 3.7347e-01
                       19  3.7040     0.0714               0.1620 3.7347e-01
                       20  3.7250     0.0714               0.1410 3.7347e-01
                       23  3.8593     0.0714               0.0067 3.7347e-01
 23  3.8593    3.5-                          2.9386e+00                       7.1000e-14
                        3  2.6595     0.3685               1.1998 1.0827e+00
                        1  2.1659     0.0726               1.6934 2.1327e-01
                        0  0.0000     0.5589               3.8593 1.6407e+00
 22  3.7746    7.5-                          6.3270e-01
                       21  3.7365     0.0000               0.0381 0.0000e+00
                        8  2.9735     1.0000               0.8011 6.3245e-01
 21  3.7365    6.5-                          1.5281e+00
                        8  2.9735     1.0000               0.7631 1.5276e+00
 20  3.7250    2.5-                          3.6270e+00                       4.0000e-14
                        4  2.9186     0.1999               0.8064 7.2487e-01
                        2  2.5659     0.2593               1.1592 9.4044e-01
                        0  0.0000     0.5408               3.7250 1.9594e+00
 19  3.7040    1.5-                          2.9323e+00
                        5  2.9223     0.2500               0.7818 7.3308e-01
                       14  3.5529     0.2500               0.1511 7.3308e-01
                       15  3.5630     0.2500               0.1410 7.3308e-01
                       18  3.6820     0.2500               0.0220 7.3308e-01
 18  3.6820    2.5+                          7.5034e+00
                        0  0.0000     0.0909               3.6820 6.8213e-01
                        1  2.1659     0.0909               1.5161 6.8213e-01
                        2  2.5659     0.0909               1.1161 6.8213e-01
                        3  2.6595     0.0909               1.0225 6.8213e-01
                        4  2.9186     0.0909               0.7634 6.8213e-01
                        7  2.9601     0.0909               0.7219 6.8213e-01
                       10  2.9900     0.0909               0.6920 6.8213e-01
                       11  3.3031     0.0909               0.3789 6.8213e-01
                       13  3.3350     0.0909               0.3470 6.8213e-01
                       16  3.6430     0.0909               0.0390 6.8213e-01
                       17  3.6500     0.0909               0.0320 6.8213e-01
 17  3.6500    1.5-                          3.7361e+00
                        5  2.9223     0.3333               0.7277 1.2454e+00
                       14  3.5529     0.3333               0.0971 1.2454e+00
                       15  3.5630     0.3333               0.0870 1.2454e+00
 16  3.6430    1.5-                          3.7526e+00                       2.4000e-13
                        6  2.9391     0.1011               0.7039 3.7923e-01
                        3  2.6595     0.1180               0.9835 4.4273e-01
                        2  2.5659     0.1292               1.0772 4.8477e-01
                        1  2.1659     0.5617               1.4771 2.1076e+00
                        0  0.0000     0.0900               3.6430 3.3724e-01
 15  3.5630    1.5+                          7.7509e+00                       3.0000e-14
                        5  2.9223     0.0698               0.6407 5.4038e-01
                        3  2.6595     0.0402               0.9035 3.1147e-01
                        2  2.5659     0.8203               0.9971 6.3573e+00
                        0  0.0000     0.0698               3.5630 5.4038e-01
 14  3.5529    1.5+                          7.8392e+00
                        1  2.1659     1.0000               1.3870 7.8374e+00
 13  3.3350    2.5-                          5.6648e+00
                        0  0.0000     1.0000               3.3350 5.6598e+00
 12  3.3232    0.5-                          2.3818e+00                       4.4000e-14
                        3  2.6595     0.0500               0.6638 1.1901e-01
                        2  2.5659     0.4103               0.7574 9.7689e-01
                        1  2.1659     0.5397               1.1573 1.2853e+00
 11  3.3031    2.5-                          5.8069e+00                       5.2000e-14
                        2  2.5659     0.1666               0.7373 9.6705e-01
                        0  0.0000     0.8334               3.3031 4.8355e+00
 10  2.9900    1.5-                          6.2034e+00
                        5  2.9223     1.0000               0.0678 6.2034e+00
  9  2.9763    4.5-                          6.2434e+00                       4.9000e-14
                        2  2.5659     0.0000               0.4105 0.0000e+00
                        0  0.0000     1.0000               2.9763 6.2388e+00
  8  2.9735    5.5-                          7.2854e+00
                        0  0.0000     1.0000               2.9735 7.2797e+00
  7  2.9601    3.5-                          6.6479e+00
                        1  2.1659     0.6199               0.7942 4.1194e+00
                        0  0.0000     0.3801               2.9601 2.5250e+00
  6  2.9391    0.5-                          4.1399e+00                       1.2000e-13
                        2  2.5659     0.2652               0.3732 1.0949e+00
                        1  2.1659     0.7348               0.7732 3.0411e+00
  5  2.9223    0.5+                          1.6486e+01                       4.9000e-14
                        2  2.5659     0.0000               0.3564 0.0000e+00
                        1  2.1659     1.0000               0.7564 1.6483e+01
  4  2.9186    3.5-                          7.5932e+00                       4.7000e-14
                        1  2.1659     0.0000               0.7527 0.0000e+00
                        0  0.0000     1.0000               2.9186 7.5874e+00
  3  2.6595    2.5-                          1.2011e+01                       2.1000e-14
                        0  0.0000     1.0000               2.6595 1.2004e+01
  2  2.5659    1.5-                          2.4343e+01                       3.9000e-13
                        0  0.0000     1.0000               2.5659 2.4328e+01
  1  2.1659    1.5-                          5.0342e+01                       9.8000e-14
                        0  0.0000     1.0000               2.1659 5.0320e+01
  0  0.0000    3.5-                          1.9667e+02                       6.3110e+04
#......................................................................../  026-054Fe //   6.000000
#                                                                          SUM SPECTRA FOR COMPOUND
#            026-055Fe      gamma    neutron     proton      alpha
 SpcSum[mb]            1.2372e+03 1.3004e+01 1.0135e-01 1.0538e-08
 Emean[MeV]            2.3764e+00 5.8989e-01 1.4242e+00 2.7733e+00
#......................................................................../  026-054Fe //   6.000000
#                                                                   GAMMAS FROM DISCRETE TRANSITION
#           0 1 0 0 0 0             026-055Fe
#   Ex[MeV]     Jpi    FinalState  Branching Production    Egamma Production   T(1/2)[s]
 30  3.4569    6.5-                          2.1952e+00                       6.0000e-13
                       14  2.5391     1.0000               0.9178 2.1947e+00
 29  3.4190    7.5-                          1.6815e+00                       7.0000e-14
                       17  2.8138     1.0000               0.6052 1.6807e+00
 28  3.3620    5.5+                          5.9898e+00
                        9  2.2119     0.1250               1.1501 7.4873e-01
                       10  2.2555     0.1250               1.1065 7.4873e-01
                       14  2.5391     0.1250               0.8229 7.4873e-01
                       17  2.8138     0.1250               0.5482 7.4873e-01
                       20  2.9821     0.1250               0.3799 7.4873e-01
                       21  2.9844     0.1250               0.3776 7.4873e-01
                       23  3.0720     0.1250               0.2900 7.4873e-01
                       24  3.0760     0.1250               0.2860 7.4873e-01
 27  3.3110    2.5-                          5.4568e+00
                        2  0.9313     1.0000               2.3797 5.4568e+00
 26  3.2850    0.5+                          4.4351e+00                       8.0000e-15
                        1  0.4114     1.0000               2.8736 4.4298e+00
 25  3.1087    3.5-                          6.7189e+00
                        3  1.3165     0.2145               1.7922 1.4408e+00
                        2  0.9313     0.7716               2.1774 5.1822e+00
                        0  0.0000     0.0139               3.1087 9.3314e-02
 24  3.0760    5.5-                          5.5332e+00                       4.4000e-13
                        4  1.4084     1.0000               1.6676 5.5320e+00
 23  3.0720    5.5-                          5.5563e+00                       7.0000e-13
                       17  2.8138     0.1670               0.2582 9.2501e-01
                       14  2.5391     0.8330               0.5329 4.6255e+00
 22  3.0285    1.5-                          5.3028e+00                       1.5000e-14
                        4  1.4084     0.0102               1.6201 5.4130e-02
                        1  0.4114     0.3512               2.6171 1.8612e+00
                        0  0.0000     0.6386               3.0285 3.3838e+00
 21  2.9844    4.5-                          7.6551e+00
                        9  2.2119     0.2500               0.7725 1.9138e+00
                        4  1.4084     0.2500               1.5759 1.9138e+00
                        2  0.9313     0.2500               2.0531 1.9138e+00
                        0  0.0000     0.2500               2.9844 1.9138e+00
 20  2.9821    5.5-                          6.1155e+00
                        9  2.2119     1.0000               0.7702 6.1139e+00
 19  2.9389    3.5-                          7.9054e+00                       2.9000e-14
                        3  1.3165     0.4504               1.6224 3.5599e+00
                        0  0.0000     0.5496               2.9389 4.3415e+00
 18  2.8723    3.5-                          8.4358e+00                       1.9000e-14
                        3  1.3165     0.2431               1.5558 2.0505e+00
                        2  0.9313     0.0811               1.9410 6.8363e-01
                        0  0.0000     0.6758               2.8723 5.6969e+00
 17  2.8138    6.5-                          9.1470e+00                       1.0000e-11
                       14  2.5391     1.0000               0.2747 9.1223e+00
 16  2.6000    4.5+                          1.8890e+01
                        3  1.3165     0.2000               1.2835 3.7780e+00
                        4  1.4084     0.2000               1.1916 3.7780e+00
                        9  2.2119     0.2000               0.3881 3.7780e+00
                       10  2.2555     0.2000               0.3445 3.7780e+00
                       14  2.5391     0.2000               0.0609 3.7780e+00
 15  2.5777    2.5-                          1.0693e+01                       4.6000e-14
                        3  1.3165     0.0336               1.2612 3.5925e-01
                        2  0.9313     0.0588               1.6464 6.2864e-01
                        1  0.4114     0.0672               2.1663 7.1849e-01
                        0  0.0000     0.8404               2.5777 8.9814e+00
 14  2.5391    5.5-                          3.0077e+01                       9.3000e-12
                       11  2.3011     0.0500               0.2380 1.4990e+00
                        9  2.2119     0.0094               0.3272 2.8284e-01
                        3  1.3165     0.9406               1.2226 2.8286e+01
 13  2.4900    2.5-                          1.1628e+01
                        0  0.0000     1.0000               2.4900 1.1622e+01
 12  2.4702    1.5-                          8.7287e+00                       1.5000e-14
                        1  0.4114     0.3377               2.0588 2.9466e+00
                        0  0.0000     0.6623               2.4702 5.7780e+00
 11  2.3011    4.5+                          2.8674e+01                       6.0000e-13
                        4  1.4084     0.0198               0.8926 5.6710e-01
                        3  1.3165     0.0809               0.9845 2.3203e+00
                        2  0.9313     0.8993               1.3698 2.5781e+01
 10  2.2555    4.5-                          1.9807e+01
                        4  1.4084     1.0000               0.8471 1.9802e+01
  9  2.2119    4.5-                          2.8865e+01                       7.6000e-13
                        4  1.4084     0.9615               0.8034 2.7748e+01
                        3  1.3165     0.0192               0.8953 5.5496e-01
                        2  0.9313     0.0192               1.2806 5.5501e-01
  8  2.1440    2.5-                          1.6189e+01                       3.8000e-14
                        3  1.3165     0.3605               0.8275 5.8349e+00
                        2  0.9313     0.4291               1.2127 6.9463e+00
                        1  0.4114     0.0300               1.7326 4.8623e-01
                        0  0.0000     0.1803               2.1440 2.9179e+00
  7  2.0517    1.5-                          1.2805e+01                       7.6000e-15
                        1  0.4114     0.7692               1.6403 9.8475e+00
                        0  0.0000     0.2308               2.0517 2.9543e+00
  6  2.0150    1.5-                          1.3241e+01
                        0  0.0000     1.0000               2.0150 1.3241e+01
  5  1.9183    0.5-                          7.6082e+00                       1.2000e-14
                        1  0.4114     0.3197               1.5069 2.4320e+00
                        0  0.0000     0.6803               1.9183 5.1744e+00
  4  1.4084    3.5-                          9.4726e+01                       3.7900e-11
                        3  1.3165     0.0407               0.0919 2.8135e+00
                        2  0.9313     0.5215               0.4772 4.9363e+01
                        0  0.0000     0.4378               1.4084 4.1465e+01
  3  1.3165    3.5-                          9.0477e+01                       2.1000e-12
                        2  0.9313     0.0707               0.3853 6.3889e+00
                        0  0.0000     0.9293               1.3165 8.4069e+01
  2  0.9313    2.5-                          1.5185e+02                       8.0000e-12
                        1  0.4114     0.0196               0.5199 2.9770e+00
                        0  0.0000     0.9804               0.9313 1.4884e+02
  1  0.4114    0.5-                          5.3029e+01                       6.0000e-12
                        0  0.0000     1.0000               0.4114 5.2973e+01
  0  0.0000    1.5-                          4.6812e+02                       8.6590e+07
#......................................................................../  026-054Fe //   6.000000
#                                                                          SUM SPECTRA FOR COMPOUND
#            025-052Mn      gamma    neutron     proton      alpha
 SpcSum[mb]            6.2295e+01 0.0000e+00 7.3478e-07 0.0000e+00
 Emean[MeV]            9.0315e-01 0.0000e+00 1.1491e+00 0.0000e+00
#......................................................................../  026-054Fe //   6.000000
#                                                                   GAMMAS FROM DISCRETE TRANSITION
#           0 0 1 0 0 0             025-052Mn
#   Ex[MeV]     Jpi    FinalState  Branching Production    Egamma Production   T(1/2)[s]
 46  3.2450    1.0+                          1.8841e-01
                        7  0.8869     0.2000               2.3581 3.7682e-02
                       23  2.6770     0.2000               0.5680 3.7682e-02
                       31  2.8720     0.2000               0.3730 3.7682e-02
                       41  3.1060     0.2000               0.1390 3.7682e-02
                       42  3.1300     0.2000               0.1150 3.7682e-02
 45  3.2260    4.0+                          1.8593e-01
                        6  0.8842     0.1000               2.3418 1.8593e-02
                       12  1.6469     0.1000               1.5791 1.8593e-02
                       22  2.6450     0.1000               0.5810 1.8593e-02
                       25  2.7710     0.1000               0.4550 1.8593e-02
                       27  2.7960     0.1000               0.4300 1.8593e-02
                       28  2.8150     0.1000               0.4110 1.8593e-02
                       29  2.8480     0.1000               0.3780 1.8593e-02
                       30  2.8580     0.1000               0.3680 1.8593e-02
                       35  2.9550     0.1000               0.2710 1.8593e-02
                       37  2.9820     0.1000               0.2440 1.8593e-02
 44  3.2130    0.0+                          3.6583e-02
                       23  2.6770     0.2500               0.5360 9.1457e-03
                       31  2.8720     0.2500               0.3410 9.1457e-03
                       41  3.1060     0.2500               0.1070 9.1457e-03
                       42  3.1300     0.2500               0.0830 9.1457e-03
 43  3.1990    6.0+                          9.5660e-02
                       30  2.8580     0.3333               0.3410 3.1887e-02
                       37  2.9820     0.3333               0.2170 3.1887e-02
                       39  3.0770     0.3333               0.1220 3.1887e-02
 42  3.1300    1.0-                          2.1450e-01
                        1  0.3777     0.1667               2.7523 3.5750e-02
                        2  0.5464     0.1667               2.5836 3.5750e-02
                       20  2.4736     0.1667               0.6564 3.5750e-02
                       21  2.6312     0.1667               0.4988 3.5750e-02
                       32  2.9030     0.1667               0.2270 3.5750e-02
                       34  2.9260     0.1667               0.2040 3.5750e-02
 41  3.1060    1.0-                          2.1989e-01
                        1  0.3777     0.1667               2.7283 3.6648e-02
                        2  0.5464     0.1667               2.5596 3.6648e-02
                       20  2.4736     0.1667               0.6324 3.6648e-02
                       21  2.6312     0.1667               0.4748 3.6648e-02
                       32  2.9030     0.1667               0.2030 3.6648e-02
                       34  2.9260     0.1667               0.1800 3.6648e-02
 40  3.0970    5.0+                          2.1042e-01
                        6  0.8842     0.1429               2.2128 3.0060e-02
                       12  1.6469     0.1429               1.4501 3.0060e-02
                       27  2.7960     0.1429               0.3010 3.0060e-02
                       29  2.8480     0.1429               0.2490 3.0060e-02
                       30  2.8580     0.1429               0.2390 3.0060e-02
                       37  2.9820     0.1429               0.1150 3.0060e-02
                       39  3.0770     0.1429               0.0200 3.0060e-02
 39  3.0770    6.0-                          2.1755e-01
                        0  0.0000     0.1250               3.0770 2.7194e-02
                        5  0.8699     0.1250               2.2071 2.7194e-02
                        9  1.2537     0.1250               1.8233 2.7194e-02
                       10  1.2790     0.1250               1.7980 2.7194e-02
                       13  1.6838     0.1250               1.3932 2.7194e-02
                       14  1.9560     0.1250               1.1210 2.7194e-02
                       24  2.7102     0.1250               0.3668 2.7194e-02
                       36  2.9730     0.1250               0.1040 2.7194e-02
 38  3.0220    4.0+                          2.4357e-01
                        6  0.8842     0.1000               2.1378 2.4357e-02
                       12  1.6469     0.1000               1.3751 2.4357e-02
                       22  2.6450     0.1000               0.3770 2.4357e-02
                       25  2.7710     0.1000               0.2510 2.4357e-02
                       27  2.7960     0.1000               0.2260 2.4357e-02
                       28  2.8150     0.1000               0.2070 2.4357e-02
                       29  2.8480     0.1000               0.1740 2.4357e-02
                       30  2.8580     0.1000               0.1640 2.4357e-02
                       35  2.9550     0.1000               0.0670 2.4357e-02
                       37  2.9820     0.1000               0.0400 2.4357e-02
 37  2.9820    5.0-                          3.0876e-01
                        0  0.0000     0.1000               2.9820 3.0876e-02
                        3  0.7317     0.1000               2.2503 3.0876e-02
                        9  1.2537     0.1000               1.7283 3.0876e-02
                       10  1.2790     0.1000               1.7030 3.0876e-02
                       11  1.4177     0.1000               1.5643 3.0876e-02
                       13  1.6838     0.1000               1.2982 3.0876e-02
                       14  1.9560     0.1000               1.0260 3.0876e-02
                       16  2.1300     0.1000               0.8520 3.0876e-02
                       26  2.7850     0.1000               0.1970 3.0876e-02
                       36  2.9730     0.1000               0.0090 3.0876e-02
 36  2.9730    5.0+                          3.0369e-01
                        6  0.8842     0.2000               2.0888 6.0739e-02
                       12  1.6469     0.2000               1.3261 6.0739e-02
                       27  2.7960     0.2000               0.1770 6.0739e-02
                       29  2.8480     0.2000               0.1250 6.0739e-02
                       30  2.8580     0.2000               0.1150 6.0739e-02
 35  2.9550    3.0-                          3.5001e-01
                        1  0.3777     0.1000               2.5773 3.5001e-02
                        3  0.7317     0.1000               2.2233 3.5001e-02
                        4  0.8252     0.1000               2.1298 3.5001e-02
                        8  1.2323     0.1000               1.7227 3.5001e-02
                       11  1.4177     0.1000               1.5373 3.5001e-02
                       15  2.0442     0.1000               0.9108 3.5001e-02
                       16  2.1300     0.1000               0.8250 3.5001e-02
                       17  2.2526     0.1000               0.7024 3.5001e-02
                       19  2.3372     0.1000               0.6178 3.5001e-02
                       26  2.7850     0.1000               0.1700 3.5001e-02
 34  2.9260    0.0+                          1.2491e-01
                        2  0.5464     1.0000               2.3796 1.2486e-01
 33  2.9076    9.0+                          3.6696e-02                       8.0000e-14
                       18  2.2859     0.5051               0.6217 1.8528e-02
                        5  0.8699     0.4949               2.0377 1.8154e-02
 32  2.9030    1.0+                          3.5481e-01
                        7  0.8869     0.3333               2.0161 1.1827e-01
                       23  2.6770     0.3333               0.2260 1.1827e-01
                       31  2.8720     0.3333               0.0310 1.1827e-01
 31  2.8720    1.0-                          3.9713e-01
                        1  0.3777     0.2500               2.4943 9.9281e-02
                        2  0.5464     0.2500               2.3256 9.9281e-02
                       20  2.4736     0.2500               0.3984 9.9281e-02
                       21  2.6312     0.2500               0.2408 9.9281e-02
 30  2.8580    5.0-                          4.0591e-01
                        0  0.0000     0.1111               2.8580 4.5101e-02
                        3  0.7317     0.1111               2.1263 4.5101e-02
                        9  1.2537     0.1111               1.6043 4.5101e-02
                       10  1.2790     0.1111               1.5790 4.5101e-02
                       11  1.4177     0.1111               1.4403 4.5101e-02
                       13  1.6838     0.1111               1.1742 4.5101e-02
                       14  1.9560     0.1111               0.9020 4.5101e-02
                       16  2.1300     0.1111               0.7280 4.5101e-02
                       26  2.7850     0.1111               0.0730 4.5101e-02
 29  2.8480    4.0-                          5.0986e-01
                        3  0.7317     0.0833               2.1163 4.2488e-02
                        4  0.8252     0.0833               2.0228 4.2488e-02
                        8  1.2323     0.0833               1.6157 4.2488e-02
                        9  1.2537     0.0833               1.5943 4.2488e-02
                       10  1.2790     0.0833               1.5690 4.2488e-02
                       11  1.4177     0.0833               1.4303 4.2488e-02
                       13  1.6838     0.0833               1.1642 4.2488e-02
                       15  2.0442     0.0833               0.8038 4.2488e-02
                       16  2.1300     0.0833               0.7180 4.2488e-02
                       17  2.2526     0.0833               0.5954 4.2488e-02
                       19  2.3372     0.0833               0.5108 4.2488e-02
                       26  2.7850     0.0833               0.0630 4.2488e-02
 28  2.8150    3.0-                          4.0701e-01
                        1  0.3777     0.1000               2.4373 4.0701e-02
                        3  0.7317     0.1000               2.0833 4.0701e-02
                        4  0.8252     0.1000               1.9898 4.0701e-02
                        8  1.2323     0.1000               1.5827 4.0701e-02
                       11  1.4177     0.1000               1.3973 4.0701e-02
                       15  2.0442     0.1000               0.7708 4.0701e-02
                       16  2.1300     0.1000               0.6850 4.0701e-02
                       17  2.2526     0.1000               0.5624 4.0701e-02
                       19  2.3372     0.1000               0.4778 4.0701e-02
                       26  2.7850     0.1000               0.0300 4.0701e-02
 27  2.7960    4.0-                          5.3290e-01
                        3  0.7317     0.0833               2.0643 4.4408e-02
                        4  0.8252     0.0833               1.9708 4.4408e-02
                        8  1.2323     0.0833               1.5637 4.4408e-02
                        9  1.2537     0.0833               1.5423 4.4408e-02
                       10  1.2790     0.0833               1.5170 4.4408e-02
                       11  1.4177     0.0833               1.3783 4.4408e-02
                       13  1.6838     0.0833               1.1122 4.4408e-02
                       15  2.0442     0.0833               0.7518 4.4408e-02
                       16  2.1300     0.0833               0.6660 4.4408e-02
                       17  2.2526     0.0833               0.5434 4.4408e-02
                       19  2.3372     0.0833               0.4588 4.4408e-02
                       26  2.7850     0.0833               0.0110 4.4408e-02
 26  2.7850    4.0+                          5.6112e-01
                        6  0.8842     0.2500               1.9008 1.4028e-01
                       12  1.6469     0.2500               1.1381 1.4028e-01
                       22  2.6450     0.2500               0.1400 1.4028e-01
                       25  2.7710     0.2500               0.0140 1.4028e-01
 25  2.7710    3.0-                          5.6653e-01
                        1  0.3777     0.1111               2.3933 6.2947e-02
                        3  0.7317     0.1111               2.0393 6.2947e-02
                        4  0.8252     0.1111               1.9458 6.2947e-02
                        8  1.2323     0.1111               1.5387 6.2947e-02
                       11  1.4177     0.1111               1.3533 6.2947e-02
                       15  2.0442     0.1111               0.7268 6.2947e-02
                       16  2.1300     0.1111               0.6410 6.2947e-02
                       17  2.2526     0.1111               0.5184 6.2947e-02
                       19  2.3372     0.1111               0.4338 6.2947e-02
 24  2.7102    7.0+                          1.7379e-01
                        5  0.8699     0.5000               1.8403 8.6896e-02
                        0  0.0000     0.5000               2.7102 8.6896e-02
 23  2.6770    1.0-                          4.5572e-01
                        1  0.3777     0.2500               2.2993 1.1393e-01
                        2  0.5464     0.2500               2.1306 1.1393e-01
                       20  2.4736     0.2500               0.2034 1.1393e-01
                       21  2.6312     0.2500               0.0458 1.1393e-01
 22  2.6450    3.0-                          6.2513e-01
                        1  0.3777     0.1111               2.2673 6.9458e-02
                        3  0.7317     0.1111               1.9133 6.9458e-02
                        4  0.8252     0.1111               1.8198 6.9458e-02
                        8  1.2323     0.1111               1.4127 6.9458e-02
                       11  1.4177     0.1111               1.2273 6.9458e-02
                       15  2.0442     0.1111               0.6008 6.9458e-02
                       16  2.1300     0.1111               0.5150 6.9458e-02
                       17  2.2526     0.1111               0.3924 6.9458e-02
                       19  2.3372     0.1111               0.3078 6.9458e-02
 21  2.6312    1.0+                          6.5566e-01
                        2  0.5464     1.0000               2.0848 6.5542e-01
 20  2.4736    0.0+                          3.6982e-01                       3.2000e-13
                        7  0.8869     1.0000               1.5867 3.6977e-01
 19  2.3372    3.0+                          9.5337e-01                       5.0000e-14
                        7  0.8869     0.4475               1.4503 4.2652e-01
                        4  0.8252     0.5525               1.5120 5.2666e-01
 18  2.2859    8.0+                          1.2184e-01                       6.9000e-14
                        5  0.8699     0.9058               1.4161 1.1035e-01
                        0  0.0000     0.0942               2.2859 1.1475e-02
 17  2.2526    3.0+                          1.0002e+00
                        0  0.0000     1.0000               2.2526 9.9994e-01
 16  2.1300    4.0+                          9.7259e-01
                        0  0.0000     1.0000               2.1300 9.7219e-01
 15  2.0442    3.0+                          1.1204e+00
                        4  0.8252     1.0000               1.2190 1.1203e+00
 14  1.9560    6.0+                          4.8737e-01
                        0  0.0000     1.0000               1.9560 4.8722e-01
 13  1.6838    5.0+                          9.6845e-01                       2.5000e-13
                       10  1.2790     0.1029               0.4048 9.9485e-02
                        3  0.7317     0.2123               0.9521 2.0557e-01
                        0  0.0000     0.6848               1.6838 6.6306e-01
 12  1.6469    4.0-                          1.3888e+00                       3.7000e-13
                        8  1.2323     0.7354               0.4146 1.0207e+00
                        6  0.8842     0.2646               0.7627 3.6737e-01
 11  1.4177    4.0+                          1.3529e+00
                        1  0.3777     1.0000               1.0399 1.3527e+00
 10  1.2790    5.0+                          1.2843e+00                       2.5000e-13
                        6  0.8842     0.3973               0.3948 5.0989e-01
                        4  0.8252     0.6027               0.4538 7.7269e-01
  9  1.2537    5.0+                          1.1989e+00                       1.8000e-14
                        3  0.7317     0.1937               0.5220 2.3205e-01
                        2  0.5464     0.0000               0.7073 0.0000e+00
                        0  0.0000     0.8063               1.2537 9.6659e-01
  8  1.2323    3.0+                          2.6676e+00                       1.4000e-13
                        7  0.8869     0.1145               0.3454 3.0516e-01
                        3  0.7317     0.2832               0.5006 7.5485e-01
                        1  0.3777     0.6023               0.8546 1.6062e+00
  7  0.8869    2.0-                          3.2131e+00                       6.0000e-14
                        2  0.5464     0.0992               0.3405 3.1831e-01
                        1  0.3777     0.9008               0.5092 2.8934e+00
  6  0.8842    4.0-                          2.9694e+00                       1.4000e-12
                        3  0.7317     0.0284               0.1525 8.3446e-02
                        1  0.3777     0.9716               0.5065 2.8772e+00
  5  0.8699    7.0+                          8.9533e-01                       1.2000e-13
                        0  0.0000     1.0000               0.8699 8.9517e-01
  4  0.8252    3.0+                          4.3752e+00                       1.7000e-13
                        1  0.3777     1.0000               0.4475 4.3696e+00
  3  0.7317    4.0+                          3.0739e+00                       3.6000e-12
                        1  0.3777     0.0794               0.3539 2.4326e-01
                        0  0.0000     0.9206               0.7317 2.8286e+00
  2  0.5464    1.0+                          2.7033e+00                       1.8500e-09
                        1  0.3777     1.0000               0.1687 2.6246e+00
  1  0.3777    2.0+                          1.8229e+01                       1.2660e+03
                        0  0.0000     1.0000               0.3777 1.7529e+01
  0  0.0000    6.0+                          2.7498e+01                       4.8310e+05
#......................................................................../  026-054Fe //   6.000000
#                                                                         ISOMERIC STATE PRODUCTION
#            025-052Mn
#   Ex[MeV]     Jpi     T(1/2)[s]  Prod.[mb]
  1  0.3777    2.0+    1.2660e+03 1.8229e+01
#......................................................................../  026-054Fe //   6.000000
#                                                                          SUM SPECTRA FOR COMPOUND
#            026-054Fe      gamma
 SpcSum[mb]            1.7311e+00
 Emean[MeV]            1.3901e+00
#......................................................................../  026-054Fe //   6.000000
#                                                                   GAMMAS FROM DISCRETE TRANSITION
#           0 0 0 1 0 0             026-054Fe
#   Ex[MeV]     Jpi    FinalState  Branching Production    Egamma Production   T(1/2)[s]
 24  4.7819    3.0-                          1.4664e-07                       3.3000e-14
                        8  3.3448     0.1128               1.4371 1.6537e-08
                        7  3.2948     0.1773               1.4871 2.5992e-08
                        2  2.5381     0.1720               2.2438 2.5202e-08
                        1  1.4082     0.5379               3.3737 7.8765e-08
 23  4.7001    2.0+                          5.4275e-07
                        8  3.3448     0.4499               1.3553 2.4418e-07
                        2  2.5381     0.4001               2.1620 2.1708e-07
                        1  1.4082     0.1499               3.2919 8.1296e-08
 22  4.6960    2.0-                          5.1323e-07
                        1  1.4082     1.0000               3.2878 5.1252e-07
 21  4.6553    0.0+                          3.4546e-07
                       14  4.0478     0.1076               0.6075 3.6977e-08
                        7  3.2948     0.8924               1.3605 3.0819e-07
 20  4.5785    2.0+                          2.9159e-06                       7.0000e-15
                        1  1.4082     0.6992               3.1703 2.0372e-06
                        0  0.0000     0.3008               4.5785 8.7589e-07
 19  4.2908    0.0+                          2.0905e-05                       5.5000e-14
                        1  1.4082     1.0000               2.8826 2.0889e-05
                        0  0.0000     0.0000               4.2908 0.0000e+00
 18  4.2678    4.0+                          6.6254e-05                       8.2000e-14
                        2  2.5381     0.7999               1.7297 5.2986e-05
                        1  1.4082     0.2001               2.8596 1.3248e-05
 17  4.1034    8.0-                          2.3975e-05
                        4  2.9492     1.0000               1.1542 2.3969e-05
 16  4.0997    4.0+                          2.5757e-04
                        7  3.2948     1.0000               0.8049 2.5749e-04
 15  4.0716    3.0-                          3.7153e-04                       5.8000e-14
                        2  2.5381     0.0826               1.5335 3.0661e-05
                        1  1.4082     0.9174               2.6634 3.4067e-04
 14  4.0478    4.0+                          3.7488e-04                       3.0000e-13
                        8  3.3448     0.7246               0.7030 2.7156e-04
                        5  2.9590     0.0290               1.0888 1.0863e-05
                        2  2.5381     0.0797               1.5097 2.9870e-05
                        1  1.4082     0.1667               2.6396 6.2454e-05
 13  4.0309    5.0+                          2.7291e-04
                        7  3.2948     0.8334               0.7361 2.2737e-04
                        2  2.5381     0.1666               1.4928 4.5459e-05
 12  3.8410    1.0-                          1.2619e-03
                        1  1.4082     1.0000               2.4328 1.2607e-03
 11  3.8332    4.0+                          1.4787e-03                       6.2000e-14
                        7  3.2948     0.0196               0.5384 2.8975e-05
                        2  2.5381     0.0891               1.2951 1.3173e-04
                        1  1.4082     0.8913               2.4250 1.3173e-03
 10  3.7938    5.0-                          1.3714e-03
                        4  2.9492     1.0000               0.8446 1.3713e-03
  9  3.4374    4.0+                          1.0460e-02
                        4  2.9492     0.8335               0.4882 8.7049e-03
                        2  2.5381     0.1665               0.8993 1.7412e-03
  8  3.3448    3.0+                          1.6304e-02
                        2  2.5381     0.4286               0.8067 6.9863e-03
                        1  1.4082     0.5714               1.9366 9.3136e-03
  7  3.2948    4.0+                          1.8969e-02
                        2  2.5381     0.8403               0.7567 1.5935e-02
                        1  1.4082     0.1597               1.8866 3.0285e-03
  6  3.1660    2.0+                          3.3865e-02                       1.7000e-13
                        1  1.4082     0.1934               1.7578 6.5480e-03
                        0  0.0000     0.8066               3.1660 2.7292e-02
  5  2.9590    2.0+                          6.5086e-02                       5.2000e-14
                        1  1.4082     0.4504               1.5508 2.9310e-02
                        0  0.0000     0.5496               2.9590 3.5743e-02
  4  2.9492    6.0+                          3.8056e-02                       1.2150e-09
                        2  2.5381     1.0000               0.4111 3.7956e-02
  3  2.5613    0.0+                          5.6576e-02
                        1  1.4082     1.0000               1.1531 5.6568e-02
                        0  0.0000     0.0000               2.5613 0.0000e+00
  2  2.5381    4.0+                          2.2705e-01                       4.0000e-12
                        1  1.4082     1.0000               1.1299 2.2702e-01
  1  1.4082    2.0+                          1.2596e+00                       8.0000e-13
                        0  0.0000     1.0000               1.4082 1.2594e+00
  0  0.0000    0.0+                          1.9229e+00
#......................................................................../  026-054Fe //   6.000000
#                                                                          SUM SPECTRA FOR COMPOUND
#            026-054Fe      gamma
 SpcSum[mb]            5.8460e+00
 Emean[MeV]            1.3998e+00
#......................................................................../  026-054Fe //   6.000000
#                                                                   GAMMAS FROM DISCRETE TRANSITION
#           1 1 0 0 0 0             026-054Fe
#   Ex[MeV]     Jpi    FinalState  Branching Production    Egamma Production   T(1/2)[s]
  7  3.2948    4.0+                          2.1268e-14
                        2  2.5381     0.8403               0.7567 1.7867e-14
                        1  1.4082     0.1597               1.8866 3.3955e-15
  6  3.1660    2.0+                          1.5396e-11                       1.7000e-13
                        1  1.4082     0.1934               1.7578 2.9769e-12
                        0  0.0000     0.8066               3.1660 1.2408e-11
  5  2.9590    2.0+                          4.8130e-08                       5.2000e-14
                        1  1.4082     0.4504               1.5508 2.1674e-08
                        0  0.0000     0.5496               2.9590 2.6431e-08
  4  2.9492    6.0+                          1.1991e-06                       1.2150e-09
                        2  2.5381     1.0000               0.4111 1.1960e-06
  3  2.5613    0.0+                          8.7838e-06
                        1  1.4082     1.0000               1.1531 8.7826e-06
                        0  0.0000     0.0000               2.5613 0.0000e+00
  2  2.5381    4.0+                          3.5065e-03                       4.0000e-12
                        1  1.4082     1.0000               1.1299 3.5060e-03
  1  1.4082    2.0+                          5.8434e+00                       8.0000e-13
                        0  0.0000     1.0000               1.4082 5.8425e+00
  0  0.0000    0.0+                          8.9352e+01
#......................................................................../  026-054Fe //   6.000000
#                                                                          SUM SPECTRA FOR COMPOUND
#            025-051Mn      gamma
 SpcSum[mb]            0.0000e+00
 Emean[MeV]            0.0000e+00
#......................................................................../  026-054Fe //   6.000000
#                                                                   GAMMAS FROM DISCRETE TRANSITION
#           1 0 1 0 0 0             025-051Mn
#   Ex[MeV]     Jpi    FinalState  Branching Production    Egamma Production   T(1/2)[s]
  0  0.0000    2.5-                          0.0000e+00
#......................................................................../  026-054Fe //   6.000000
#                                                                          SUM SPECTRA FOR COMPOUND
#            025-054Mn      gamma
 SpcSum[mb]            6.4400e-02
 Emean[MeV]            1.9774e-01
#......................................................................../  026-054Fe //   6.000000
#                                                                   GAMMAS FROM DISCRETE TRANSITION
#           0 2 0 0 0 0             025-054Mn
#   Ex[MeV]     Jpi    FinalState  Branching Production    Egamma Production   T(1/2)[s]
 33  2.3545    2.0+                          5.7796e-15                       9.0000e-15
                        6  1.0096     0.0000               1.3449 0.0000e+00
                        2  0.1563     0.6370               2.1982 3.6797e-15
                        1  0.0549     0.2420               2.2997 1.3982e-15
                        0  0.0000     0.1210               2.3545 6.9906e-16
 32  2.3200    5.0+                          3.4481e-14
                        3  0.3683     1.0000               1.9517 3.4481e-14
 31  2.2916    2.0+                          2.6373e-14                       1.2000e-14
                        2  0.1563     0.5102               2.1353 1.3450e-14
                        1  0.0549     0.2602               2.2367 6.8594e-15
                        0  0.0000     0.2296               2.2916 6.0525e-15
 30  2.2800    5.0+                          9.4262e-14
                        3  0.3683     1.0000               1.9117 9.4262e-14
 29  2.2676    2.0+                          4.5744e-14                       1.2500e-14
                       11  1.4544     0.0800               0.8132 3.6582e-15
                        4  0.4076     0.3600               1.8600 1.6464e-14
                        1  0.0549     0.4000               2.2127 1.8290e-14
                        0  0.0000     0.1600               2.2676 7.3159e-15
 28  2.2340    4.0+                          1.7640e-13
                        2  0.1563     1.0000               2.0777 1.7640e-13
 27  2.1361    1.0+                          4.5056e-13                       7.0000e-14
                        1  0.0549     0.6579               2.0813 2.9631e-13
                        0  0.0000     0.3421               2.1361 1.5407e-13
 26  2.1339    1.0+                          4.7102e-13                       2.4000e-14
                       11  1.4544     0.0661               0.6795 3.1134e-14
                       10  1.3910     0.0496               0.7429 2.3347e-14
                        9  1.3750     0.0579               0.7589 2.7240e-14
                        1  0.0549     0.8264               2.0790 3.8913e-13
 25  2.1130    4.0+                          2.4667e-12                       1.1000e-14
                        4  0.4076     0.8928               1.7054 2.2018e-12
                        0  0.0000     0.1072               2.1130 2.6434e-13
 24  2.1098    1.0+                          7.5146e-13                       4.1600e-13
                       10  1.3910     0.5988               0.7188 4.4982e-13
                        1  0.0549     0.4012               2.0549 3.0138e-13
 23  2.0560    2.0+                          3.4076e-12
                        1  0.0549     1.0000               2.0011 3.4076e-12
 22  1.9253    7.0+                          4.0139e-10                       7.3000e-13
                        7  1.0733     0.9434               0.8520 3.7860e-10
                        3  0.3683     0.0566               1.5570 2.2715e-11
 21  1.9223    1.0+                          2.0376e-11                       2.9000e-14
                       10  1.3910     0.0400               0.5313 8.1483e-13
                        9  1.3750     0.0298               0.5473 6.0642e-13
                        1  0.0549     0.9302               1.8674 1.8949e-11
 20  1.8530    3.0+                          1.8573e-10                       9.5000e-14
                       13  1.5084     0.3794               0.3446 7.0262e-11
                        9  1.3750     0.0606               0.4780 1.1241e-11
                        2  0.1563     0.2195               1.6967 4.0755e-11
                        1  0.0549     0.3406               1.7981 6.3238e-11
 19  1.7845    1.0+                          1.6686e-10                       1.6000e-14
                        6  1.0096     0.0798               0.7749 1.3310e-11
                        4  0.4076     0.3564               1.3769 5.9459e-11
                        1  0.0549     0.0319               1.7296 5.3232e-12
                        0  0.0000     0.5319               1.7845 8.8727e-11
 18  1.7834    7.0+                          4.2717e-09                       7.7000e-13
                        7  1.0733     0.0403               0.7101 1.7217e-10
                        3  0.3683     0.9597               1.4151 4.0989e-09
 17  1.6790    0.0+                          2.2847e-10
                       10  1.3910     1.0000               0.2880 2.2847e-10
 16  1.6511    1.0+                          1.0351e-09                       3.3000e-13
                        1  0.0549     1.0000               1.5962 1.0349e-09
 15  1.6342    2.0+                          2.2443e-09                       1.5000e-14
                        4  0.4076     0.4118               1.2267 9.2408e-10
                        2  0.1563     0.0980               1.4779 2.1999e-10
                        1  0.0549     0.4902               1.5793 1.0999e-09
 14  1.5440    2.0+                          6.9580e-09                       1.3000e-14
                        0  0.0000     1.0000               1.5440 6.9569e-09
 13  1.5084    2.0+                          1.0738e-08                       1.2000e-13
                        5  0.8389     0.0806               0.6695 8.6470e-10
                        1  0.0549     0.2483               1.4535 2.6659e-09
                        0  0.0000     0.6711               1.5084 7.2052e-09
 12  1.4608    4.0+                          1.0145e-07                       2.8000e-13
                        7  1.0733     1.0000               0.3875 1.0115e-07
 11  1.4544    1.0+                          1.1215e-08                       8.0000e-11
                        1  0.0549     0.9497               1.3995 1.0649e-08
                        0  0.0000     0.0503               1.4544 5.6435e-10
 10  1.3910    1.0+                          2.2856e-08                       3.8000e-13
                        1  0.0549     1.0000               1.3361 2.2853e-08
  9  1.3750    3.0+                          1.3021e-07                       1.1200e-14
                        4  0.4076     0.2013               0.9674 2.6207e-08
                        1  0.0549     0.1698               1.3201 2.2107e-08
                        0  0.0000     0.6289               1.3750 8.1878e-08
  8  1.1367    5.0+                          9.7472e-06                       6.0000e-13
                        5  0.8389     0.0709               0.2978 6.8764e-07
                        3  0.3683     0.5881               0.7685 5.7307e-06
                        2  0.1563     0.3410               0.9804 3.3233e-06
  7  1.0733    6.0+                          2.8643e-05                       2.2000e-10
                        3  0.3683     0.9900               0.7050 2.8349e-05
                        2  0.1563     0.0100               0.9170 2.8631e-07
  6  1.0096    3.0+                          6.7198e-06                       4.4000e-14
                        2  0.1563     0.4414               0.8533 2.9655e-06
                        1  0.0549     0.5586               0.9547 3.7531e-06
  5  0.8389    4.0+                          9.5161e-05                       4.1000e-13
                        3  0.3683     0.3613               0.4706 3.4357e-05
                        2  0.1563     0.0997               0.6826 9.4864e-06
                        0  0.0000     0.5390               0.8389 5.1278e-05
  4  0.4076    3.0+                          1.9133e-03                       1.8000e-12
                        2  0.1563     0.6223               0.2513 1.1872e-03
                        1  0.0549     0.0920               0.3527 1.7571e-04
                        0  0.0000     0.2857               0.4076 5.4614e-04
  3  0.3683    5.0+                          1.1721e-02                       6.9000e-12
                        2  0.1563     0.9911               0.2120 1.1564e-02
                        0  0.0000     0.0089               0.3683 1.0408e-04
  2  0.1563    4.0+                          4.6119e-02                       1.8600e-10
                        0  0.0000     1.0000               0.1563 4.5672e-02
  1  0.0549    2.0+                          6.0713e-03                       4.9000e-11
                        0  0.0000     1.0000               0.0549 5.0110e-03
  0  0.0000    3.0+                          1.0135e-01                       2.6960e+07
#......................................................................../  026-054Fe //   6.000000
#                                                                          SUM SPECTRA FOR COMPOUND
#            024-051Cr      gamma
 SpcSum[mb]            6.5230e-10
 Emean[MeV]            5.8740e-01
#......................................................................../  026-054Fe //   6.000000
#                                                                   GAMMAS FROM DISCRETE TRANSITION
#           0 1 1 0 0 0             024-051Cr
#   Ex[MeV]     Jpi    FinalState  Branching Production    Egamma Production   T(1/2)[s]
 13  2.5000    5.5+                          6.6830e-28
                        3  1.1646     0.2500               1.3354 1.6708e-28
                        5  1.4801     0.2500               1.0199 1.6708e-28
                       11  2.3795     0.2500               0.1205 1.6708e-28
                       12  2.3854     0.2500               0.1146 1.6708e-28
 12  2.3854    6.5-                          1.2877e-25                       5.9000e-14
                        5  1.4801     1.0000               0.9053 1.2875e-25
 11  2.3795    4.5-                          5.3479e-26                       3.1000e-13
                        6  1.5573     0.1288               0.8222 6.8866e-27
                        5  1.4801     0.1793               0.8994 9.5874e-27
                        4  1.3526     0.2605               1.0268 1.3929e-26
                        3  1.1646     0.1512               1.2149 8.0853e-27
                        0  0.0000     0.2802               2.3795 1.4978e-26
 10  2.3126    3.5-                          7.3591e-24                       1.5000e-14
                        3  1.1646     0.8613               1.1480 6.3377e-24
                        0  0.0000     0.1387               2.3126 1.0202e-24
  9  2.2555    7.5-                          9.8639e-23                       4.5800e-11
                        5  1.4801     1.0000               0.7754 9.8609e-23
  8  2.0019    2.5-                          7.2531e-20                       1.7000e-14
                        0  0.0000     1.0000               2.0019 7.2510e-20
  7  1.8992    1.5-                          9.7769e-19                       2.9000e-13
                        2  0.7770     0.0791               1.1222 7.7300e-20
                        1  0.7491     0.1818               1.1501 1.7773e-19
                        0  0.0000     0.7391               1.8992 7.2241e-19
  6  1.5573    3.5-                          3.8868e-16                       4.2000e-12
                        4  1.3526     0.0517               0.2046 1.9798e-17
                        1  0.7491     0.7936               0.8082 3.0837e-16
                        0  0.0000     0.1547               1.5573 6.0120e-17
  5  1.4801    5.5-                          4.4857e-15                       5.5000e-13
                        3  1.1646     0.4814               0.3155 2.1562e-15
                        0  0.0000     0.5186               1.4801 2.3260e-15
  4  1.3526    2.5-                          2.6950e-14                       3.8000e-12
                        2  0.7770     0.0902               0.5757 2.4287e-15
                        1  0.7491     0.5634               0.6035 1.5178e-14
                        0  0.0000     0.3464               1.3526 9.3348e-15
  3  1.1646    4.5-                          3.6913e-13                       7.6000e-14
                        0  0.0000     1.0000               1.1646 3.6909e-13
  2  0.7770    0.5-                          2.0121e-10                       6.9000e-09
                        1  0.7491     0.9969               0.0279 1.0529e-10
                        0  0.0000     0.0031               0.7770 6.3163e-13
  1  0.7491    1.5-                          5.4616e-10                       3.3000e-09
                        0  0.0000     1.0000               0.7491 5.4598e-10
  0  0.0000    3.5-                          7.4532e-07                       2.3930e+06
#......................................................................../  026-054Fe //   6.000000
#                                                                          SUM SPECTRA FOR COMPOUND
#            023-048V       gamma
 SpcSum[mb]            0.0000e+00
 Emean[MeV]            0.0000e+00
#......................................................................../  026-054Fe //   6.000000
#                                                                   GAMMAS FROM DISCRETE TRANSITION
#           0 0 2 0 0 0             023-048V 
#   Ex[MeV]     Jpi    FinalState  Branching Production    Egamma Production   T(1/2)[s]
  0  0.0000    4.0+                          0.0000e+00
#......................................................................../  026-054Fe //   6.000000
#                                                                INDIVIDUAL GROUND STATE PRODUCTION
#             Residual  Prod.[mb]  Qval[MeV]   Particles
#                                              n p a d t h
 Production  027-056Co 1.5203e-01   12.92177   0 0 0 0 0 0
 Production  027-055Co 1.9667e+02    2.83980   1 0 0 0 0 0
 Production  026-055Fe 4.6812e+02    7.07357   0 1 0 0 0 0
 Production  025-052Mn 2.7498e+01    5.16391   0 0 1 0 0 0
 Production  026-054Fe 1.9229e+00    0.00000   0 0 0 1 0 0
 Production  026-054Fe 8.9352e+01   -2.22463   1 1 0 0 0 0
 Production  025-054Mn 1.0135e-01   -2.13957   0 2 0 0 0 0
 Production  024-051Cr 7.4532e-07   -1.38093   0 1 1 0 0 0
                   sum 7.8382e+02
#......................................................................../  026-054Fe //   6.000000
#                                                           STABLE AND LONG-LIVED STATE PRODUCTIONS
#       Residual    Ex[MeV]     Jpi     T(1/2)[s]  Prod.[mb] Meta
    1  023-048V     0.00000    4.0+    1.3800e+06 0.0000e+00
    2  024-051Cr    0.00000    3.5-    2.3930e+06 7.4532e-07
    3  025-051Mn    0.00000    2.5-    2.7720e+03 0.0000e+00
    4  025-052Mn    0.00000    6.0+    4.8310e+05 2.7498e+01
    5  025-052Mn    0.37775    2.0+    1.2660e+03 1.8229e+01    1
    6  025-054Mn    0.00000    3.0+    2.6960e+07 1.0135e-01
    7  026-054Fe    0.00000    0.0+    ---------- 9.1275e+01
    8  026-055Fe    0.00000    1.5-    8.6590e+07 4.6812e+02
    9  027-055Co    0.00000    3.5-    6.3110e+04 1.9667e+02
   10  027-056Co    0.00000    4.0+    6.6730e+06 1.5203e-01
#                                         g.s.sum 7.8382e+02


#......................................................................../  026-054Fe //   6.000000
#                                                                                   ISOMERIC RATIOS
#       Residual    Ex[MeV]     Jpi     T(1/2)[s] Ratio      m/(g-m)
    1  025-052Mn    0.37775    2.0+    1.2660e+03 6.6291e-01 1.9666e+00


#......................................................................../  026-054Fe //   6.000000
#                                                                               PARTICLE PRODUCTION
#             Particle  Prod.[mb] Multiplic. Emean[MeV]
 ParticlPrd      gamma 1.7080e+03 2.1790e+00 2.3841e+00
 ParticlPrd    neutron 2.8603e+02 3.6491e-01 2.5574e+00
 ParticlPrd     proton 5.5768e+02 7.1149e-01 5.9002e+00
 ParticlPrd      alpha 2.7498e+01 3.5081e-02 8.9046e+00
 ParticlPrd   deuteron 1.9229e+00 2.4532e-03 4.5367e+00


