# name, energy, flux
SS01,28.265407500000002,2.857142857142857e-07
SS01,28.330912500000004,2.857142857142857e-07
SS01,28.396417500000005,5.714285714285714e-07
SS01,28.461922500000004,4.2857142857142857e-07
SS01,28.5274275,2.1428571428571427e-06
SS01,28.592932500000003,2.2857142857142856e-06
SS01,28.658437500000005,4.857142857142857e-06
SS01,28.723942500000003,5.428571428571429e-06
SS01,28.7894475,9.714285714285713e-06
SS01,28.854952500000003,1.5714285714285715e-05
SS01,28.920457500000005,2.5857142857142856e-05
SS01,28.985962500000003,3.785714285714286e-05
SS01,29.0514675,6.4e-05
SS01,29.116972500000003,8.085714285714285e-05
SS01,29.182477500000005,0.00012185714285714286
SS01,29.247982500000003,0.0001807142857142857
SS01,29.3134875,0.0002568571428571429
SS01,29.378992500000003,0.0003577142857142857
SS01,29.444497500000004,0.0004922857142857143
SS01,29.510002500000006,0.0006568571428571428
SS01,29.575507500000004,0.0008664285714285714
SS01,29.641012500000002,0.0011527142857142858
SS01,29.706517500000004,0.0015037142857142857
SS01,29.772022500000006,0.0019167142857142857
SS01,29.837527500000004,0.0024332857142857142
SS01,29.903032500000002,0.003021857142857143
SS01,29.968537500000004,0.003759
SS01,30.034042500000005,0.004530857142857143
SS01,30.099547500000003,0.005400571428571428
SS01,30.1650525,0.006443428571428571
SS01,30.230557500000003,0.007544714285714286
SS01,30.296062500000005,0.008725
SS01,30.361567500000003,0.009998857142857143
SS01,30.4270725,0.011234571428571429
SS01,30.492577500000003,0.012679
SS01,30.558082500000005,0.013958714285714286
SS01,30.623587500000003,0.015322428571428572
SS01,30.6890925,0.016625857142857144
SS01,30.754597500000003,0.018036714285714284
SS01,30.820102500000004,0.01918042857142857
SS01,30.885607500000006,0.02023914285714286
SS01,30.951112500000004,0.021264
SS01,31.016617500000002,0.022358142857142858
SS01,31.082122500000004,0.023175428571428573
SS01,31.147627500000006,0.023876
SS01,31.213132500000004,0.024538714285714285
SS01,31.278637500000002,0.024994
SS01,31.344142500000004,0.025612
SS01,31.409647500000005,0.02589042857142857
SS01,31.475152500000004,0.026215285714285715
SS01,31.540657500000002,0.026585857142857144
SS01,31.606162500000003,0.026572285714285715
SS01,31.671667500000005,0.026744285714285713
SS01,31.737172500000003,0.02689642857142857
SS01,31.8026775,0.026913857142857142
SS01,31.868182500000003,0.026903
SS01,31.933687500000005,0.02671557142857143
SS01,31.9991925,0.026587
SS01,32.0646975,0.026455
SS01,32.1302025,0.026158285714285714
SS01,32.195707500000005,0.025744142857142858
SS01,32.261212500000006,0.025127714285714284
SS01,32.3267175,0.024547142857142858
SS01,32.3922225,0.023915285714285715
SS01,32.457727500000004,0.023043285714285714
SS01,32.523232500000006,0.02207057142857143
SS01,32.58873750000001,0.02090157142857143
SS01,32.6542425,0.019673142857142858
SS01,32.719747500000004,0.018476142857142858
SS01,32.785252500000006,0.017074714285714287
SS01,32.8507575,0.015609714285714286
SS01,32.9162625,0.014139285714285714
SS01,32.981767500000004,0.012625
SS01,33.047272500000005,0.011270857142857143
SS01,33.11277750000001,0.009799
SS01,33.1782825,0.008441
SS01,33.2437875,0.0072062857142857146
SS01,33.309292500000005,0.006085857142857143
SS01,33.3747975,0.0050061428571428574
SS01,33.4403025,0.004093142857142857
SS01,33.5058075,0.0032664285714285716
SS01,33.571312500000005,0.002613857142857143
SS01,33.63681750000001,0.002076142857142857
SS01,33.70232250000001,0.0015845714285714287
SS01,33.7678275,0.0011674285714285714
SS01,33.833332500000004,0.000884
SS01,33.898837500000006,0.0006731428571428572
SS01,33.9643425,0.0004847142857142857
SS01,34.0298475,0.000341
SS01,34.095352500000004,0.00023171428571428572
SS01,34.160857500000006,0.00016085714285714284
SS01,34.22636250000001,0.000114
SS01,34.2918675,7.657142857142857e-05
SS01,34.357372500000004,5.042857142857143e-05
SS01,34.422877500000006,2.9e-05
SS01,34.4883825,2.242857142857143e-05
SS01,34.5538875,1.0142857142857143e-05
SS01,34.619392500000004,6.714285714285714e-06
SS01,34.684897500000005,3.714285714285714e-06
SS01,34.75040250000001,2.7142857142857144e-06
SS01,34.8159075,2.1428571428571427e-06
SS01,34.8814125,4.2857142857142857e-07
SS01,34.946917500000005,7.142857142857143e-07
SS01,35.01242250000001,4.2857142857142857e-07
SS01,35.0779275,2.857142857142857e-07
SS01,35.1434325,1.4285714285714285e-07
SS01,35.208937500000005,0.0
SS01,35.274442500000006,0.0
SS01,35.33994750000001,0.0
Ni01,27.806872500000004,1e-06
Ni01,27.872377500000002,1e-06
Ni01,27.937882500000004,1.3333333333333334e-06
Ni01,28.003387500000002,3.3333333333333333e-06
Ni01,28.068892500000004,5e-06
Ni01,28.134397500000006,9e-06
Ni01,28.199902500000004,1.2666666666666667e-05
Ni01,28.265407500000002,2.1333333333333335e-05
Ni01,28.330912500000004,3.5333333333333336e-05
Ni01,28.396417500000005,5.6e-05
Ni01,28.461922500000004,7.666666666666667e-05
Ni01,28.5274275,0.00013
Ni01,28.592932500000003,0.00018666666666666666
Ni01,28.658437500000005,0.0002646666666666667
Ni01,28.723942500000003,0.0003936666666666667
Ni01,28.7894475,0.0005603333333333334
Ni01,28.854952500000003,0.000804
Ni01,28.920457500000005,0.0010993333333333332
Ni01,28.985962500000003,0.001529
Ni01,29.0514675,0.0020406666666666668
Ni01,29.116972500000003,0.0026613333333333333
Ni01,29.182477500000005,0.0035656666666666666
Ni01,29.247982500000003,0.004547666666666667
Ni01,29.3134875,0.005842333333333333
Ni01,29.378992500000003,0.007257666666666667
Ni01,29.444497500000004,0.009165
Ni01,29.510002500000006,0.011173333333333334
Ni01,29.575507500000004,0.013396
Ni01,29.641012500000002,0.015976333333333332
Ni01,29.706517500000004,0.018880666666666667
Ni01,29.772022500000006,0.021822333333333332
Ni01,29.837527500000004,0.024887
Ni01,29.903032500000002,0.028282333333333333
Ni01,29.968537500000004,0.031466
Ni01,30.034042500000005,0.034486333333333334
Ni01,30.099547500000003,0.037393666666666665
Ni01,30.1650525,0.04021
Ni01,30.230557500000003,0.042277
Ni01,30.296062500000005,0.04426066666666666
Ni01,30.361567500000003,0.045537666666666664
Ni01,30.4270725,0.04602166666666667
Ni01,30.492577500000003,0.046171333333333335
Ni01,30.558082500000005,0.04586966666666667
Ni01,30.623587500000003,0.04456266666666667
Ni01,30.6890925,0.042715
Ni01,30.754597500000003,0.040887
Ni01,30.820102500000004,0.03827766666666667
Ni01,30.885607500000006,0.035095666666666664
Ni01,30.951112500000004,0.03201433333333333
Ni01,31.016617500000002,0.028886
Ni01,31.082122500000004,0.025562
Ni01,31.147627500000006,0.022498666666666667
Ni01,31.213132500000004,0.019285666666666666
Ni01,31.278637500000002,0.016311666666666665
Ni01,31.344142500000004,0.013665
Ni01,31.409647500000005,0.011439666666666667
Ni01,31.475152500000004,0.009244
Ni01,31.540657500000002,0.007384
Ni01,31.606162500000003,0.00588
Ni01,31.671667500000005,0.004656666666666667
Ni01,31.737172500000003,0.0035503333333333333
Ni01,31.8026775,0.00264
Ni01,31.868182500000003,0.0020383333333333334
Ni01,31.933687500000005,0.0015013333333333333
Ni01,31.9991925,0.0011016666666666666
Ni01,32.0646975,0.000742
Ni01,32.1302025,0.0005503333333333333
Ni01,32.195707500000005,0.00037766666666666667
Ni01,32.261212500000006,0.00025866666666666665
Ni01,32.3267175,0.00018
Ni01,32.3922225,0.000115
Ni01,32.457727500000004,7.533333333333334e-05
Ni01,32.523232500000006,4.9e-05
Ni01,32.58873750000001,2.6333333333333334e-05
Ni01,32.6542425,1.7666666666666668e-05
Ni01,32.719747500000004,9.333333333333333e-06
Ni01,32.785252500000006,6e-06
Ni01,32.8507575,5.666666666666667e-06
Ni01,32.9162625,2.333333333333333e-06
Ni01,32.981767500000004,2.333333333333333e-06
Ni01,33.047272500000005,1e-06
Ni01,33.11277750000001,3.3333333333333335e-07
Ni01,33.1782825,3.3333333333333335e-07
Ni01,33.2437875,3.3333333333333335e-07
Ni01,33.309292500000005,0.0
Ni01,33.3747975,0.0
Ir01,26.955307500000004,6.666666666666667e-07
Ir01,27.020812500000005,3.3333333333333335e-07
Ir01,27.086317500000003,1e-06
Ir01,27.1518225,1.3333333333333334e-06
Ir01,27.217327500000003,4.666666666666666e-06
Ir01,27.282832500000005,4.666666666666666e-06
Ir01,27.348337500000003,9e-06
Ir01,27.4138425,1.1333333333333334e-05
Ir01,27.479347500000003,1.8333333333333333e-05
Ir01,27.544852500000005,3e-05
Ir01,27.610357500000003,5.3e-05
Ir01,27.6758625,6.866666666666666e-05
Ir01,27.741367500000003,0.00011566666666666667
Ir01,27.806872500000004,0.00016066666666666668
Ir01,27.872377500000002,0.00021866666666666668
Ir01,27.937882500000004,0.00033666666666666665
Ir01,28.003387500000002,0.0004623333333333333
Ir01,28.068892500000004,0.0006553333333333333
Ir01,28.134397500000006,0.0009
Ir01,28.199902500000004,0.0012273333333333333
Ir01,28.265407500000002,0.001591
Ir01,28.330912500000004,0.002087
Ir01,28.396417500000005,0.0027496666666666668
Ir01,28.461922500000004,0.003494
Ir01,28.5274275,0.004461
Ir01,28.592932500000003,0.005554666666666667
Ir01,28.658437500000005,0.006885333333333334
Ir01,28.723942500000003,0.008401666666666667
Ir01,28.7894475,0.010063666666666667
Ir01,28.854952500000003,0.011907
Ir01,28.920457500000005,0.014054666666666667
Ir01,28.985962500000003,0.016329
Ir01,29.0514675,0.018765666666666667
Ir01,29.116972500000003,0.021311
Ir01,29.182477500000005,0.023775
Ir01,29.247982500000003,0.026452666666666666
Ir01,29.3134875,0.028923666666666667
Ir01,29.378992500000003,0.03148033333333333
Ir01,29.444497500000004,0.03372066666666667
Ir01,29.510002500000006,0.03607433333333333
Ir01,29.575507500000004,0.037683666666666664
Ir01,29.641012500000002,0.03920033333333333
Ir01,29.706517500000004,0.04025466666666667
Ir01,29.772022500000006,0.041257
Ir01,29.837527500000004,0.04135233333333333
Ir01,29.903032500000002,0.041646
Ir01,29.968537500000004,0.040989333333333336
Ir01,30.034042500000005,0.039884
Ir01,30.099547500000003,0.03841033333333333
Ir01,30.1650525,0.037215
Ir01,30.230557500000003,0.03483733333333333
Ir01,30.296062500000005,0.03289966666666667
Ir01,30.361567500000003,0.030323333333333334
Ir01,30.4270725,0.027712
Ir01,30.492577500000003,0.024968333333333332
Ir01,30.558082500000005,0.022604333333333334
Ir01,30.623587500000003,0.019826666666666666
Ir01,30.6890925,0.017305
Ir01,30.754597500000003,0.014888666666666666
Ir01,30.820102500000004,0.012739
Ir01,30.885607500000006,0.010603666666666667
Ir01,30.951112500000004,0.008815333333333333
Ir01,31.016617500000002,0.007196666666666666
Ir01,31.082122500000004,0.005860333333333334
Ir01,31.147627500000006,0.0047
Ir01,31.213132500000004,0.0036463333333333335
Ir01,31.278637500000002,0.0028276666666666667
Ir01,31.344142500000004,0.0021106666666666665
Ir01,31.409647500000005,0.001667
Ir01,31.475152500000004,0.0012376666666666666
Ir01,31.540657500000002,0.0009103333333333333
Ir01,31.606162500000003,0.0006143333333333334
Ir01,31.671667500000005,0.000463
Ir01,31.737172500000003,0.000324
Ir01,31.8026775,0.00022466666666666666
Ir01,31.868182500000003,0.00015933333333333332
Ir01,31.933687500000005,0.00010166666666666667
Ir01,31.9991925,6.533333333333333e-05
Ir01,32.0646975,4.8e-05
Ir01,32.1302025,2.3333333333333332e-05
Ir01,32.195707500000005,1.5666666666666667e-05
Ir01,32.261212500000006,9.666666666666667e-06
Ir01,32.3267175,4.666666666666666e-06
Ir01,32.3922225,6e-06
Ir01,32.457727500000004,2e-06
Ir01,32.523232500000006,1.6666666666666667e-06
Ir01,32.58873750000001,1e-06
Ir01,32.6542425,6.666666666666667e-07
Ir01,32.719747500000004,3.3333333333333335e-07
Ir01,32.785252500000006,0.0
Ir01,32.8507575,0.0
Ir01,32.9162625,0.0
Cu01,26.496772500000002,6.666666666666667e-07
Cu01,26.562277500000004,6.666666666666667e-07
Cu01,26.627782500000002,1.3333333333333334e-06
Cu01,26.693287500000004,1.6666666666666667e-06
Cu01,26.758792500000006,6e-06
Cu01,26.824297500000004,6e-06
Cu01,26.889802500000002,1.2333333333333333e-05
Cu01,26.955307500000004,1.4666666666666666e-05
Cu01,27.020812500000005,2.5e-05
Cu01,27.086317500000003,3.5333333333333336e-05
Cu01,27.1518225,6.6e-05
Cu01,27.217327500000003,9.166666666666667e-05
Cu01,27.282832500000005,0.00014033333333333332
Cu01,27.348337500000003,0.000205
Cu01,27.4138425,0.00028366666666666666
Cu01,27.479347500000003,0.00041833333333333333
Cu01,27.544852500000005,0.0005916666666666667
Cu01,27.610357500000003,0.0008336666666666667
Cu01,27.6758625,0.0011273333333333333
Cu01,27.741367500000003,0.0015586666666666668
Cu01,27.806872500000004,0.002048
Cu01,27.872377500000002,0.0026613333333333333
Cu01,27.937882500000004,0.0035453333333333335
Cu01,28.003387500000002,0.004471666666666666
Cu01,28.068892500000004,0.005705
Cu01,28.134397500000006,0.007108666666666667
Cu01,28.199902500000004,0.008898333333333333
Cu01,28.265407500000002,0.010773666666666668
Cu01,28.330912500000004,0.012923333333333334
Cu01,28.396417500000005,0.015365333333333333
Cu01,28.461922500000004,0.018091666666666666
Cu01,28.5274275,0.020945666666666668
Cu01,28.592932500000003,0.023809
Cu01,28.658437500000005,0.027113333333333333
Cu01,28.723942500000003,0.030103666666666667
Cu01,28.7894475,0.033144
Cu01,28.854952500000003,0.03599633333333333
Cu01,28.920457500000005,0.03863766666666667
Cu01,28.985962500000003,0.040868
Cu01,29.0514675,0.04284
Cu01,29.116972500000003,0.04427966666666667
Cu01,29.182477500000005,0.04498133333333333
Cu01,29.247982500000003,0.045252
Cu01,29.3134875,0.045096333333333335
Cu01,29.378992500000003,0.04435833333333333
Cu01,29.444497500000004,0.04263533333333333
Cu01,29.510002500000006,0.040912
Cu01,29.575507500000004,0.038800666666666664
Cu01,29.641012500000002,0.035883333333333337
Cu01,29.706517500000004,0.032987666666666665
Cu01,29.772022500000006,0.030099333333333332
Cu01,29.837527500000004,0.026732666666666665
Cu01,29.903032500000002,0.023697333333333334
Cu01,29.968537500000004,0.020776
Cu01,30.034042500000005,0.017709666666666665
Cu01,30.099547500000003,0.014988
Cu01,30.1650525,0.012619333333333333
Cu01,30.230557500000003,0.010459
Cu01,30.296062500000005,0.008462333333333334
Cu01,30.361567500000003,0.006732666666666666
Cu01,30.4270725,0.005457
Cu01,30.492577500000003,0.004268
Cu01,30.558082500000005,0.00322
Cu01,30.623587500000003,0.0024836666666666666
Cu01,30.6890925,0.001909
Cu01,30.754597500000003,0.001385
Cu01,30.820102500000004,0.0010243333333333333
Cu01,30.885607500000006,0.0007013333333333333
Cu01,30.951112500000004,0.0005266666666666667
Cu01,31.016617500000002,0.000362
Cu01,31.082122500000004,0.00025066666666666667
Cu01,31.147627500000006,0.000175
Cu01,31.213132500000004,0.000106
Cu01,31.278637500000002,7.6e-05
Cu01,31.344142500000004,4.7e-05
Cu01,31.409647500000005,2.7333333333333335e-05
Cu01,31.475152500000004,1.8666666666666665e-05
Cu01,31.540657500000002,1e-05
Cu01,31.606162500000003,6e-06
Cu01,31.671667500000005,6.333333333333333e-06
Cu01,31.737172500000003,2.333333333333333e-06
Cu01,31.8026775,2e-06
Cu01,31.868182500000003,1.3333333333333334e-06
Cu01,31.933687500000005,3.3333333333333335e-07
Cu01,31.9991925,3.3333333333333335e-07
Cu01,32.0646975,3.3333333333333335e-07
Cu01,32.1302025,0.0
Cu01,32.195707500000005,0.0
Fe01,26.0382375,6.666666666666667e-07
Fe01,26.103742500000003,6.666666666666667e-07
Fe01,26.169247500000004,1.3333333333333334e-06
Fe01,26.234752500000003,2e-06
Fe01,26.3002575,5.666666666666667e-06
Fe01,26.365762500000002,6.333333333333333e-06
Fe01,26.431267500000004,1.2e-05
Fe01,26.496772500000002,1.5333333333333334e-05
Fe01,26.562277500000004,2.4666666666666665e-05
Fe01,26.627782500000002,3.6e-05
Fe01,26.693287500000004,6.5e-05
Fe01,26.758792500000006,8.7e-05
Fe01,26.824297500000004,0.00014
Fe01,26.889802500000002,0.00020133333333333334
Fe01,26.955307500000004,0.0002736666666666667
Fe01,27.020812500000005,0.000415
Fe01,27.086317500000003,0.0005703333333333333
Fe01,27.1518225,0.0008016666666666667
Fe01,27.217327500000003,0.00109
Fe01,27.282832500000005,0.0015043333333333334
Fe01,27.348337500000003,0.001978
Fe01,27.4138425,0.002582
Fe01,27.479347500000003,0.0033753333333333335
Fe01,27.544852500000005,0.004333333333333333
Fe01,27.610357500000003,0.005476333333333333
Fe01,27.6758625,0.006835
Fe01,27.741367500000003,0.008535666666666667
Fe01,27.806872500000004,0.010446666666666667
Fe01,27.872377500000002,0.012428
Fe01,27.937882500000004,0.014848666666666666
Fe01,28.003387500000002,0.017514666666666668
Fe01,28.068892500000004,0.020273
Fe01,28.134397500000006,0.023041333333333334
Fe01,28.199902500000004,0.026272
Fe01,28.265407500000002,0.029420333333333333
Fe01,28.330912500000004,0.03225666666666667
Fe01,28.396417500000005,0.035188
Fe01,28.461922500000004,0.03786233333333333
Fe01,28.5274275,0.040129333333333336
Fe01,28.592932500000003,0.042089666666666664
Fe01,28.658437500000005,0.043745
Fe01,28.723942500000003,0.044657666666666665
Fe01,28.7894475,0.04491133333333333
Fe01,28.854952500000003,0.04497966666666667
Fe01,28.920457500000005,0.044402333333333335
Fe01,28.985962500000003,0.042874
Fe01,29.0514675,0.04122866666666666
Fe01,29.116972500000003,0.03918566666666667
Fe01,29.182477500000005,0.036465
Fe01,29.247982500000003,0.03367066666666667
Fe01,29.3134875,0.030772
Fe01,29.378992500000003,0.02767
Fe01,29.444497500000004,0.024408
Fe01,29.510002500000006,0.021508333333333334
Fe01,29.575507500000004,0.018643666666666666
Fe01,29.641012500000002,0.015731
Fe01,29.706517500000004,0.013228
Fe01,29.772022500000006,0.011126666666666667
Fe01,29.837527500000004,0.00908
Fe01,29.903032500000002,0.007278333333333334
Fe01,29.968537500000004,0.005868333333333333
Fe01,30.034042500000005,0.004605
Fe01,30.099547500000003,0.003591
Fe01,30.1650525,0.0027213333333333334
Fe01,30.230557500000003,0.0020713333333333334
Fe01,30.296062500000005,0.001582
Fe01,30.361567500000003,0.0011586666666666666
Fe01,30.4270725,0.000814
Fe01,30.492577500000003,0.0005973333333333333
Fe01,30.558082500000005,0.00041033333333333335
Fe01,30.623587500000003,0.00029266666666666666
Fe01,30.6890925,0.00021033333333333334
Fe01,30.754597500000003,0.00013633333333333333
Fe01,30.820102500000004,7.933333333333333e-05
Fe01,30.885607500000006,6e-05
Fe01,30.951112500000004,3.5333333333333336e-05
Fe01,31.016617500000002,2.2333333333333332e-05
Fe01,31.082122500000004,1.4333333333333334e-05
Fe01,31.147627500000006,8.333333333333334e-06
Fe01,31.213132500000004,6e-06
Fe01,31.278637500000002,4.666666666666666e-06
Fe01,31.344142500000004,1e-06
Fe01,31.409647500000005,2.333333333333333e-06
Fe01,31.475152500000004,1e-06
Fe01,31.540657500000002,3.3333333333333335e-07
Fe01,31.606162500000003,3.3333333333333335e-07
Fe01,31.671667500000005,3.3333333333333335e-07
Fe01,31.737172500000003,0.0
Fe01,31.8026775,0.0
Ni02,25.5141975,1e-06
Ni02,25.579702500000003,1e-06
Ni02,25.645207500000005,1.3333333333333334e-06
Ni02,25.710712500000003,2.333333333333333e-06
Ni02,25.7762175,5.333333333333334e-06
Ni02,25.841722500000003,6.333333333333333e-06
Ni02,25.907227500000005,1.2333333333333333e-05
Ni02,25.972732500000003,1.4e-05
Ni02,26.0382375,2.5666666666666666e-05
Ni02,26.103742500000003,3.6666666666666666e-05
Ni02,26.169247500000004,6.233333333333334e-05
Ni02,26.234752500000003,8.466666666666666e-05
Ni02,26.3002575,0.00013866666666666666
Ni02,26.365762500000002,0.00018766666666666666
Ni02,26.431267500000004,0.0002626666666666667
Ni02,26.496772500000002,0.0003896666666666667
Ni02,26.562277500000004,0.0005376666666666667
Ni02,26.627782500000002,0.0007483333333333334
Ni02,26.693287500000004,0.0010066666666666666
Ni02,26.758792500000006,0.0013843333333333333
Ni02,26.824297500000004,0.0018126666666666666
Ni02,26.889802500000002,0.0023673333333333333
Ni02,26.955307500000004,0.0030583333333333335
Ni02,27.020812500000005,0.003953333333333333
Ni02,27.086317500000003,0.00494
Ni02,27.1518225,0.006216
Ni02,27.217327500000003,0.007642
Ni02,27.282832500000005,0.009473
Ni02,27.348337500000003,0.011239333333333334
Ni02,27.4138425,0.013307333333333332
Ni02,27.479347500000003,0.01577833333333333
Ni02,27.544852500000005,0.018403333333333334
Ni02,27.610357500000003,0.020966
Ni02,27.6758625,0.023769333333333333
Ni02,27.741367500000003,0.026803666666666667
Ni02,27.806872500000004,0.029671333333333334
Ni02,27.872377500000002,0.03234466666666667
Ni02,27.937882500000004,0.03504733333333333
Ni02,28.003387500000002,0.037606
Ni02,28.068892500000004,0.039420333333333335
Ni02,28.134397500000006,0.041451666666666664
Ni02,28.199902500000004,0.042708333333333334
Ni02,28.265407500000002,0.04347566666666667
Ni02,28.330912500000004,0.04350933333333333
Ni02,28.396417500000005,0.043970666666666665
Ni02,28.461922500000004,0.042930333333333334
Ni02,28.5274275,0.0416
Ni02,28.592932500000003,0.039746333333333335
Ni02,28.658437500000005,0.038199333333333335
Ni02,28.723942500000003,0.035544
Ni02,28.7894475,0.03290066666666667
Ni02,28.854952500000003,0.030038333333333334
Ni02,28.920457500000005,0.027158666666666668
Ni02,28.985962500000003,0.024188333333333333
Ni02,29.0514675,0.021497333333333334
Ni02,29.116972500000003,0.018526
Ni02,29.182477500000005,0.015881333333333334
Ni02,29.247982500000003,0.013345
Ni02,29.3134875,0.011427333333333333
Ni02,29.378992500000003,0.009403333333333333
Ni02,29.444497500000004,0.007553333333333333
Ni02,29.510002500000006,0.006037333333333333
Ni02,29.575507500000004,0.004962333333333333
Ni02,29.641012500000002,0.0038356666666666665
Ni02,29.706517500000004,0.0029423333333333333
Ni02,29.772022500000006,0.0022373333333333334
Ni02,29.837527500000004,0.0017613333333333333
Ni02,29.903032500000002,0.0012716666666666666
Ni02,29.968537500000004,0.0009533333333333334
Ni02,30.034042500000005,0.0006676666666666667
Ni02,30.099547500000003,0.000488
Ni02,30.1650525,0.000343
Ni02,30.230557500000003,0.00023866666666666668
Ni02,30.296062500000005,0.000168
Ni02,30.361567500000003,0.00011066666666666667
Ni02,30.4270725,7.166666666666667e-05
Ni02,30.492577500000003,4.933333333333333e-05
Ni02,30.558082500000005,2.8666666666666668e-05
Ni02,30.623587500000003,1.8e-05
Ni02,30.6890925,1.1333333333333334e-05
Ni02,30.754597500000003,6.333333333333333e-06
Ni02,30.820102500000004,5e-06
Ni02,30.885607500000006,3.3333333333333333e-06
Ni02,30.951112500000004,1.3333333333333334e-06
Ni02,31.016617500000002,2e-06
Ni02,31.082122500000004,1e-06
Ni02,31.147627500000006,0.0
Ni02,31.213132500000004,6.666666666666667e-07
Ni02,31.278637500000002,0.0
Ni02,31.344142500000004,0.0
Ni02,31.409647500000005,0.0
Ir02,24.6626325,1e-06
Ir02,24.728137500000003,1e-06
Ir02,24.793642500000004,1.3333333333333334e-06
Ir02,24.859147500000002,2.333333333333333e-06
Ir02,24.9246525,4.333333333333333e-06
Ir02,24.990157500000002,5.333333333333334e-06
Ir02,25.055662500000004,1.2e-05
Ir02,25.121167500000002,1.2e-05
Ir02,25.186672500000004,2.1e-05
Ir02,25.252177500000002,2.966666666666667e-05
Ir02,25.317682500000004,5.5e-05
Ir02,25.383187500000005,6.833333333333333e-05
Ir02,25.448692500000003,0.000115
Ir02,25.5141975,0.00015033333333333335
Ir02,25.579702500000003,0.00020533333333333333
Ir02,25.645207500000005,0.00030933333333333334
Ir02,25.710712500000003,0.000412
Ir02,25.7762175,0.0005806666666666666
Ir02,25.841722500000003,0.0007743333333333334
Ir02,25.907227500000005,0.0010596666666666667
Ir02,25.972732500000003,0.001362
Ir02,26.0382375,0.0017336666666666666
Ir02,26.103742500000003,0.002242333333333333
Ir02,26.169247500000004,0.002903
Ir02,26.234752500000003,0.0035906666666666665
Ir02,26.3002575,0.004559333333333334
Ir02,26.365762500000002,0.005538
Ir02,26.431267500000004,0.006772
Ir02,26.496772500000002,0.008146666666666667
Ir02,26.562277500000004,0.009653
Ir02,26.627782500000002,0.011312
Ir02,26.693287500000004,0.013224
Ir02,26.758792500000006,0.015217
Ir02,26.824297500000004,0.017373
Ir02,26.889802500000002,0.019697333333333334
Ir02,26.955307500000004,0.021885
Ir02,27.020812500000005,0.024188
Ir02,27.086317500000003,0.026529333333333332
Ir02,27.1518225,0.02873
Ir02,27.217327500000003,0.030869666666666667
Ir02,27.282832500000005,0.032868
Ir02,27.348337500000003,0.034887
Ir02,27.4138425,0.036158
Ir02,27.479347500000003,0.037447
Ir02,27.544852500000005,0.038182
Ir02,27.610357500000003,0.039141666666666665
Ir02,27.6758625,0.039108
Ir02,27.741367500000003,0.039374
Ir02,27.806872500000004,0.03876266666666667
Ir02,27.872377500000002,0.037714333333333336
Ir02,27.937882500000004,0.03650433333333333
Ir02,28.003387500000002,0.035386
Ir02,28.068892500000004,0.03331133333333333
Ir02,28.134397500000006,0.031686
Ir02,28.199902500000004,0.029499666666666667
Ir02,28.265407500000002,0.027019666666666668
Ir02,28.330912500000004,0.024608666666666668
Ir02,28.396417500000005,0.022539666666666666
Ir02,28.461922500000004,0.019940333333333334
Ir02,28.5274275,0.017662
Ir02,28.592932500000003,0.015519333333333333
Ir02,28.658437500000005,0.013426333333333334
Ir02,28.723942500000003,0.011379333333333333
Ir02,28.7894475,0.009681
Ir02,28.854952500000003,0.008020333333333334
Ir02,28.920457500000005,0.006628333333333333
Ir02,28.985962500000003,0.005431666666666666
Ir02,29.0514675,0.00442
Ir02,29.116972500000003,0.0034646666666666667
Ir02,29.182477500000005,0.0027166666666666667
Ir02,29.247982500000003,0.002052
Ir02,29.3134875,0.001646
Ir02,29.378992500000003,0.001254
Ir02,29.444497500000004,0.0009376666666666666
Ir02,29.510002500000006,0.0006636666666666667
Ir02,29.575507500000004,0.00048533333333333333
Ir02,29.641012500000002,0.0003443333333333333
Ir02,29.706517500000004,0.00025866666666666665
Ir02,29.772022500000006,0.000169
Ir02,29.837527500000004,0.00012966666666666666
Ir02,29.903032500000002,7.566666666666667e-05
Ir02,29.968537500000004,5.566666666666667e-05
Ir02,30.034042500000005,3.766666666666667e-05
Ir02,30.099547500000003,1.9e-05
Ir02,30.1650525,1.3333333333333333e-05
Ir02,30.230557500000003,8.666666666666666e-06
Ir02,30.296062500000005,4.333333333333333e-06
Ir02,30.361567500000003,5.333333333333334e-06
Ir02,30.4270725,2e-06
Ir02,30.492577500000003,1.3333333333333334e-06
Ir02,30.558082500000005,1.3333333333333334e-06
Ir02,30.623587500000003,6.666666666666667e-07
Ir02,30.6890925,3.3333333333333335e-07
Ir02,30.754597500000003,0.0
Ir02,30.820102500000004,0.0
Ir02,30.885607500000006,0.0
Ir02,30.951112500000004,0.0
Cu02,24.1385925,1e-06
Cu02,24.204097500000003,1e-06
Cu02,24.269602500000005,1e-06
Cu02,24.335107500000003,2.333333333333333e-06
Cu02,24.4006125,5.333333333333334e-06
Cu02,24.466117500000003,5.666666666666667e-06
Cu02,24.531622500000005,1.1333333333333334e-05
Cu02,24.597127500000003,1.1333333333333334e-05
Cu02,24.6626325,2.3333333333333332e-05
Cu02,24.728137500000003,3.266666666666666e-05
Cu02,24.793642500000004,5.6e-05
Cu02,24.859147500000002,7.1e-05
Cu02,24.9246525,0.00011166666666666667
Cu02,24.990157500000002,0.00016633333333333333
Cu02,25.055662500000004,0.000223
Cu02,25.121167500000002,0.00030766666666666665
Cu02,25.186672500000004,0.0004423333333333333
Cu02,25.252177500000002,0.000615
Cu02,25.317682500000004,0.000836
Cu02,25.383187500000005,0.001128
Cu02,25.448692500000003,0.001505
Cu02,25.5141975,0.0019486666666666667
Cu02,25.579702500000003,0.002479
Cu02,25.645207500000005,0.00327
Cu02,25.710712500000003,0.004077666666666667
Cu02,25.7762175,0.0051333333333333335
Cu02,25.841722500000003,0.006308
Cu02,25.907227500000005,0.007818666666666666
Cu02,25.972732500000003,0.009495
Cu02,26.0382375,0.011293
Cu02,26.103742500000003,0.013210333333333333
Cu02,26.169247500000004,0.015664
Cu02,26.234752500000003,0.018101
Cu02,26.3002575,0.020645666666666666
Cu02,26.365762500000002,0.023305666666666666
Cu02,26.431267500000004,0.026223
Cu02,26.496772500000002,0.028901
Cu02,26.562277500000004,0.031556
Cu02,26.627782500000002,0.03407366666666667
Cu02,26.693287500000004,0.03650233333333333
Cu02,26.758792500000006,0.038420666666666665
Cu02,26.824297500000004,0.040231
Cu02,26.889802500000002,0.04158066666666667
Cu02,26.955307500000004,0.042525
Cu02,27.020812500000005,0.04263433333333334
Cu02,27.086317500000003,0.042743666666666666
Cu02,27.1518225,0.042301
Cu02,27.217327500000003,0.041140333333333334
Cu02,27.282832500000005,0.03949066666666667
Cu02,27.348337500000003,0.037920333333333334
Cu02,27.4138425,0.035715666666666666
Cu02,27.479347500000003,0.03296
Cu02,27.544852500000005,0.03042366666666667
Cu02,27.610357500000003,0.027814333333333333
Cu02,27.6758625,0.024756
Cu02,27.741367500000003,0.022099
Cu02,27.806872500000004,0.019491
Cu02,27.872377500000002,0.016728666666666666
Cu02,27.937882500000004,0.014273333333333334
Cu02,28.003387500000002,0.012130333333333333
Cu02,28.068892500000004,0.010201
Cu02,28.134397500000006,0.008370333333333334
Cu02,28.199902500000004,0.006778
Cu02,28.265407500000002,0.005511
Cu02,28.330912500000004,0.004407333333333333
Cu02,28.396417500000005,0.0034376666666666666
Cu02,28.461922500000004,0.002633
Cu02,28.5274275,0.002037
Cu02,28.592932500000003,0.001591
Cu02,28.658437500000005,0.0011583333333333333
Cu02,28.723942500000003,0.000865
Cu02,28.7894475,0.0006236666666666667
Cu02,28.854952500000003,0.0004406666666666667
Cu02,28.920457500000005,0.000324
Cu02,28.985962500000003,0.000225
Cu02,29.0514675,0.00015966666666666665
Cu02,29.116972500000003,9.933333333333334e-05
Cu02,29.182477500000005,7.2e-05
Cu02,29.247982500000003,4.633333333333333e-05
Cu02,29.3134875,2.5666666666666666e-05
Cu02,29.378992500000003,1.9e-05
Cu02,29.444497500000004,1.1e-05
Cu02,29.510002500000006,7.333333333333333e-06
Cu02,29.575507500000004,4.666666666666666e-06
Cu02,29.641012500000002,4e-06
Cu02,29.706517500000004,1.3333333333333334e-06
Cu02,29.772022500000006,2e-06
Cu02,29.837527500000004,6.666666666666667e-07
Cu02,29.903032500000002,3.3333333333333335e-07
Cu02,29.968537500000004,3.3333333333333335e-07
Cu02,30.034042500000005,3.3333333333333335e-07
Cu02,30.099547500000003,0.0
Cu02,30.1650525,0.0
Fe02,23.614552500000002,6.666666666666667e-07
Fe02,23.680057500000004,6.666666666666667e-07
Fe02,23.745562500000002,1.3333333333333334e-06
Fe02,23.811067500000004,6.666666666666667e-07
Fe02,23.8765725,5e-06
Fe02,23.942077500000003,4.333333333333333e-06
Fe02,24.007582500000005,8e-06
Fe02,24.073087500000003,1.2e-05
Fe02,24.1385925,1.8333333333333333e-05
Fe02,24.204097500000003,2.5e-05
Fe02,24.269602500000005,4.1666666666666665e-05
Fe02,24.335107500000003,6.1e-05
Fe02,24.4006125,8.8e-05
Fe02,24.466117500000003,0.00013233333333333334
Fe02,24.531622500000005,0.00018633333333333333
Fe02,24.597127500000003,0.00024966666666666665
Fe02,24.6626325,0.000371
Fe02,24.728137500000003,0.0004983333333333334
Fe02,24.793642500000004,0.000696
Fe02,24.859147500000002,0.0009206666666666666
Fe02,24.9246525,0.0012443333333333334
Fe02,24.990157500000002,0.001641
Fe02,25.055662500000004,0.0021253333333333332
Fe02,25.121167500000002,0.002673333333333333
Fe02,25.186672500000004,0.0034906666666666667
Fe02,25.252177500000002,0.004357666666666667
Fe02,25.317682500000004,0.005443333333333333
Fe02,25.383187500000005,0.006703666666666667
Fe02,25.448692500000003,0.00821
Fe02,25.5141975,0.009897333333333333
Fe02,25.579702500000003,0.01168
Fe02,25.645207500000005,0.013765
Fe02,25.710712500000003,0.016162
Fe02,25.7762175,0.01855
Fe02,25.841722500000003,0.021092666666666666
Fe02,25.907227500000005,0.023791666666666666
Fe02,25.972732500000003,0.026688333333333335
Fe02,26.0382375,0.029172
Fe02,26.103742500000003,0.03182566666666667
Fe02,26.169247500000004,0.034306
Fe02,26.234752500000003,0.036652333333333335
Fe02,26.3002575,0.03852933333333333
Fe02,26.365762500000002,0.04021366666666667
Fe02,26.431267500000004,0.04144866666666667
Fe02,26.496772500000002,0.042231
Fe02,26.562277500000004,0.042292666666666666
Fe02,26.627782500000002,0.042475
Fe02,26.693287500000004,0.041884
Fe02,26.758792500000006,0.040563666666666665
Fe02,26.824297500000004,0.039047
Fe02,26.889802500000002,0.037365333333333334
Fe02,26.955307500000004,0.035115
Fe02,27.020812500000005,0.032448
Fe02,27.086317500000003,0.029973666666666666
Fe02,27.1518225,0.027316666666666666
Fe02,27.217327500000003,0.024398333333333334
Fe02,27.282832500000005,0.021740666666666665
Fe02,27.348337500000003,0.019122333333333335
Fe02,27.4138425,0.016467
Fe02,27.479347500000003,0.014014
Fe02,27.544852500000005,0.011935
Fe02,27.610357500000003,0.010046
Fe02,27.6758625,0.008261
Fe02,27.741367500000003,0.0066756666666666666
Fe02,27.806872500000004,0.005471
Fe02,27.872377500000002,0.004347
Fe02,27.937882500000004,0.003431
Fe02,28.003387500000002,0.0026236666666666665
Fe02,28.068892500000004,0.002041
Fe02,28.134397500000006,0.0015893333333333334
Fe02,28.199902500000004,0.001176
Fe02,28.265407500000002,0.0008573333333333333
Fe02,28.330912500000004,0.0006233333333333334
Fe02,28.396417500000005,0.00045766666666666666
Fe02,28.461922500000004,0.0003283333333333333
Fe02,28.5274275,0.000228
Fe02,28.592932500000003,0.00016333333333333334
Fe02,28.658437500000005,0.00010066666666666667
Fe02,28.723942500000003,7.466666666666666e-05
Fe02,28.7894475,4.8333333333333334e-05
Fe02,28.854952500000003,2.7666666666666667e-05
Fe02,28.920457500000005,1.8666666666666665e-05
Fe02,28.985962500000003,1.2333333333333333e-05
Fe02,29.0514675,7.666666666666667e-06
Fe02,29.116972500000003,5.666666666666667e-06
Fe02,29.182477500000005,4.666666666666666e-06
Fe02,29.247982500000003,1e-06
Fe02,29.3134875,2e-06
Fe02,29.378992500000003,1.3333333333333334e-06
Fe02,29.444497500000004,3.3333333333333335e-07
Fe02,29.510002500000006,3.3333333333333335e-07
Fe02,29.575507500000004,3.3333333333333335e-07
Fe02,29.641012500000002,0.0
Fe02,29.706517500000004,0.0
Ni03,23.0250075,3.3333333333333335e-07
Ni03,23.090512500000003,6.666666666666667e-07
Ni03,23.156017500000004,1e-06
Ni03,23.221522500000003,1.3333333333333334e-06
Ni03,23.2870275,2.333333333333333e-06
Ni03,23.352532500000002,5e-06
Ni03,23.418037500000004,5.666666666666667e-06
Ni03,23.483542500000002,1.0666666666666667e-05
Ni03,23.5490475,9.666666666666667e-06
Ni03,23.614552500000002,2.2e-05
Ni03,23.680057500000004,3.1666666666666666e-05
Ni03,23.745562500000002,4.766666666666667e-05
Ni03,23.811067500000004,6.433333333333333e-05
Ni03,23.8765725,9.866666666666666e-05
Ni03,23.942077500000003,0.00014666666666666666
Ni03,24.007582500000005,0.000188
Ni03,24.073087500000003,0.000273
Ni03,24.1385925,0.00037466666666666665
Ni03,24.204097500000003,0.000525
Ni03,24.269602500000005,0.000705
Ni03,24.335107500000003,0.000938
Ni03,24.4006125,0.00126
Ni03,24.466117500000003,0.0016396666666666667
Ni03,24.531622500000005,0.002094
Ni03,24.597127500000003,0.002656
Ni03,24.6626325,0.0034406666666666665
Ni03,24.728137500000003,0.004231
Ni03,24.793642500000004,0.005286
Ni03,24.859147500000002,0.0064266666666666665
Ni03,24.9246525,0.007914666666666667
Ni03,24.990157500000002,0.009504333333333333
Ni03,25.055662500000004,0.011144666666666667
Ni03,25.121167500000002,0.013031333333333334
Ni03,25.186672500000004,0.01534
Ni03,25.252177500000002,0.017632
Ni03,25.317682500000004,0.019968
Ni03,25.383187500000005,0.022471
Ni03,25.448692500000003,0.025193666666666666
Ni03,25.5141975,0.027694666666666666
Ni03,25.579702500000003,0.030214
Ni03,25.645207500000005,0.03255333333333333
Ni03,25.710712500000003,0.03492166666666666
Ni03,25.7762175,0.03671733333333333
Ni03,25.841722500000003,0.038489
Ni03,25.907227500000005,0.039932333333333334
Ni03,25.972732500000003,0.040834
Ni03,26.0382375,0.04119066666666667
Ni03,26.103742500000003,0.041342
Ni03,26.169247500000004,0.04122566666666667
Ni03,26.234752500000003,0.04029933333333333
Ni03,26.3002575,0.03904266666666667
Ni03,26.365762500000002,0.03748166666666667
Ni03,26.431267500000004,0.035799
Ni03,26.496772500000002,0.03346366666666667
Ni03,26.562277500000004,0.030938
Ni03,26.627782500000002,0.028592666666666666
Ni03,26.693287500000004,0.025980666666666666
Ni03,26.758792500000006,0.023268333333333332
Ni03,26.824297500000004,0.020751
Ni03,26.889802500000002,0.018256
Ni03,26.955307500000004,0.015689666666666668
Ni03,27.020812500000005,0.013480333333333334
Ni03,27.086317500000003,0.011521666666666666
Ni03,27.1518225,0.009706333333333334
Ni03,27.217327500000003,0.007955666666666666
Ni03,27.282832500000005,0.006506666666666667
Ni03,27.348337500000003,0.005316666666666667
Ni03,27.4138425,0.004296
Ni03,27.479347500000003,0.003373
Ni03,27.544852500000005,0.002599666666666667
Ni03,27.610357500000003,0.0020096666666666665
Ni03,27.6758625,0.001608
Ni03,27.741367500000003,0.0011763333333333333
Ni03,27.806872500000004,0.0008893333333333333
Ni03,27.872377500000002,0.0006286666666666667
Ni03,27.937882500000004,0.0004803333333333333
Ni03,28.003387500000002,0.00033433333333333335
Ni03,28.068892500000004,0.00024066666666666667
Ni03,28.134397500000006,0.00017633333333333333
Ni03,28.199902500000004,0.00011733333333333333
Ni03,28.265407500000002,7.133333333333334e-05
Ni03,28.330912500000004,5.3e-05
Ni03,28.396417500000005,3.566666666666667e-05
Ni03,28.461922500000004,2.0666666666666666e-05
Ni03,28.5274275,1.3666666666666667e-05
Ni03,28.592932500000003,8.333333333333334e-06
Ni03,28.658437500000005,6e-06
Ni03,28.723942500000003,5e-06
Ni03,28.7894475,2.333333333333333e-06
Ni03,28.854952500000003,1.6666666666666667e-06
Ni03,28.920457500000005,1.3333333333333334e-06
Ni03,28.985962500000003,6.666666666666667e-07
Ni03,29.0514675,0.0
Ni03,29.116972500000003,6.666666666666667e-07
Ni03,29.182477500000005,0.0
Ni03,29.247982500000003,0.0
Ni03,29.3134875,0.0
Ir03,22.107937500000002,5e-07
Ir03,22.1734425,2.5e-07
Ir03,22.238947500000002,7.5e-07
Ir03,22.304452500000004,1e-06
Ir03,22.3699575,1.75e-06
Ir03,22.435462500000003,3.5e-06
Ir03,22.5009675,4e-06
Ir03,22.566472500000003,7.5e-06
Ir03,22.631977500000005,7e-06
Ir03,22.697482500000003,1.325e-05
Ir03,22.7629875,2.1e-05
Ir03,22.828492500000003,3.05e-05
Ir03,22.893997500000005,4.65e-05
Ir03,22.959502500000003,6.2e-05
Ir03,23.0250075,9.675e-05
Ir03,23.090512500000003,0.00012325
Ir03,23.156017500000004,0.00017275
Ir03,23.221522500000003,0.000247
Ir03,23.2870275,0.000326
Ir03,23.352532500000002,0.00046425
Ir03,23.418037500000004,0.0005915
Ir03,23.483542500000002,0.00079525
Ir03,23.5490475,0.0010365
Ir03,23.614552500000002,0.0013265
Ir03,23.680057500000004,0.00168525
Ir03,23.745562500000002,0.00216125
Ir03,23.811067500000004,0.00271825
Ir03,23.8765725,0.003351
Ir03,23.942077500000003,0.00415125
Ir03,24.007582500000005,0.00502375
Ir03,24.073087500000003,0.00613975
Ir03,24.1385925,0.00730525
Ir03,24.204097500000003,0.008608
Ir03,24.269602500000005,0.0100475
Ir03,24.335107500000003,0.011777
Ir03,24.4006125,0.013631
Ir03,24.466117500000003,0.01535475
Ir03,24.531622500000005,0.0174005
Ir03,24.597127500000003,0.0195695
Ir03,24.6626325,0.021627
Ir03,24.728137500000003,0.02388375
Ir03,24.793642500000004,0.02590575
Ir03,24.859147500000002,0.028059
Ir03,24.9246525,0.03003425
Ir03,24.990157500000002,0.03194775
Ir03,25.055662500000004,0.03353775
Ir03,25.121167500000002,0.034963
Ir03,25.186672500000004,0.0362295
Ir03,25.252177500000002,0.0368035
Ir03,25.317682500000004,0.03787425
Ir03,25.383187500000005,0.03798075
Ir03,25.448692500000003,0.037805
Ir03,25.5141975,0.037325
Ir03,25.579702500000003,0.036882
Ir03,25.645207500000005,0.03573725
Ir03,25.710712500000003,0.03439625
Ir03,25.7762175,0.03276025
Ir03,25.841722500000003,0.0309445
Ir03,25.907227500000005,0.029192
Ir03,25.972732500000003,0.02692925
Ir03,26.0382375,0.02488475
Ir03,26.103742500000003,0.02255225
Ir03,26.169247500000004,0.02037675
Ir03,26.234752500000003,0.0180915
Ir03,26.3002575,0.01619725
Ir03,26.365762500000002,0.01414525
Ir03,26.431267500000004,0.012168
Ir03,26.496772500000002,0.0103835
Ir03,26.562277500000004,0.0088275
Ir03,26.627782500000002,0.007514
Ir03,26.693287500000004,0.00616375
Ir03,26.758792500000006,0.00504625
Ir03,26.824297500000004,0.004094
Ir03,26.889802500000002,0.003384
Ir03,26.955307500000004,0.002632
Ir03,27.020812500000005,0.00206225
Ir03,27.086317500000003,0.0015885
Ir03,27.1518225,0.001267
Ir03,27.217327500000003,0.000947
Ir03,27.282832500000005,0.00072625
Ir03,27.348337500000003,0.0005125
Ir03,27.4138425,0.0003965
Ir03,27.479347500000003,0.000269
Ir03,27.544852500000005,0.000209
Ir03,27.610357500000003,0.00014
Ir03,27.6758625,0.000103
Ir03,27.741367500000003,6.55e-05
Ir03,27.806872500000004,4.6e-05
Ir03,27.872377500000002,3.225e-05
Ir03,27.937882500000004,1.775e-05
Ir03,28.003387500000002,1.15e-05
Ir03,28.068892500000004,7.75e-06
Ir03,28.134397500000006,6e-06
Ir03,28.199902500000004,3.25e-06
Ir03,28.265407500000002,3.25e-06
Ir03,28.330912500000004,7.5e-07
Ir03,28.396417500000005,1.5e-06
Ir03,28.461922500000004,7.5e-07
Ir03,28.5274275,2.5e-07
Ir03,28.592932500000003,2.5e-07
Ir03,28.658437500000005,2.5e-07
Ir03,28.723942500000003,0.0
Ir03,28.7894475,0.0
Ir03,28.854952500000003,0.0
Cu03,21.583897500000003,6.666666666666667e-07
Cu03,21.6494025,6.666666666666667e-07
Cu03,21.714907500000002,1.3333333333333334e-06
Cu03,21.780412500000004,6.666666666666667e-07
Cu03,21.845917500000002,4.666666666666666e-06
Cu03,21.9114225,4e-06
Cu03,21.976927500000002,6e-06
Cu03,22.042432500000004,1.2666666666666667e-05
Cu03,22.107937500000002,1.3333333333333333e-05
Cu03,22.1734425,2.2e-05
Cu03,22.238947500000002,2.966666666666667e-05
Cu03,22.304452500000004,5.266666666666667e-05
Cu03,22.3699575,6.433333333333333e-05
Cu03,22.435462500000003,9.7e-05
Cu03,22.5009675,0.00014833333333333332
Cu03,22.566472500000003,0.000185
Cu03,22.631977500000005,0.00025266666666666666
Cu03,22.697482500000003,0.000364
Cu03,22.7629875,0.000487
Cu03,22.828492500000003,0.0006533333333333333
Cu03,22.893997500000005,0.0008576666666666666
Cu03,22.959502500000003,0.0011523333333333333
Cu03,23.0250075,0.0014753333333333333
Cu03,23.090512500000003,0.0018986666666666668
Cu03,23.156017500000004,0.0023586666666666665
Cu03,23.221522500000003,0.003045
Cu03,23.2870275,0.0037776666666666666
Cu03,23.352532500000002,0.004637
Cu03,23.418037500000004,0.005673666666666666
Cu03,23.483542500000002,0.006916333333333333
Cu03,23.5490475,0.008321333333333333
Cu03,23.614552500000002,0.009844333333333333
Cu03,23.680057500000004,0.011509
Cu03,23.745562500000002,0.013419333333333333
Cu03,23.811067500000004,0.015544666666666667
Cu03,23.8765725,0.017708666666666668
Cu03,23.942077500000003,0.019984333333333333
Cu03,24.007582500000005,0.02234533333333333
Cu03,24.073087500000003,0.024904
Cu03,24.1385925,0.027194
Cu03,24.204097500000003,0.029600666666666667
Cu03,24.269602500000005,0.031787
Cu03,24.335107500000003,0.033884333333333336
Cu03,24.4006125,0.035759
Cu03,24.466117500000003,0.03719
Cu03,24.531622500000005,0.038761666666666666
Cu03,24.597127500000003,0.03961133333333333
Cu03,24.6626325,0.03989
Cu03,24.728137500000003,0.03997766666666667
Cu03,24.793642500000004,0.040002
Cu03,24.859147500000002,0.03941066666666666
Cu03,24.9246525,0.038097
Cu03,24.990157500000002,0.03664
Cu03,25.055662500000004,0.03521866666666667
Cu03,25.121167500000002,0.033141666666666666
Cu03,25.186672500000004,0.030804
Cu03,25.252177500000002,0.028545
Cu03,25.317682500000004,0.026209
Cu03,25.383187500000005,0.023592
Cu03,25.448692500000003,0.021161666666666665
Cu03,25.5141975,0.018865
Cu03,25.579702500000003,0.016503
Cu03,25.645207500000005,0.01418
Cu03,25.710712500000003,0.012142666666666666
Cu03,25.7762175,0.010463666666666666
Cu03,25.841722500000003,0.008765333333333333
Cu03,25.907227500000005,0.007216333333333333
Cu03,25.972732500000003,0.005847333333333334
Cu03,26.0382375,0.004866333333333334
Cu03,26.103742500000003,0.003947333333333333
Cu03,26.169247500000004,0.003072333333333333
Cu03,26.234752500000003,0.0024066666666666668
Cu03,26.3002575,0.0018746666666666666
Cu03,26.365762500000002,0.001493
Cu03,26.431267500000004,0.0011076666666666667
Cu03,26.496772500000002,0.000852
Cu03,26.562277500000004,0.0005963333333333334
Cu03,26.627782500000002,0.0004583333333333333
Cu03,26.693287500000004,0.000332
Cu03,26.758792500000006,0.00023433333333333333
Cu03,26.824297500000004,0.00017366666666666667
Cu03,26.889802500000002,0.00012033333333333334
Cu03,26.955307500000004,7.3e-05
Cu03,27.020812500000005,5.433333333333333e-05
Cu03,27.086317500000003,3.733333333333333e-05
Cu03,27.1518225,2.2333333333333332e-05
Cu03,27.217327500000003,1.5666666666666667e-05
Cu03,27.282832500000005,8.666666666666666e-06
Cu03,27.348337500000003,6e-06
Cu03,27.4138425,5e-06
Cu03,27.479347500000003,3.3333333333333333e-06
Cu03,27.544852500000005,1.3333333333333334e-06
Cu03,27.610357500000003,2e-06
Cu03,27.6758625,6.666666666666667e-07
Cu03,27.741367500000003,3.3333333333333335e-07
Cu03,27.806872500000004,3.3333333333333335e-07
Cu03,27.872377500000002,3.3333333333333335e-07
Cu03,27.937882500000004,0.0
Cu03,28.003387500000002,0.0
Cu03,28.068892500000004,0.0
Fe03,21.059857500000003,1e-06
Fe03,21.1253625,1e-06
Fe03,21.190867500000003,6.666666666666667e-07
Fe03,21.256372500000005,1e-06
Fe03,21.321877500000003,5.666666666666667e-06
Fe03,21.3873825,4e-06
Fe03,21.452887500000003,6.666666666666667e-06
Fe03,21.518392500000004,1.1333333333333334e-05
Fe03,21.583897500000003,1.5333333333333334e-05
Fe03,21.6494025,2.2e-05
Fe03,21.714907500000002,3.1666666666666666e-05
Fe03,21.780412500000004,5.2333333333333336e-05
Fe03,21.845917500000002,6.633333333333334e-05
Fe03,21.9114225,9.733333333333333e-05
Fe03,21.976927500000002,0.000144
Fe03,22.042432500000004,0.00018866666666666665
Fe03,22.107937500000002,0.00024733333333333335
Fe03,22.1734425,0.00036
Fe03,22.238947500000002,0.0004786666666666667
Fe03,22.304452500000004,0.000642
Fe03,22.3699575,0.00084
Fe03,22.435462500000003,0.0011106666666666667
Fe03,22.5009675,0.0014383333333333333
Fe03,22.566472500000003,0.0018336666666666666
Fe03,22.631977500000005,0.0022893333333333333
Fe03,22.697482500000003,0.0029206666666666665
Fe03,22.7629875,0.0036613333333333333
Fe03,22.828492500000003,0.004427
Fe03,22.893997500000005,0.005456666666666667
Fe03,22.959502500000003,0.006625666666666667
Fe03,23.0250075,0.007983666666666667
Fe03,23.090512500000003,0.009488666666666666
Fe03,23.156017500000004,0.011013333333333333
Fe03,23.221522500000003,0.012880666666666667
Fe03,23.2870275,0.014931333333333333
Fe03,23.352532500000002,0.017013666666666667
Fe03,23.418037500000004,0.019266333333333333
Fe03,23.483542500000002,0.021490333333333334
Fe03,23.5490475,0.024033666666666665
Fe03,23.614552500000002,0.026335
Fe03,23.680057500000004,0.028613333333333334
Fe03,23.745562500000002,0.030852333333333332
Fe03,23.811067500000004,0.03299833333333333
Fe03,23.8765725,0.03480066666666667
Fe03,23.942077500000003,0.03645933333333334
Fe03,24.007582500000005,0.03796033333333333
Fe03,24.073087500000003,0.038906333333333334
Fe03,24.1385925,0.039497
Fe03,24.204097500000003,0.03956266666666667
Fe03,24.269602500000005,0.03973033333333333
Fe03,24.335107500000003,0.039293666666666664
Fe03,24.4006125,0.03826633333333333
Fe03,24.466117500000003,0.03680166666666667
Fe03,24.531622500000005,0.03557133333333334
Fe03,24.597127500000003,0.03383733333333333
Fe03,24.6626325,0.031393
Fe03,24.728137500000003,0.029255333333333335
Fe03,24.793642500000004,0.027052333333333334
Fe03,24.859147500000002,0.024553666666666668
Fe03,24.9246525,0.022023333333333332
Fe03,24.990157500000002,0.019638666666666665
Fe03,25.055662500000004,0.017471333333333332
Fe03,25.121167500000002,0.015157
Fe03,25.186672500000004,0.013021
Fe03,25.252177500000002,0.01115
Fe03,25.317682500000004,0.009494333333333334
Fe03,25.383187500000005,0.007938
Fe03,25.448692500000003,0.006511
Fe03,25.5141975,0.005343666666666667
Fe03,25.579702500000003,0.004369666666666667
Fe03,25.645207500000005,0.0035106666666666667
Fe03,25.710712500000003,0.0027256666666666666
Fe03,25.7762175,0.0021823333333333334
Fe03,25.841722500000003,0.0016973333333333332
Fe03,25.907227500000005,0.0013083333333333334
Fe03,25.972732500000003,0.0009953333333333333
Fe03,26.0382375,0.0007263333333333333
Fe03,26.103742500000003,0.000556
Fe03,26.169247500000004,0.000393
Fe03,26.234752500000003,0.000297
Fe03,26.3002575,0.00020933333333333334
Fe03,26.365762500000002,0.00015233333333333334
Fe03,26.431267500000004,9.6e-05
Fe03,26.496772500000002,7.133333333333334e-05
Fe03,26.562277500000004,4.8666666666666666e-05
Fe03,26.627782500000002,2.9e-05
Fe03,26.693287500000004,2.0333333333333334e-05
Fe03,26.758792500000006,1.4e-05
Fe03,26.824297500000004,8e-06
Fe03,26.889802500000002,6e-06
Fe03,26.955307500000004,5.666666666666667e-06
Fe03,27.020812500000005,2.333333333333333e-06
Fe03,27.086317500000003,1e-06
Fe03,27.1518225,1.3333333333333334e-06
Fe03,27.217327500000003,1e-06
Fe03,27.282832500000005,3.3333333333333335e-07
Fe03,27.348337500000003,3.3333333333333335e-07
Fe03,27.4138425,3.3333333333333335e-07
Fe03,27.479347500000003,0.0
Fe03,27.544852500000005,0.0
Ni04,20.470312500000002,6.666666666666667e-07
Ni04,20.5358175,6.666666666666667e-07
Ni04,20.601322500000002,1e-06
Ni04,20.666827500000004,1e-06
Ni04,20.732332500000002,3.6666666666666666e-06
Ni04,20.7978375,4e-06
Ni04,20.8633425,5.666666666666667e-06
Ni04,20.928847500000003,1.1e-05
Ni04,20.994352500000005,9.333333333333333e-06
Ni04,21.059857500000003,1.9e-05
Ni04,21.1253625,2.6e-05
Ni04,21.190867500000003,3.933333333333333e-05
Ni04,21.256372500000005,5.3e-05
Ni04,21.321877500000003,7.7e-05
Ni04,21.3873825,0.00011533333333333334
Ni04,21.452887500000003,0.00015233333333333334
Ni04,21.518392500000004,0.00020933333333333334
Ni04,21.583897500000003,0.00027
Ni04,21.6494025,0.00038666666666666667
Ni04,21.714907500000002,0.0005073333333333334
Ni04,21.780412500000004,0.000681
Ni04,21.845917500000002,0.0008843333333333333
Ni04,21.9114225,0.0011616666666666668
Ni04,21.976927500000002,0.0014896666666666667
Ni04,22.042432500000004,0.0018813333333333334
Ni04,22.107937500000002,0.0023136666666666666
Ni04,22.1734425,0.0029876666666666667
Ni04,22.238947500000002,0.003646
Ni04,22.304452500000004,0.004476
Ni04,22.3699575,0.005464
Ni04,22.435462500000003,0.006576333333333333
Ni04,22.5009675,0.007885666666666666
Ni04,22.566472500000003,0.009314666666666667
Ni04,22.631977500000005,0.010864
Ni04,22.697482500000003,0.012585
Ni04,22.7629875,0.014628
Ni04,22.828492500000003,0.016540333333333334
Ni04,22.893997500000005,0.018720333333333332
Ni04,22.959502500000003,0.020834333333333333
Ni04,23.0250075,0.023341666666666667
Ni04,23.090512500000003,0.025550666666666666
Ni04,23.156017500000004,0.027714
Ni04,23.221522500000003,0.029883333333333335
Ni04,23.2870275,0.032003
Ni04,23.352532500000002,0.033785
Ni04,23.418037500000004,0.035436333333333334
Ni04,23.483542500000002,0.036817666666666665
Ni04,23.5490475,0.037973
Ni04,23.614552500000002,0.03862633333333333
Ni04,23.680057500000004,0.038872666666666666
Ni04,23.745562500000002,0.038914333333333335
Ni04,23.811067500000004,0.03878533333333333
Ni04,23.8765725,0.03795133333333333
Ni04,23.942077500000003,0.03662833333333333
Ni04,24.007582500000005,0.035471333333333334
Ni04,24.073087500000003,0.03386
Ni04,24.1385925,0.03194333333333333
Ni04,24.204097500000003,0.029596333333333332
Ni04,24.269602500000005,0.027618
Ni04,24.335107500000003,0.025333666666666668
Ni04,24.4006125,0.022807333333333332
Ni04,24.466117500000003,0.020568333333333334
Ni04,24.531622500000005,0.018377333333333332
Ni04,24.597127500000003,0.016139333333333332
Ni04,24.6626325,0.013900333333333334
Ni04,24.728137500000003,0.012049
Ni04,24.793642500000004,0.01036
Ni04,24.859147500000002,0.008734333333333334
Ni04,24.9246525,0.00727
Ni04,24.990157500000002,0.00594
Ni04,25.055662500000004,0.0049703333333333335
Ni04,25.121167500000002,0.004032
Ni04,25.186672500000004,0.003227666666666667
Ni04,25.252177500000002,0.002511
Ni04,25.317682500000004,0.00198
Ni04,25.383187500000005,0.0016066666666666666
Ni04,25.448692500000003,0.0011993333333333333
Ni04,25.5141975,0.000923
Ni04,25.579702500000003,0.0006746666666666666
Ni04,25.645207500000005,0.000517
Ni04,25.710712500000003,0.0003696666666666667
Ni04,25.7762175,0.0002756666666666667
Ni04,25.841722500000003,0.00019366666666666667
Ni04,25.907227500000005,0.00014533333333333333
Ni04,25.972732500000003,9.3e-05
Ni04,26.0382375,6.8e-05
Ni04,26.103742500000003,4.8e-05
Ni04,26.169247500000004,2.8e-05
Ni04,26.234752500000003,1.9e-05
Ni04,26.3002575,1.4e-05
Ni04,26.365762500000002,7.333333333333333e-06
Ni04,26.431267500000004,5.666666666666667e-06
Ni04,26.496772500000002,6e-06
Ni04,26.562277500000004,2e-06
Ni04,26.627782500000002,1e-06
Ni04,26.693287500000004,2e-06
Ni04,26.758792500000006,6.666666666666667e-07
Ni04,26.824297500000004,3.3333333333333335e-07
Ni04,26.889802500000002,3.3333333333333335e-07
Ni04,26.955307500000004,3.3333333333333335e-07
Ni04,27.020812500000005,0.0
Ni04,27.086317500000003,0.0
Ni04,27.1518225,0.0
Ir04,19.4222325,2.5e-07
Ir04,19.4877375,5e-07
Ir04,19.553242500000003,0.0
Ir04,19.618747500000005,5e-07
Ir04,19.684252500000003,5e-07
Ir04,19.7497575,3e-06
Ir04,19.815262500000003,3.25e-06
Ir04,19.880767500000005,3.75e-06
Ir04,19.946272500000003,8.5e-06
Ir04,20.0117775,6e-06
Ir04,20.077282500000003,1.275e-05
Ir04,20.142787500000004,1.975e-05
Ir04,20.208292500000002,2.65e-05
Ir04,20.2737975,3.95e-05
Ir04,20.339302500000002,5.075e-05
Ir04,20.404807500000004,7.7e-05
Ir04,20.470312500000002,0.00010775
Ir04,20.5358175,0.0001325
Ir04,20.601322500000002,0.00018475
Ir04,20.666827500000004,0.00024475
Ir04,20.732332500000002,0.000333
Ir04,20.7978375,0.000445
Ir04,20.8633425,0.000563
Ir04,20.928847500000003,0.00073725
Ir04,20.994352500000005,0.00093925
Ir04,21.059857500000003,0.0011805
Ir04,21.1253625,0.00148675
Ir04,21.190867500000003,0.001853
Ir04,21.256372500000005,0.00231075
Ir04,21.321877500000003,0.00281125
Ir04,21.3873825,0.00343625
Ir04,21.452887500000003,0.00414175
Ir04,21.518392500000004,0.00495225
Ir04,21.583897500000003,0.005967
Ir04,21.6494025,0.00694775
Ir04,21.714907500000002,0.00806375
Ir04,21.780412500000004,0.0093645
Ir04,21.845917500000002,0.010826
Ir04,21.9114225,0.012424
Ir04,21.976927500000002,0.01389225
Ir04,22.042432500000004,0.015643
Ir04,22.107937500000002,0.01738025
Ir04,22.1734425,0.019287
Ir04,22.238947500000002,0.02120675
Ir04,22.304452500000004,0.0229305
Ir04,22.3699575,0.0247965
Ir04,22.435462500000003,0.02663225
Ir04,22.5009675,0.02822725
Ir04,22.566472500000003,0.029986
Ir04,22.631977500000005,0.03131025
Ir04,22.697482500000003,0.0325105
Ir04,22.7629875,0.033655
Ir04,22.828492500000003,0.0341145
Ir04,22.893997500000005,0.03514975
Ir04,22.959502500000003,0.03529375
Ir04,23.0250075,0.03534575
Ir04,23.090512500000003,0.03504675
Ir04,23.156017500000004,0.03439525
Ir04,23.221522500000003,0.0340215
Ir04,23.2870275,0.03282775
Ir04,23.352532500000002,0.03157175
Ir04,23.418037500000004,0.03018575
Ir04,23.483542500000002,0.02858025
Ir04,23.5490475,0.02697975
Ir04,23.614552500000002,0.0250625
Ir04,23.680057500000004,0.02325425
Ir04,23.745562500000002,0.02118575
Ir04,23.811067500000004,0.0194
Ir04,23.8765725,0.01735
Ir04,23.942077500000003,0.01554675
Ir04,24.007582500000005,0.013902
Ir04,24.073087500000003,0.012109
Ir04,24.1385925,0.01046725
Ir04,24.204097500000003,0.008946
Ir04,24.269602500000005,0.0078505
Ir04,24.335107500000003,0.00656925
Ir04,24.4006125,0.00546275
Ir04,24.466117500000003,0.00451025
Ir04,24.531622500000005,0.00371525
Ir04,24.597127500000003,0.003111
Ir04,24.6626325,0.002458
Ir04,24.728137500000003,0.00194675
Ir04,24.793642500000004,0.0015405
Ir04,24.859147500000002,0.00122325
Ir04,24.9246525,0.00095225
Ir04,24.990157500000002,0.00073875
Ir04,25.055662500000004,0.00053925
Ir04,25.121167500000002,0.00040225
Ir04,25.186672500000004,0.00030575
Ir04,25.252177500000002,0.00022475
Ir04,25.317682500000004,0.000164
Ir04,25.383187500000005,0.00012375
Ir04,25.448692500000003,8.75e-05
Ir04,25.5141975,5.325e-05
Ir04,25.579702500000003,4.125e-05
Ir04,25.645207500000005,2.825e-05
Ir04,25.710712500000003,1.675e-05
Ir04,25.7762175,1.1e-05
Ir04,25.841722500000003,7e-06
Ir04,25.907227500000005,6e-06
Ir04,25.972732500000003,3.25e-06
Ir04,26.0382375,3.5e-06
Ir04,26.103742500000003,1.25e-06
Ir04,26.169247500000004,1.25e-06
Ir04,26.234752500000003,7.5e-07
Ir04,26.3002575,5e-07
Ir04,26.365762500000002,0.0
Ir04,26.431267500000004,5e-07
Ir04,26.496772500000002,0.0
Ir04,26.562277500000004,0.0
Ir04,26.627782500000002,0.0
Cu04,18.832687500000002,6.666666666666667e-07
Cu04,18.8981925,3.3333333333333335e-07
Cu04,18.963697500000002,1e-06
Cu04,19.029202500000004,1e-06
Cu04,19.094707500000002,1.3333333333333334e-06
Cu04,19.1602125,4.666666666666666e-06
Cu04,19.225717500000002,4.333333333333333e-06
Cu04,19.291222500000003,5.666666666666667e-06
Cu04,19.3567275,1.1e-05
Cu04,19.4222325,1.2333333333333333e-05
Cu04,19.4877375,1.8333333333333333e-05
Cu04,19.553242500000003,2.7e-05
Cu04,19.618747500000005,3.866666666666667e-05
Cu04,19.684252500000003,5.1e-05
Cu04,19.7497575,7.366666666666666e-05
Cu04,19.815262500000003,0.00010766666666666666
Cu04,19.880767500000005,0.000144
Cu04,19.946272500000003,0.00018866666666666665
Cu04,20.0117775,0.000247
Cu04,20.077282500000003,0.00033666666666666665
Cu04,20.142787500000004,0.000452
Cu04,20.208292500000002,0.0005826666666666667
Cu04,20.2737975,0.0007503333333333333
Cu04,20.339302500000002,0.000984
Cu04,20.404807500000004,0.0012436666666666666
Cu04,20.470312500000002,0.0015856666666666666
Cu04,20.5358175,0.0019383333333333334
Cu04,20.601322500000002,0.0024293333333333333
Cu04,20.666827500000004,0.0030266666666666667
Cu04,20.732332500000002,0.00366
Cu04,20.7978375,0.004463333333333333
Cu04,20.8633425,0.005321333333333333
Cu04,20.928847500000003,0.006412333333333333
Cu04,20.994352500000005,0.007606666666666667
Cu04,21.059857500000003,0.008881
Cu04,21.1253625,0.010290333333333334
Cu04,21.190867500000003,0.011816
Cu04,21.256372500000005,0.013693333333333333
Cu04,21.321877500000003,0.015500666666666666
Cu04,21.3873825,0.017386333333333334
Cu04,21.452887500000003,0.019248
Cu04,21.518392500000004,0.021443
Cu04,21.583897500000003,0.023674666666666667
Cu04,21.6494025,0.025562
Cu04,21.714907500000002,0.027563666666666667
Cu04,21.780412500000004,0.02955
Cu04,21.845917500000002,0.031309666666666666
Cu04,21.9114225,0.03294366666666667
Cu04,21.976927500000002,0.03420433333333334
Cu04,22.042432500000004,0.03562333333333333
Cu04,22.107937500000002,0.03647466666666667
Cu04,22.1734425,0.036907
Cu04,22.238947500000002,0.037136
Cu04,22.304452500000004,0.03724533333333333
Cu04,22.3699575,0.03696133333333333
Cu04,22.435462500000003,0.03623333333333333
Cu04,22.5009675,0.03504
Cu04,22.566472500000003,0.033893
Cu04,22.631977500000005,0.032635
Cu04,22.697482500000003,0.030763
Cu04,22.7629875,0.028740666666666668
Cu04,22.828492500000003,0.026809666666666666
Cu04,22.893997500000005,0.024782
Cu04,22.959502500000003,0.022634
Cu04,23.0250075,0.02041
Cu04,23.090512500000003,0.018368666666666665
Cu04,23.156017500000004,0.016377333333333334
Cu04,23.221522500000003,0.014297333333333334
Cu04,23.2870275,0.012451666666666666
Cu04,23.352532500000002,0.010744666666666666
Cu04,23.418037500000004,0.009318666666666666
Cu04,23.483542500000002,0.007873
Cu04,23.5490475,0.006567333333333333
Cu04,23.614552500000002,0.005385666666666667
Cu04,23.680057500000004,0.004524
Cu04,23.745562500000002,0.003735
Cu04,23.811067500000004,0.00297
Cu04,23.8765725,0.0023463333333333335
Cu04,23.942077500000003,0.001854
Cu04,24.007582500000005,0.0015353333333333334
Cu04,24.073087500000003,0.001153
Cu04,24.1385925,0.0008966666666666667
Cu04,24.204097500000003,0.0006613333333333333
Cu04,24.269602500000005,0.000516
Cu04,24.335107500000003,0.00037033333333333335
Cu04,24.4006125,0.00028066666666666664
Cu04,24.466117500000003,0.00020433333333333333
Cu04,24.531622500000005,0.00015333333333333334
Cu04,24.597127500000003,0.000107
Cu04,24.6626325,6.466666666666666e-05
Cu04,24.728137500000003,5.3e-05
Cu04,24.793642500000004,3.566666666666667e-05
Cu04,24.859147500000002,2.1666666666666667e-05
Cu04,24.9246525,1.6e-05
Cu04,24.990157500000002,9e-06
Cu04,25.055662500000004,6.333333333333333e-06
Cu04,25.121167500000002,4.666666666666666e-06
Cu04,25.186672500000004,4.666666666666666e-06
Cu04,25.252177500000002,1.6666666666666667e-06
Cu04,25.317682500000004,1.6666666666666667e-06
Cu04,25.383187500000005,1.3333333333333334e-06
Cu04,25.448692500000003,3.3333333333333335e-07
Cu04,25.5141975,3.3333333333333335e-07
Cu04,25.579702500000003,3.3333333333333335e-07
Cu04,25.645207500000005,3.3333333333333335e-07
Cu04,25.710712500000003,0.0
Cu04,25.7762175,0.0
Cu04,25.841722500000003,0.0
Ni05,18.177637500000003,6.666666666666667e-07
Ni05,18.243142500000005,3.3333333333333335e-07
Ni05,18.308647500000003,1e-06
Ni05,18.3741525,1e-06
Ni05,18.439657500000003,6.666666666666667e-07
Ni05,18.505162500000004,4.666666666666666e-06
Ni05,18.570667500000003,3.3333333333333333e-06
Ni05,18.6361725,5.666666666666667e-06
Ni05,18.701677500000002,1e-05
Ni05,18.767182500000004,8.666666666666666e-06
Ni05,18.832687500000002,1.8333333333333333e-05
Ni05,18.8981925,2.0333333333333334e-05
Ni05,18.963697500000002,3.1e-05
Ni05,19.029202500000004,5.333333333333333e-05
Ni05,19.094707500000002,5.766666666666667e-05
Ni05,19.1602125,8.7e-05
Ni05,19.225717500000002,0.00012733333333333333
Ni05,19.291222500000003,0.00015
Ni05,19.3567275,0.00021033333333333334
Ni05,19.4222325,0.000278
Ni05,19.4877375,0.000368
Ni05,19.553242500000003,0.0004946666666666667
Ni05,19.618747500000005,0.000627
Ni05,19.684252500000003,0.0008013333333333334
Ni05,19.7497575,0.0010476666666666666
Ni05,19.815262500000003,0.0013003333333333332
Ni05,19.880767500000005,0.0016416666666666667
Ni05,19.946272500000003,0.002001
Ni05,20.0117775,0.002483
Ni05,20.077282500000003,0.0030903333333333334
Ni05,20.142787500000004,0.0037136666666666668
Ni05,20.208292500000002,0.004477666666666666
Ni05,20.2737975,0.005298
Ni05,20.339302500000002,0.006393666666666666
Ni05,20.404807500000004,0.007545666666666667
Ni05,20.470312500000002,0.008734333333333334
Ni05,20.5358175,0.010108333333333334
Ni05,20.601322500000002,0.011558666666666667
Ni05,20.666827500000004,0.013337
Ni05,20.732332500000002,0.015058333333333333
Ni05,20.7978375,0.016866333333333334
Ni05,20.8633425,0.018656666666666665
Ni05,20.928847500000003,0.020722666666666667
Ni05,20.994352500000005,0.022838333333333332
Ni05,21.059857500000003,0.024693333333333334
Ni05,21.1253625,0.026635666666666665
Ni05,21.190867500000003,0.028383
Ni05,21.256372500000005,0.03027933333333333
Ni05,21.321877500000003,0.031772666666666664
Ni05,21.3873825,0.033097666666666664
Ni05,21.452887500000003,0.034506
Ni05,21.518392500000004,0.035299333333333335
Ni05,21.583897500000003,0.036132
Ni05,21.6494025,0.036193666666666666
Ni05,21.714907500000002,0.036310666666666665
Ni05,21.780412500000004,0.03639133333333333
Ni05,21.845917500000002,0.03579966666666667
Ni05,21.9114225,0.034806333333333335
Ni05,21.976927500000002,0.033647333333333335
Ni05,22.042432500000004,0.032537
Ni05,22.107937500000002,0.031065333333333334
Ni05,22.1734425,0.029224666666666666
Ni05,22.238947500000002,0.027309
Ni05,22.304452500000004,0.02536
Ni05,22.3699575,0.023534666666666666
Ni05,22.435462500000003,0.021228666666666667
Ni05,22.5009675,0.019253
Ni05,22.566472500000003,0.017423666666666667
Ni05,22.631977500000005,0.015332666666666666
Ni05,22.697482500000003,0.013463333333333334
Ni05,22.7629875,0.011664666666666667
Ni05,22.828492500000003,0.010226333333333334
Ni05,22.893997500000005,0.008775
Ni05,22.959502500000003,0.007391
Ni05,23.0250075,0.006213333333333334
Ni05,23.090512500000003,0.005109333333333333
Ni05,23.156017500000004,0.004321
Ni05,23.221522500000003,0.0035426666666666666
Ni05,23.2870275,0.002838
Ni05,23.352532500000002,0.002259
Ni05,23.418037500000004,0.0017816666666666666
Ni05,23.483542500000002,0.001477
Ni05,23.5490475,0.001116
Ni05,23.614552500000002,0.0008723333333333334
Ni05,23.680057500000004,0.0006506666666666667
Ni05,23.745562500000002,0.000506
Ni05,23.811067500000004,0.00036033333333333333
Ni05,23.8765725,0.00028033333333333333
Ni05,23.942077500000003,0.000202
Ni05,24.007582500000005,0.000158
Ni05,24.073087500000003,0.000109
Ni05,24.1385925,6.8e-05
Ni05,24.204097500000003,5.5e-05
Ni05,24.269602500000005,3.733333333333333e-05
Ni05,24.335107500000003,2.2333333333333332e-05
Ni05,24.4006125,1.6e-05
Ni05,24.466117500000003,1e-05
Ni05,24.531622500000005,7e-06
Ni05,24.597127500000003,5.666666666666667e-06
Ni05,24.6626325,4.333333333333333e-06
Ni05,24.728137500000003,2.333333333333333e-06
Ni05,24.793642500000004,6.666666666666667e-07
Ni05,24.859147500000002,2e-06
Ni05,24.9246525,6.666666666666667e-07
Ni05,24.990157500000002,3.3333333333333335e-07
Ni05,25.055662500000004,3.3333333333333335e-07
Ni05,25.121167500000002,3.3333333333333335e-07
Ni05,25.186672500000004,0.0
Ni05,25.252177500000002,0.0
Ni05,25.317682500000004,0.0
Ir05,17.129557500000004,4e-07
Ir05,17.195062500000002,4e-07
Ir05,17.2605675,4e-07
Ir05,17.326072500000002,8e-07
Ir05,17.391577500000004,1.2e-06
Ir05,17.457082500000002,2.6e-06
Ir05,17.5225875,2.4e-06
Ir05,17.588092500000002,3.2e-06
Ir05,17.653597500000004,7.2e-06
Ir05,17.7191025,6.8e-06
Ir05,17.7846075,9.4e-06
Ir05,17.8501125,1.42e-05
Ir05,17.915617500000003,2.12e-05
Ir05,17.9811225,3.1e-05
Ir05,18.0466275,3.7e-05
Ir05,18.1121325,5.32e-05
Ir05,18.177637500000003,7.54e-05
Ir05,18.243142500000005,9.94e-05
Ir05,18.308647500000003,0.000123
Ir05,18.3741525,0.0001656
Ir05,18.439657500000003,0.0002288
Ir05,18.505162500000004,0.000291
Ir05,18.570667500000003,0.0003712
Ir05,18.6361725,0.0004778
Ir05,18.701677500000002,0.0006248
Ir05,18.767182500000004,0.0007708
Ir05,18.832687500000002,0.0009748
Ir05,18.8981925,0.0012018
Ir05,18.963697500000002,0.0014792
Ir05,19.029202500000004,0.0018362
Ir05,19.094707500000002,0.002241
Ir05,19.1602125,0.0026638
Ir05,19.225717500000002,0.0032556
Ir05,19.291222500000003,0.003857
Ir05,19.3567275,0.0045886
Ir05,19.4222325,0.0054152
Ir05,19.4877375,0.0063198
Ir05,19.553242500000003,0.0073162
Ir05,19.618747500000005,0.0083812
Ir05,19.684252500000003,0.0097014
Ir05,19.7497575,0.0109598
Ir05,19.815262500000003,0.0123356
Ir05,19.880767500000005,0.0138088
Ir05,19.946272500000003,0.0154784
Ir05,20.0117775,0.0170288
Ir05,20.077282500000003,0.0186448
Ir05,20.142787500000004,0.020396
Ir05,20.208292500000002,0.022096
Ir05,20.2737975,0.0237326
Ir05,20.339302500000002,0.0252484
Ir05,20.404807500000004,0.0269194
Ir05,20.470312500000002,0.0283248
Ir05,20.5358175,0.0296412
Ir05,20.601322500000002,0.0308238
Ir05,20.666827500000004,0.0316554
Ir05,20.732332500000002,0.0325888
Ir05,20.7978375,0.033073
Ir05,20.8633425,0.0336136
Ir05,20.928847500000003,0.0335284
Ir05,20.994352500000005,0.0336094
Ir05,21.059857500000003,0.0332406
Ir05,21.1253625,0.032673
Ir05,21.190867500000003,0.031762
Ir05,21.256372500000005,0.0308164
Ir05,21.321877500000003,0.0298808
Ir05,21.3873825,0.0282338
Ir05,21.452887500000003,0.0269054
Ir05,21.518392500000004,0.0252252
Ir05,21.583897500000003,0.023758
Ir05,21.6494025,0.0218562
Ir05,21.714907500000002,0.0200562
Ir05,21.780412500000004,0.0184742
Ir05,21.845917500000002,0.0166918
Ir05,21.9114225,0.0149808
Ir05,21.976927500000002,0.0133482
Ir05,22.042432500000004,0.0118518
Ir05,22.107937500000002,0.0103252
Ir05,22.1734425,0.008958
Ir05,22.238947500000002,0.0078002
Ir05,22.304452500000004,0.0066268
Ir05,22.3699575,0.0056726
Ir05,22.435462500000003,0.0047312
Ir05,22.5009675,0.0039512
Ir05,22.566472500000003,0.0032752
Ir05,22.631977500000005,0.0026834
Ir05,22.697482500000003,0.0021956
Ir05,22.7629875,0.0017462
Ir05,22.828492500000003,0.0014114
Ir05,22.893997500000005,0.001118
Ir05,22.959502500000003,0.0008798
Ir05,23.0250075,0.0006836
Ir05,23.090512500000003,0.000527
Ir05,23.156017500000004,0.0003782
Ir05,23.221522500000003,0.0003088
Ir05,23.2870275,0.0002312
Ir05,23.352532500000002,0.0001682
Ir05,23.418037500000004,0.0001196
Ir05,23.483542500000002,9.08e-05
Ir05,23.5490475,6.44e-05
Ir05,23.614552500000002,4.04e-05
Ir05,23.680057500000004,3.44e-05
Ir05,23.745562500000002,2.24e-05
Ir05,23.811067500000004,1.24e-05
Ir05,23.8765725,9.8e-06
Ir05,23.942077500000003,6.6e-06
Ir05,24.007582500000005,4.4e-06
Ir05,24.073087500000003,3.2e-06
Ir05,24.1385925,2.8e-06
Ir05,24.204097500000003,1.8e-06
Ir05,24.269602500000005,4e-07
Ir05,24.335107500000003,1e-06
Ir05,24.4006125,4e-07
Ir05,24.466117500000003,4e-07
Ir05,24.531622500000005,2e-07
Ir05,24.597127500000003,0.0
Ir05,24.6626325,2e-07
Ir05,24.728137500000003,0.0
Ir05,24.793642500000004,0.0
Cu05,16.4090025,6.666666666666667e-07
Cu05,16.4745075,3.3333333333333335e-07
Cu05,16.540012500000003,6.666666666666667e-07
Cu05,16.6055175,1e-06
Cu05,16.6710225,6.666666666666667e-07
Cu05,16.7365275,2.333333333333333e-06
Cu05,16.802032500000003,4.333333333333333e-06
Cu05,16.867537500000005,4e-06
Cu05,16.933042500000003,5.666666666666667e-06
Cu05,16.9985475,1.0333333333333333e-05
Cu05,17.064052500000003,8.666666666666666e-06
Cu05,17.129557500000004,1.6666666666666667e-05
Cu05,17.195062500000002,2.2666666666666668e-05
Cu05,17.2605675,2.8e-05
Cu05,17.326072500000002,5.2333333333333336e-05
Cu05,17.391577500000004,5.1666666666666664e-05
Cu05,17.457082500000002,7.8e-05
Cu05,17.5225875,0.00010633333333333333
Cu05,17.588092500000002,0.00014033333333333332
Cu05,17.653597500000004,0.000186
Cu05,17.7191025,0.00023
Cu05,17.7846075,0.00031033333333333336
Cu05,17.8501125,0.00039433333333333334
Cu05,17.915617500000003,0.0005226666666666666
Cu05,17.9811225,0.0006543333333333334
Cu05,18.0466275,0.0008236666666666667
Cu05,18.1121325,0.0010513333333333334
Cu05,18.177637500000003,0.0013053333333333333
Cu05,18.243142500000005,0.001606
Cu05,18.308647500000003,0.001932
Cu05,18.3741525,0.0023736666666666667
Cu05,18.439657500000003,0.002921
Cu05,18.505162500000004,0.003463
Cu05,18.570667500000003,0.004167
Cu05,18.6361725,0.0048783333333333335
Cu05,18.701677500000002,0.005824333333333333
Cu05,18.767182500000004,0.006854333333333333
Cu05,18.832687500000002,0.00793
Cu05,18.8981925,0.009099333333333333
Cu05,18.963697500000002,0.0103
Cu05,19.029202500000004,0.011852
Cu05,19.094707500000002,0.013405333333333333
Cu05,19.1602125,0.014979333333333334
Cu05,19.225717500000002,0.016628
Cu05,19.291222500000003,0.018354666666666665
Cu05,19.3567275,0.020209666666666667
Cu05,19.4222325,0.022117333333333333
Cu05,19.4877375,0.023739333333333335
Cu05,19.553242500000003,0.025564
Cu05,19.618747500000005,0.027128
Cu05,19.684252500000003,0.028838666666666665
Cu05,19.7497575,0.030125333333333334
Cu05,19.815262500000003,0.031478
Cu05,19.880767500000005,0.03265166666666667
Cu05,19.946272500000003,0.03349566666666667
Cu05,20.0117775,0.034356
Cu05,20.077282500000003,0.034473666666666666
Cu05,20.142787500000004,0.034529
Cu05,20.208292500000002,0.034644666666666664
Cu05,20.2737975,0.03439433333333333
Cu05,20.339302500000002,0.033652666666666664
Cu05,20.404807500000004,0.032691333333333336
Cu05,20.470312500000002,0.031635666666666666
Cu05,20.5358175,0.030561
Cu05,20.601322500000002,0.029112333333333334
Cu05,20.666827500000004,0.027177
Cu05,20.732332500000002,0.025630333333333335
Cu05,20.7978375,0.023793
Cu05,20.8633425,0.022103
Cu05,20.928847500000003,0.020006666666666666
Cu05,20.994352500000005,0.018248666666666667
Cu05,21.059857500000003,0.016539333333333333
Cu05,21.1253625,0.014676
Cu05,21.190867500000003,0.012929666666666667
Cu05,21.256372500000005,0.011321333333333333
Cu05,21.321877500000003,0.0099
Cu05,21.3873825,0.008655333333333333
Cu05,21.452887500000003,0.007358333333333333
Cu05,21.518392500000004,0.006241333333333333
Cu05,21.583897500000003,0.005153
Cu05,21.6494025,0.004416333333333334
Cu05,21.714907500000002,0.0036536666666666666
Cu05,21.780412500000004,0.0029893333333333334
Cu05,21.845917500000002,0.002413
Cu05,21.9114225,0.001946
Cu05,21.976927500000002,0.001554
Cu05,22.042432500000004,0.001273
Cu05,22.107937500000002,0.0009833333333333332
Cu05,22.1734425,0.0007746666666666667
Cu05,22.238947500000002,0.0005633333333333333
Cu05,22.304452500000004,0.00046
Cu05,22.3699575,0.00033233333333333335
Cu05,22.435462500000003,0.000258
Cu05,22.5009675,0.00019133333333333334
Cu05,22.566472500000003,0.000144
Cu05,22.631977500000005,0.00010333333333333333
Cu05,22.697482500000003,6.6e-05
Cu05,22.7629875,5.2333333333333336e-05
Cu05,22.828492500000003,3.8333333333333334e-05
Cu05,22.893997500000005,2.0666666666666666e-05
Cu05,22.959502500000003,1.7333333333333332e-05
Cu05,23.0250075,1.1666666666666666e-05
Cu05,23.090512500000003,6.333333333333333e-06
Cu05,23.156017500000004,5.666666666666667e-06
Cu05,23.221522500000003,5e-06
Cu05,23.2870275,3.3333333333333333e-06
Cu05,23.352532500000002,6.666666666666667e-07
Cu05,23.418037500000004,2e-06
Cu05,23.483542500000002,1.3333333333333334e-06
Cu05,23.5490475,3.3333333333333335e-07
Cu05,23.614552500000002,0.0
Cu05,23.680057500000004,3.3333333333333335e-07
Cu05,23.745562500000002,3.3333333333333335e-07
Cu05,23.811067500000004,0.0
Cu05,23.8765725,0.0
Cu05,23.942077500000003,0.0
Ni06,15.688447500000002,5e-07
Ni06,15.7539525,5e-07
Ni06,15.819457500000002,5e-07
Ni06,15.8849625,7.5e-07
Ni06,15.950467500000002,1e-06
Ni06,16.0159725,2.75e-06
Ni06,16.081477500000002,3e-06
Ni06,16.1469825,4.5e-06
Ni06,16.2124875,6.25e-06
Ni06,16.277992500000003,8.5e-06
Ni06,16.3434975,8.5e-06
Ni06,16.4090025,1.475e-05
Ni06,16.4745075,2.125e-05
Ni06,16.540012500000003,2.6e-05
Ni06,16.6055175,4.05e-05
Ni06,16.6710225,4.925e-05
Ni06,16.7365275,7.025e-05
Ni06,16.802032500000003,8.95e-05
Ni06,16.867537500000005,0.0001185
Ni06,16.933042500000003,0.00015275
Ni06,16.9985475,0.00020375
Ni06,17.064052500000003,0.00026875
Ni06,17.129557500000004,0.0003305
Ni06,17.195062500000002,0.00042775
Ni06,17.2605675,0.00055825
Ni06,17.326072500000002,0.000712
Ni06,17.391577500000004,0.000866
Ni06,17.457082500000002,0.0010835
Ni06,17.5225875,0.00134225
Ni06,17.588092500000002,0.00162675
Ni06,17.653597500000004,0.00199425
Ni06,17.7191025,0.002455
Ni06,17.7846075,0.0029215
Ni06,17.8501125,0.00343025
Ni06,17.915617500000003,0.00418125
Ni06,17.9811225,0.0048745
Ni06,18.0466275,0.0057065
Ni06,18.1121325,0.00673
Ni06,18.177637500000003,0.00777025
Ni06,18.243142500000005,0.0088645
Ni06,18.308647500000003,0.01006325
Ni06,18.3741525,0.0116065
Ni06,18.439657500000003,0.012906
Ni06,18.505162500000004,0.0144265
Ni06,18.570667500000003,0.01611875
Ni06,18.6361725,0.01779625
Ni06,18.701677500000002,0.0194225
Ni06,18.767182500000004,0.02120225
Ni06,18.832687500000002,0.02292425
Ni06,18.8981925,0.02455425
Ni06,18.963697500000002,0.02622575
Ni06,19.029202500000004,0.02768175
Ni06,19.094707500000002,0.029201
Ni06,19.1602125,0.03042
Ni06,19.225717500000002,0.031571
Ni06,19.291222500000003,0.032522
Ni06,19.3567275,0.0333365
Ni06,19.4222325,0.033551
Ni06,19.4877375,0.0339525
Ni06,19.553242500000003,0.03402425
Ni06,19.618747500000005,0.0336915
Ni06,19.684252500000003,0.03331425
Ni06,19.7497575,0.0324835
Ni06,19.815262500000003,0.03173075
Ni06,19.880767500000005,0.03058
Ni06,19.946272500000003,0.029094
Ni06,20.0117775,0.027811
Ni06,20.077282500000003,0.02616475
Ni06,20.142787500000004,0.02445
Ni06,20.208292500000002,0.0225815
Ni06,20.2737975,0.02097575
Ni06,20.339302500000002,0.0191765
Ni06,20.404807500000004,0.01735875
Ni06,20.470312500000002,0.015586
Ni06,20.5358175,0.013987
Ni06,20.601322500000002,0.012339
Ni06,20.666827500000004,0.01081075
Ni06,20.732332500000002,0.009444
Ni06,20.7978375,0.008194
Ni06,20.8633425,0.00705875
Ni06,20.928847500000003,0.0059325
Ni06,20.994352500000005,0.00503
Ni06,21.059857500000003,0.004212
Ni06,21.1253625,0.0035245
Ni06,21.190867500000003,0.00289275
Ni06,21.256372500000005,0.002354
Ni06,21.321877500000003,0.00188925
Ni06,21.3873825,0.00154525
Ni06,21.452887500000003,0.00124675
Ni06,21.518392500000004,0.00097175
Ni06,21.583897500000003,0.00075525
Ni06,21.6494025,0.00059
Ni06,21.714907500000002,0.0004395
Ni06,21.780412500000004,0.0003405
Ni06,21.845917500000002,0.0002685
Ni06,21.9114225,0.000193
Ni06,21.976927500000002,0.000145
Ni06,22.042432500000004,0.00010925
Ni06,22.107937500000002,7.675e-05
Ni06,22.1734425,5.225e-05
Ni06,22.238947500000002,3.95e-05
Ni06,22.304452500000004,2.875e-05
Ni06,22.3699575,1.7e-05
Ni06,22.435462500000003,1.1e-05
Ni06,22.5009675,9.75e-06
Ni06,22.566472500000003,6e-06
Ni06,22.631977500000005,3.5e-06
Ni06,22.697482500000003,4.25e-06
Ni06,22.7629875,2e-06
Ni06,22.828492500000003,7.5e-07
Ni06,22.893997500000005,1.5e-06
Ni06,22.959502500000003,1e-06
Ni06,23.0250075,2.5e-07
Ni06,23.090512500000003,2.5e-07
Ni06,23.156017500000004,2.5e-07
Ni06,23.221522500000003,0.0
Ni06,23.2870275,2.5e-07
Ni06,23.352532500000002,0.0
Ni06,23.418037500000004,0.0
Ir06,14.443852500000002,0.0
Ir06,14.5093575,1.6666666666666668e-07
Ir06,14.574862500000002,1.6666666666666668e-07
Ir06,14.6403675,3.3333333333333335e-07
Ir06,14.705872500000002,1e-06
Ir06,14.771377500000003,5e-07
Ir06,14.836882500000002,2e-06
Ir06,14.902387500000003,1.8333333333333333e-06
Ir06,14.967892500000001,2.8333333333333335e-06
Ir06,15.033397500000003,4.333333333333333e-06
Ir06,15.098902500000001,5.666666666666667e-06
Ir06,15.164407500000003,5.666666666666667e-06
Ir06,15.229912500000001,8e-06
Ir06,15.295417500000003,1.4333333333333334e-05
Ir06,15.360922500000001,1.5333333333333334e-05
Ir06,15.426427500000003,2.4333333333333333e-05
Ir06,15.4919325,3.05e-05
Ir06,15.557437500000002,4.1666666666666665e-05
Ir06,15.6229425,5.316666666666667e-05
Ir06,15.688447500000002,7.383333333333333e-05
Ir06,15.7539525,8.9e-05
Ir06,15.819457500000002,0.000114
Ir06,15.8849625,0.00015283333333333333
Ir06,15.950467500000002,0.00019683333333333334
Ir06,16.0159725,0.00024366666666666666
Ir06,16.081477500000002,0.00031433333333333335
Ir06,16.1469825,0.000401
Ir06,16.2124875,0.0004901666666666666
Ir06,16.277992500000003,0.0006151666666666666
Ir06,16.3434975,0.0007643333333333333
Ir06,16.4090025,0.0009316666666666667
Ir06,16.4745075,0.0011196666666666666
Ir06,16.540012500000003,0.0013726666666666666
Ir06,16.6055175,0.0016815
Ir06,16.6710225,0.001980833333333333
Ir06,16.7365275,0.0023293333333333334
Ir06,16.802032500000003,0.0028346666666666668
Ir06,16.867537500000005,0.003319166666666667
Ir06,16.933042500000003,0.0038596666666666666
Ir06,16.9985475,0.0045355
Ir06,17.064052500000003,0.005317
Ir06,17.129557500000004,0.006001
Ir06,17.195062500000002,0.006869166666666667
Ir06,17.2605675,0.007932
Ir06,17.326072500000002,0.008961
Ir06,17.391577500000004,0.009930166666666667
Ir06,17.457082500000002,0.011260666666666667
Ir06,17.5225875,0.012483333333333334
Ir06,17.588092500000002,0.0137675
Ir06,17.653597500000004,0.015158833333333333
Ir06,17.7191025,0.016645666666666666
Ir06,17.7846075,0.018001333333333334
Ir06,17.8501125,0.019444333333333334
Ir06,17.915617500000003,0.0209835
Ir06,17.9811225,0.022301166666666667
Ir06,18.0466275,0.023693166666666668
Ir06,18.1121325,0.025067666666666665
Ir06,18.177637500000003,0.026283166666666666
Ir06,18.243142500000005,0.027417
Ir06,18.308647500000003,0.0284705
Ir06,18.3741525,0.029201166666666667
Ir06,18.439657500000003,0.030101166666666665
Ir06,18.505162500000004,0.030627
Ir06,18.570667500000003,0.030981
Ir06,18.6361725,0.0312575
Ir06,18.701677500000002,0.031274333333333335
Ir06,18.767182500000004,0.0310395
Ir06,18.832687500000002,0.03078233333333333
Ir06,18.8981925,0.030182166666666666
Ir06,18.963697500000002,0.029426833333333333
Ir06,19.029202500000004,0.028709333333333333
Ir06,19.094707500000002,0.027545666666666666
Ir06,19.1602125,0.026456666666666667
Ir06,19.225717500000002,0.0252115
Ir06,19.291222500000003,0.023802666666666666
Ir06,19.3567275,0.022416
Ir06,19.4222325,0.020895833333333332
Ir06,19.4877375,0.019328333333333333
Ir06,19.553242500000003,0.017864
Ir06,19.618747500000005,0.0163945
Ir06,19.684252500000003,0.0148385
Ir06,19.7497575,0.013415833333333333
Ir06,19.815262500000003,0.012016166666666666
Ir06,19.880767500000005,0.010704666666666666
Ir06,19.946272500000003,0.009436
Ir06,20.0117775,0.008289333333333333
Ir06,20.077282500000003,0.007182
Ir06,20.142787500000004,0.006266166666666666
Ir06,20.208292500000002,0.005343
Ir06,20.2737975,0.004544166666666667
Ir06,20.339302500000002,0.0038666666666666667
Ir06,20.404807500000004,0.0032266666666666667
Ir06,20.470312500000002,0.0027088333333333335
Ir06,20.5358175,0.0022365
Ir06,20.601322500000002,0.0018358333333333334
Ir06,20.666827500000004,0.0014776666666666666
Ir06,20.732332500000002,0.0012068333333333334
Ir06,20.7978375,0.000964
Ir06,20.8633425,0.0007805
Ir06,20.928847500000003,0.000609
Ir06,20.994352500000005,0.00046466666666666667
Ir06,21.059857500000003,0.00036483333333333333
Ir06,21.1253625,0.00028333333333333335
Ir06,21.190867500000003,0.0002105
Ir06,21.256372500000005,0.00016966666666666668
Ir06,21.321877500000003,0.00011933333333333334
Ir06,21.3873825,9.183333333333333e-05
Ir06,21.452887500000003,6.933333333333333e-05
Ir06,21.518392500000004,4.683333333333333e-05
Ir06,21.583897500000003,3.366666666666667e-05
Ir06,21.6494025,2.45e-05
Ir06,21.714907500000002,1.6833333333333334e-05
Ir06,21.780412500000004,1.1833333333333334e-05
Ir06,21.845917500000002,7.333333333333333e-06
Ir06,21.9114225,6e-06
Ir06,21.976927500000002,3.6666666666666666e-06
Ir06,22.042432500000004,2.5e-06
Ir06,22.107937500000002,2.8333333333333335e-06
Ir06,22.1734425,1.5e-06
Ir06,22.238947500000002,6.666666666666667e-07
Ir06,22.304452500000004,6.666666666666667e-07
Ir06,22.3699575,8.333333333333333e-07
Ir06,22.435462500000003,1.6666666666666668e-07
Ir06,22.5009675,1.6666666666666668e-07
Ir06,22.566472500000003,1.6666666666666668e-07
Ir06,22.631977500000005,0.0
Ir06,22.697482500000003,1.6666666666666668e-07
Ir06,22.7629875,0.0
Ir06,22.828492500000003,0.0
Cu06,13.723297500000001,5e-07
Cu06,13.788802500000003,5e-07
Cu06,13.8543075,5e-07
Cu06,13.919812500000003,5e-07
Cu06,13.9853175,1e-06
Cu06,14.050822500000002,2.25e-06
Cu06,14.1163275,3e-06
Cu06,14.181832500000002,3.25e-06
Cu06,14.2473375,3.25e-06
Cu06,14.312842500000002,9e-06
Cu06,14.3783475,6.75e-06
Cu06,14.443852500000002,1.1e-05
Cu06,14.5093575,1.275e-05
Cu06,14.574862500000002,2.15e-05
Cu06,14.6403675,2.4e-05
Cu06,14.705872500000002,3.825e-05
Cu06,14.771377500000003,4.45e-05
Cu06,14.836882500000002,6.075e-05
Cu06,14.902387500000003,7.75e-05
Cu06,14.967892500000001,0.00011
Cu06,15.033397500000003,0.000125
Cu06,15.098902500000001,0.000159
Cu06,15.164407500000003,0.00022025
Cu06,15.229912500000001,0.00027425
Cu06,15.295417500000003,0.000336
Cu06,15.360922500000001,0.0004255
Cu06,15.426427500000003,0.000553
Cu06,15.4919325,0.00067225
Cu06,15.557437500000002,0.0008225
Cu06,15.6229425,0.001024
Cu06,15.688447500000002,0.001239
Cu06,15.7539525,0.00148125
Cu06,15.819457500000002,0.00178
Cu06,15.8849625,0.0021715
Cu06,15.950467500000002,0.00257975
Cu06,16.0159725,0.00301225
Cu06,16.081477500000002,0.00358825
Cu06,16.1469825,0.00424575
Cu06,16.2124875,0.00487725
Cu06,16.277992500000003,0.005634
Cu06,16.3434975,0.00664075
Cu06,16.4090025,0.00750475
Cu06,16.4745075,0.00847825
Cu06,16.540012500000003,0.009646
Cu06,16.6055175,0.01098325
Cu06,16.6710225,0.01212925
Cu06,16.7365275,0.01343625
Cu06,16.802032500000003,0.0150185
Cu06,16.867537500000005,0.01641125
Cu06,16.933042500000003,0.017898
Cu06,16.9985475,0.0194995
Cu06,17.064052500000003,0.0210565
Cu06,17.129557500000004,0.02257
Cu06,17.195062500000002,0.02398275
Cu06,17.2605675,0.025422
Cu06,17.326072500000002,0.026733
Cu06,17.391577500000004,0.02799175
Cu06,17.457082500000002,0.0291355
Cu06,17.5225875,0.030054
Cu06,17.588092500000002,0.0309995
Cu06,17.653597500000004,0.031548
Cu06,17.7191025,0.0317975
Cu06,17.7846075,0.0321845
Cu06,17.8501125,0.03216575
Cu06,17.915617500000003,0.031921
Cu06,17.9811225,0.03171175
Cu06,18.0466275,0.030896
Cu06,18.1121325,0.0302125
Cu06,18.177637500000003,0.0292995
Cu06,18.243142500000005,0.0281315
Cu06,18.308647500000003,0.026856
Cu06,18.3741525,0.02550475
Cu06,18.439657500000003,0.023975
Cu06,18.505162500000004,0.022424
Cu06,18.570667500000003,0.02099225
Cu06,18.6361725,0.01921875
Cu06,18.701677500000002,0.0176865
Cu06,18.767182500000004,0.01597275
Cu06,18.832687500000002,0.01448625
Cu06,18.8981925,0.0130755
Cu06,18.963697500000002,0.0115005
Cu06,19.029202500000004,0.010208
Cu06,19.094707500000002,0.00898275
Cu06,19.1602125,0.00779975
Cu06,19.225717500000002,0.006799
Cu06,19.291222500000003,0.00577625
Cu06,19.3567275,0.00493425
Cu06,19.4222325,0.00420375
Cu06,19.4877375,0.00349575
Cu06,19.553242500000003,0.00295475
Cu06,19.618747500000005,0.0024175
Cu06,19.684252500000003,0.00195325
Cu06,19.7497575,0.00163425
Cu06,19.815262500000003,0.0013345
Cu06,19.880767500000005,0.001059
Cu06,19.946272500000003,0.000844
Cu06,20.0117775,0.000656
Cu06,20.077282500000003,0.00051625
Cu06,20.142787500000004,0.00040725
Cu06,20.208292500000002,0.0003
Cu06,20.2737975,0.0002515
Cu06,20.339302500000002,0.00017675
Cu06,20.404807500000004,0.00013325
Cu06,20.470312500000002,0.0001065
Cu06,20.5358175,7.1e-05
Cu06,20.601322500000002,5.25e-05
Cu06,20.666827500000004,3.825e-05
Cu06,20.732332500000002,2.9e-05
Cu06,20.7978375,1.825e-05
Cu06,20.8633425,1.15e-05
Cu06,20.928847500000003,8.75e-06
Cu06,20.994352500000005,7.5e-06
Cu06,21.059857500000003,4.25e-06
Cu06,21.1253625,3.25e-06
Cu06,21.190867500000003,3.5e-06
Cu06,21.256372500000005,1.5e-06
Cu06,21.321877500000003,1e-06
Cu06,21.3873825,1.25e-06
Cu06,21.452887500000003,5e-07
Cu06,21.518392500000004,2.5e-07
Cu06,21.583897500000003,5e-07
Cu06,21.6494025,0.0
Cu06,21.714907500000002,0.0
Cu06,21.780412500000004,2.5e-07
Cu06,21.845917500000002,0.0
Cu06,21.9114225,0.0
Ni07,12.806227500000002,0.0
Ni07,12.8717325,2e-07
Ni07,12.937237500000002,2e-07
Ni07,13.0027425,4e-07
Ni07,13.068247500000002,1e-06
Ni07,13.1337525,6e-07
Ni07,13.199257500000002,2.2e-06
Ni07,13.264762500000002,2.6e-06
Ni07,13.330267500000001,2.2e-06
Ni07,13.395772500000003,3.8e-06
Ni07,13.461277500000001,7.4e-06
Ni07,13.526782500000003,5.4e-06
Ni07,13.592287500000001,8.2e-06
Ni07,13.657792500000003,1.24e-05
Ni07,13.723297500000001,1.68e-05
Ni07,13.788802500000003,1.76e-05
Ni07,13.8543075,3.04e-05
Ni07,13.919812500000003,3.62e-05
Ni07,13.9853175,4.48e-05
Ni07,14.050822500000002,6.26e-05
Ni07,14.1163275,8.54e-05
Ni07,14.181832500000002,0.0001004
Ni07,14.2473375,0.000126
Ni07,14.312842500000002,0.0001642
Ni07,14.3783475,0.0002088
Ni07,14.443852500000002,0.000257
Ni07,14.5093575,0.0003194
Ni07,14.574862500000002,0.0004194
Ni07,14.6403675,0.000497
Ni07,14.705872500000002,0.0006214
Ni07,14.771377500000003,0.0007754
Ni07,14.836882500000002,0.0009234
Ni07,14.902387500000003,0.0011194
Ni07,14.967892500000001,0.0013564
Ni07,15.033397500000003,0.0016096
Ni07,15.098902500000001,0.0019346
Ni07,15.164407500000003,0.0023004
Ni07,15.229912500000001,0.002683
Ni07,15.295417500000003,0.0031832
Ni07,15.360922500000001,0.0037428
Ni07,15.426427500000003,0.0042834
Ni07,15.4919325,0.0050018
Ni07,15.557437500000002,0.0058094
Ni07,15.6229425,0.0065914
Ni07,15.688447500000002,0.007485
Ni07,15.7539525,0.0084916
Ni07,15.819457500000002,0.009534
Ni07,15.8849625,0.0107184
Ni07,15.950467500000002,0.0118996
Ni07,16.0159725,0.0131696
Ni07,16.081477500000002,0.0145426
Ni07,16.1469825,0.0159012
Ni07,16.2124875,0.0172954
Ni07,16.277992500000003,0.0188244
Ni07,16.3434975,0.0201192
Ni07,16.4090025,0.0216892
Ni07,16.4745075,0.02302
Ni07,16.540012500000003,0.0242656
Ni07,16.6055175,0.0257222
Ni07,16.6710225,0.0268114
Ni07,16.7365275,0.02778
Ni07,16.802032500000003,0.0289448
Ni07,16.867537500000005,0.0296426
Ni07,16.933042500000003,0.0302376
Ni07,16.9985475,0.0308886
Ni07,17.064052500000003,0.0309784
Ni07,17.129557500000004,0.0311294
Ni07,17.195062500000002,0.0311628
Ni07,17.2605675,0.0308102
Ni07,17.326072500000002,0.0302956
Ni07,17.391577500000004,0.0299046
Ni07,17.457082500000002,0.0289178
Ni07,17.5225875,0.0279622
Ni07,17.588092500000002,0.0269832
Ni07,17.653597500000004,0.0256424
Ni07,17.7191025,0.0243304
Ni07,17.7846075,0.0229786
Ni07,17.8501125,0.0214004
Ni07,17.915617500000003,0.020069
Ni07,17.9811225,0.0185132
Ni07,18.0466275,0.0169382
Ni07,18.1121325,0.0154356
Ni07,18.177637500000003,0.0140428
Ni07,18.243142500000005,0.0125506
Ni07,18.308647500000003,0.0112784
Ni07,18.3741525,0.0099364
Ni07,18.439657500000003,0.0087734
Ni07,18.505162500000004,0.0077242
Ni07,18.570667500000003,0.0066738
Ni07,18.6361725,0.005728
Ni07,18.701677500000002,0.0049748
Ni07,18.767182500000004,0.0041884
Ni07,18.832687500000002,0.003583
Ni07,18.8981925,0.002973
Ni07,18.963697500000002,0.0024868
Ni07,19.029202500000004,0.002064
Ni07,19.094707500000002,0.0016718
Ni07,19.1602125,0.0013794
Ni07,19.225717500000002,0.0011498
Ni07,19.291222500000003,0.000887
Ni07,19.3567275,0.0007298
Ni07,19.4222325,0.0005566
Ni07,19.4877375,0.0004236
Ni07,19.553242500000003,0.0003646
Ni07,19.618747500000005,0.0002588
Ni07,19.684252500000003,0.0002074
Ni07,19.7497575,0.0001596
Ni07,19.815262500000003,0.0001166
Ni07,19.880767500000005,9.04e-05
Ni07,19.946272500000003,6.08e-05
Ni07,20.0117775,4.56e-05
Ni07,20.077282500000003,3.44e-05
Ni07,20.142787500000004,2.64e-05
Ni07,20.208292500000002,1.42e-05
Ni07,20.2737975,1.26e-05
Ni07,20.339302500000002,7.4e-06
Ni07,20.404807500000004,6.2e-06
Ni07,20.470312500000002,4.6e-06
Ni07,20.5358175,3e-06
Ni07,20.601322500000002,3.4e-06
Ni07,20.666827500000004,1e-06
Ni07,20.732332500000002,8e-07
Ni07,20.7978375,1.2e-06
Ni07,20.8633425,6e-07
Ni07,20.928847500000003,4e-07
Ni07,20.994352500000005,0.0
Ni07,21.059857500000003,4e-07
Ni07,21.1253625,0.0
Ni07,21.190867500000003,0.0
Ni07,21.256372500000005,2e-07
Ni07,21.321877500000003,0.0
Ir07,11.430622500000002,2.857142857142857e-07
Ir07,11.4961275,1.4285714285714285e-07
Ir07,11.561632500000002,2.857142857142857e-07
Ir07,11.6271375,2.857142857142857e-07
Ir07,11.692642500000002,5.714285714285714e-07
Ir07,11.7581475,5.714285714285714e-07
Ir07,11.823652500000001,1.4285714285714286e-06
Ir07,11.889157500000001,1.7142857142857143e-06
Ir07,11.954662500000001,1.2857142857142858e-06
Ir07,12.020167500000003,2.2857142857142856e-06
Ir07,12.085672500000001,4.428571428571428e-06
Ir07,12.151177500000003,4.428571428571428e-06
Ir07,12.216682500000001,3.857142857142857e-06
Ir07,12.282187500000003,6.714285714285714e-06
Ir07,12.3476925,1.1714285714285715e-05
Ir07,12.413197500000003,1.0714285714285714e-05
Ir07,12.4787025,1.4142857142857143e-05
Ir07,12.544207500000002,2.2714285714285713e-05
Ir07,12.6097125,2.6e-05
Ir07,12.675217500000002,3e-05
Ir07,12.7407225,4.471428571428571e-05
Ir07,12.806227500000002,5.928571428571429e-05
Ir07,12.8717325,6.657142857142857e-05
Ir07,12.937237500000002,8.314285714285714e-05
Ir07,13.0027425,0.00010842857142857143
Ir07,13.068247500000002,0.00013914285714285716
Ir07,13.1337525,0.00016414285714285714
Ir07,13.199257500000002,0.00020428571428571428
Ir07,13.264762500000002,0.0002597142857142857
Ir07,13.330267500000001,0.00031471428571428574
Ir07,13.395772500000003,0.0003842857142857143
Ir07,13.461277500000001,0.00047157142857142856
Ir07,13.526782500000003,0.0005688571428571429
Ir07,13.592287500000001,0.0006821428571428572
Ir07,13.657792500000003,0.0008085714285714286
Ir07,13.723297500000001,0.0009838571428571429
Ir07,13.788802500000003,0.0011482857142857143
Ir07,13.8543075,0.0013804285714285715
Ir07,13.919812500000003,0.0016232857142857143
Ir07,13.9853175,0.0018741428571428572
Ir07,14.050822500000002,0.0022162857142857145
Ir07,14.1163275,0.002604
Ir07,14.181832500000002,0.0029527142857142855
Ir07,14.2473375,0.003433428571428571
Ir07,14.312842500000002,0.003956142857142857
Ir07,14.3783475,0.0045421428571428574
Ir07,14.443852500000002,0.0050997142857142855
Ir07,14.5093575,0.005808
Ir07,14.574862500000002,0.006544428571428572
Ir07,14.6403675,0.007316857142857143
Ir07,14.705872500000002,0.008186571428571428
Ir07,14.771377500000003,0.009137285714285714
Ir07,14.836882500000002,0.010034285714285714
Ir07,14.902387500000003,0.011072428571428572
Ir07,14.967892500000001,0.01215
Ir07,15.033397500000003,0.013258285714285714
Ir07,15.098902500000001,0.014407285714285714
Ir07,15.164407500000003,0.015534571428571429
Ir07,15.229912500000001,0.016788714285714285
Ir07,15.295417500000003,0.017932285714285713
Ir07,15.360922500000001,0.019075
Ir07,15.426427500000003,0.020320857142857144
Ir07,15.4919325,0.021480714285714287
Ir07,15.557437500000002,0.022412
Ir07,15.6229425,0.023605714285714285
Ir07,15.688447500000002,0.024611428571428572
Ir07,15.7539525,0.02527657142857143
Ir07,15.819457500000002,0.026215
Ir07,15.8849625,0.026948857142857142
Ir07,15.950467500000002,0.027303428571428572
Ir07,16.0159725,0.027884857142857142
Ir07,16.081477500000002,0.02832557142857143
Ir07,16.1469825,0.028256285714285713
Ir07,16.2124875,0.028407714285714286
Ir07,16.277992500000003,0.028424
Ir07,16.3434975,0.02793757142857143
Ir07,16.4090025,0.027670285714285713
Ir07,16.4745075,0.027220714285714286
Ir07,16.540012500000003,0.026372
Ir07,16.6055175,0.025719285714285715
Ir07,16.6710225,0.02490442857142857
Ir07,16.7365275,0.02376657142857143
Ir07,16.802032500000003,0.02282042857142857
Ir07,16.867537500000005,0.021677142857142857
Ir07,16.933042500000003,0.020446285714285715
Ir07,16.9985475,0.019200285714285715
Ir07,17.064052500000003,0.018006857142857144
Ir07,17.129557500000004,0.016630285714285716
Ir07,17.195062500000002,0.015485571428571428
Ir07,17.2605675,0.014215285714285715
Ir07,17.326072500000002,0.012918857142857143
Ir07,17.391577500000004,0.011801142857142857
Ir07,17.457082500000002,0.01064
Ir07,17.5225875,0.009492428571428572
Ir07,17.588092500000002,0.008539
Ir07,17.653597500000004,0.007522857142857143
Ir07,17.7191025,0.006619285714285715
Ir07,17.7846075,0.005830857142857143
Ir07,17.8501125,0.005042428571428572
Ir07,17.915617500000003,0.004352857142857143
Ir07,17.9811225,0.003784142857142857
Ir07,18.0466275,0.0031792857142857144
Ir07,18.1121325,0.002723142857142857
Ir07,18.177637500000003,0.002315142857142857
Ir07,18.243142500000005,0.0019098571428571428
Ir07,18.308647500000003,0.001609857142857143
Ir07,18.3741525,0.0013085714285714285
Ir07,18.439657500000003,0.001077
Ir07,18.505162500000004,0.0009077142857142857
Ir07,18.570667500000003,0.0007128571428571429
Ir07,18.6361725,0.0005648571428571429
Ir07,18.701677500000002,0.00047585714285714283
Ir07,18.767182500000004,0.0003557142857142857
Ir07,18.832687500000002,0.00028042857142857145
Ir07,18.8981925,0.0002267142857142857
Ir07,18.963697500000002,0.00017185714285714287
Ir07,19.029202500000004,0.000139
Ir07,19.094707500000002,0.00010014285714285714
Ir07,19.1602125,7.614285714285714e-05
Ir07,19.225717500000002,6.142857142857143e-05
Ir07,19.291222500000003,4.157142857142857e-05
Ir07,19.3567275,2.842857142857143e-05
Ir07,19.4222325,2.4142857142857143e-05
Ir07,19.4877375,1.6857142857142858e-05
Ir07,19.553242500000003,1.0428571428571428e-05
Ir07,19.618747500000005,8.428571428571429e-06
Ir07,19.684252500000003,5.428571428571429e-06
Ir07,19.7497575,4.857142857142857e-06
Ir07,19.815262500000003,2.8571428571428573e-06
Ir07,19.880767500000005,2e-06
Ir07,19.946272500000003,2.2857142857142856e-06
Ir07,20.0117775,8.571428571428571e-07
Ir07,20.077282500000003,7.142857142857143e-07
Ir07,20.142787500000004,7.142857142857143e-07
Ir07,20.208292500000002,5.714285714285714e-07
Ir07,20.2737975,2.857142857142857e-07
Ir07,20.339302500000002,0.0
Ir07,20.404807500000004,2.857142857142857e-07
Ir07,20.470312500000002,0.0
Ir07,20.5358175,0.0
Ir07,20.601322500000002,1.4285714285714285e-07
Ir07,20.666827500000004,0.0
Ir07,20.732332500000002,0.0
Cu07,10.513552500000003,0.0
Cu07,10.579057500000001,2e-07
Cu07,10.644562500000003,2e-07
Cu07,10.710067500000001,8e-07
Cu07,10.775572500000003,8e-07
Cu07,10.8410775,4e-07
Cu07,10.906582500000003,1.6e-06
Cu07,10.9720875,0.0
Cu07,11.037592500000002,1.6e-06
Cu07,11.1030975,2.2e-06
Cu07,11.168602500000002,4.4e-06
Cu07,11.2341075,7.4e-06
Cu07,11.299612500000002,4.2e-06
Cu07,11.3651175,8.8e-06
Cu07,11.430622500000002,1.14e-05
Cu07,11.4961275,1.28e-05
Cu07,11.561632500000002,1.72e-05
Cu07,11.6271375,2.08e-05
Cu07,11.692642500000002,3.34e-05
Cu07,11.7581475,3.32e-05
Cu07,11.823652500000001,4.3e-05
Cu07,11.889157500000001,6.26e-05
Cu07,11.954662500000001,7.22e-05
Cu07,12.020167500000003,9.6e-05
Cu07,12.085672500000001,0.000114
Cu07,12.151177500000003,0.0001376
Cu07,12.216682500000001,0.0001772
Cu07,12.282187500000003,0.0002152
Cu07,12.3476925,0.0002656
Cu07,12.413197500000003,0.0003236
Cu07,12.4787025,0.0003996
Cu07,12.544207500000002,0.0004764
Cu07,12.6097125,0.0005858
Cu07,12.675217500000002,0.0007094
Cu07,12.7407225,0.000838
Cu07,12.806227500000002,0.0010084
Cu07,12.8717325,0.0011908
Cu07,12.937237500000002,0.0013868
Cu07,13.0027425,0.00164
Cu07,13.068247500000002,0.0019524
Cu07,13.1337525,0.0022628
Cu07,13.199257500000002,0.0026068
Cu07,13.264762500000002,0.003047
Cu07,13.330267500000001,0.0035088
Cu07,13.395772500000003,0.004005
Cu07,13.461277500000001,0.0046168
Cu07,13.526782500000003,0.0052568
Cu07,13.592287500000001,0.0059416
Cu07,13.657792500000003,0.0067008
Cu07,13.723297500000001,0.0075238
Cu07,13.788802500000003,0.0083864
Cu07,13.8543075,0.0093742
Cu07,13.919812500000003,0.0103966
Cu07,13.9853175,0.0113658
Cu07,14.050822500000002,0.0125668
Cu07,14.1163275,0.0137086
Cu07,14.181832500000002,0.0148644
Cu07,14.2473375,0.0161208
Cu07,14.312842500000002,0.0173868
Cu07,14.3783475,0.0185548
Cu07,14.443852500000002,0.0198284
Cu07,14.5093575,0.021067
Cu07,14.574862500000002,0.0221254
Cu07,14.6403675,0.0233724
Cu07,14.705872500000002,0.0244364
Cu07,14.771377500000003,0.0253814
Cu07,14.836882500000002,0.0262258
Cu07,14.902387500000003,0.0271548
Cu07,14.967892500000001,0.0277868
Cu07,15.033397500000003,0.0282254
Cu07,15.098902500000001,0.0287808
Cu07,15.164407500000003,0.0288836
Cu07,15.229912500000001,0.0289874
Cu07,15.295417500000003,0.0290038
Cu07,15.360922500000001,0.0288174
Cu07,15.426427500000003,0.0284154
Cu07,15.4919325,0.027937
Cu07,15.557437500000002,0.0272618
Cu07,15.6229425,0.0265828
Cu07,15.688447500000002,0.0256642
Cu07,15.7539525,0.0246214
Cu07,15.819457500000002,0.0234604
Cu07,15.8849625,0.0224272
Cu07,15.950467500000002,0.0210986
Cu07,16.0159725,0.0198002
Cu07,16.081477500000002,0.0186202
Cu07,16.1469825,0.0172088
Cu07,16.2124875,0.0158308
Cu07,16.277992500000003,0.0145572
Cu07,16.3434975,0.0132696
Cu07,16.4090025,0.012024
Cu07,16.4745075,0.0108432
Cu07,16.540012500000003,0.0097208
Cu07,16.6055175,0.0085986
Cu07,16.6710225,0.0076622
Cu07,16.7365275,0.006727
Cu07,16.802032500000003,0.0058474
Cu07,16.867537500000005,0.0051272
Cu07,16.933042500000003,0.0043888
Cu07,16.9985475,0.0037812
Cu07,17.064052500000003,0.0032306
Cu07,17.129557500000004,0.0027382
Cu07,17.195062500000002,0.0022904
Cu07,17.2605675,0.0019104
Cu07,17.326072500000002,0.0015952
Cu07,17.391577500000004,0.0013176
Cu07,17.457082500000002,0.0011166
Cu07,17.5225875,0.0008824
Cu07,17.588092500000002,0.0007074
Cu07,17.653597500000004,0.0005782
Cu07,17.7191025,0.0004474
Cu07,17.7846075,0.0003742
Cu07,17.8501125,0.0002794
Cu07,17.915617500000003,0.0002242
Cu07,17.9811225,0.0001776
Cu07,18.0466275,0.0001358
Cu07,18.1121325,9.98e-05
Cu07,18.177637500000003,7.88e-05
Cu07,18.243142500000005,5.38e-05
Cu07,18.308647500000003,4.26e-05
Cu07,18.3741525,3.16e-05
Cu07,18.439657500000003,2.3e-05
Cu07,18.505162500000004,1.48e-05
Cu07,18.570667500000003,1.2e-05
Cu07,18.6361725,7e-06
Cu07,18.701677500000002,6.8e-06
Cu07,18.767182500000004,5.2e-06
Cu07,18.832687500000002,2.6e-06
Cu07,18.8981925,2.8e-06
Cu07,18.963697500000002,1.8e-06
Cu07,19.029202500000004,1e-06
Cu07,19.094707500000002,1.4e-06
Cu07,19.1602125,6e-07
Cu07,19.225717500000002,4e-07
Cu07,19.291222500000003,4e-07
Cu07,19.3567275,2e-07
Cu07,19.4222325,0.0
Cu07,19.4877375,2e-07
Cu07,19.553242500000003,0.0
Cu07,19.618747500000005,2e-07
Cu07,19.684252500000003,0.0
Ni08,9.4654725,0.0
Ni08,9.530977500000002,1.6666666666666668e-07
Ni08,9.5964825,1.6666666666666668e-07
Ni08,9.661987500000002,0.0
Ni08,9.7274925,5e-07
Ni08,9.792997500000002,5e-07
Ni08,9.8585025,8.333333333333333e-07
Ni08,9.924007500000002,1.5e-06
Ni08,9.9895125,1.8333333333333333e-06
Ni08,10.055017500000002,1.3333333333333334e-06
Ni08,10.1205225,3.1666666666666667e-06
Ni08,10.186027500000002,3.6666666666666666e-06
Ni08,10.2515325,5e-06
Ni08,10.317037500000001,5.666666666666667e-06
Ni08,10.3825425,6.666666666666667e-06
Ni08,10.448047500000001,9.333333333333333e-06
Ni08,10.513552500000003,1.2e-05
Ni08,10.579057500000001,1.2666666666666667e-05
Ni08,10.644562500000003,1.8333333333333333e-05
Ni08,10.710067500000001,2.5166666666666667e-05
Ni08,10.775572500000003,2.5666666666666666e-05
Ni08,10.8410775,3.816666666666667e-05
Ni08,10.906582500000003,4.7166666666666663e-05
Ni08,10.9720875,5.516666666666667e-05
Ni08,11.037592500000002,7.366666666666666e-05
Ni08,11.1030975,8.85e-05
Ni08,11.168602500000002,0.00010316666666666666
Ni08,11.2341075,0.00013183333333333333
Ni08,11.299612500000002,0.00016266666666666667
Ni08,11.3651175,0.00019816666666666667
Ni08,11.430622500000002,0.00023416666666666668
Ni08,11.4961275,0.00028416666666666667
Ni08,11.561632500000002,0.0003598333333333333
Ni08,11.6271375,0.00041516666666666666
Ni08,11.692642500000002,0.0005093333333333333
Ni08,11.7581475,0.0006141666666666666
Ni08,11.823652500000001,0.0007106666666666666
Ni08,11.889157500000001,0.0008588333333333333
Ni08,11.954662500000001,0.0010081666666666668
Ni08,12.020167500000003,0.0011826666666666667
Ni08,12.085672500000001,0.0013711666666666666
Ni08,12.151177500000003,0.0016255
Ni08,12.216682500000001,0.0018848333333333334
Ni08,12.282187500000003,0.0021755
Ni08,12.3476925,0.0025053333333333334
Ni08,12.413197500000003,0.002896
Ni08,12.4787025,0.0033146666666666667
Ni08,12.544207500000002,0.003759
Ni08,12.6097125,0.004321
Ni08,12.675217500000002,0.004869333333333333
Ni08,12.7407225,0.005512
Ni08,12.806227500000002,0.006180666666666667
Ni08,12.8717325,0.006899
Ni08,12.937237500000002,0.007710833333333333
Ni08,13.0027425,0.008511166666666667
Ni08,13.068247500000002,0.009454666666666667
Ni08,13.1337525,0.010369166666666667
Ni08,13.199257500000002,0.011425833333333333
Ni08,13.264762500000002,0.012417
Ni08,13.330267500000001,0.013447833333333332
Ni08,13.395772500000003,0.0146475
Ni08,13.461277500000001,0.015740166666666666
Ni08,13.526782500000003,0.0168915
Ni08,13.592287500000001,0.018001333333333334
Ni08,13.657792500000003,0.019161
Ni08,13.723297500000001,0.020264166666666666
Ni08,13.788802500000003,0.0213435
Ni08,13.8543075,0.022432166666666666
Ni08,13.919812500000003,0.023372833333333332
Ni08,13.9853175,0.0243255
Ni08,14.050822500000002,0.0250515
Ni08,14.1163275,0.025955
Ni08,14.181832500000002,0.02656
Ni08,14.2473375,0.027026666666666668
Ni08,14.312842500000002,0.0276065
Ni08,14.3783475,0.027636666666666667
Ni08,14.443852500000002,0.028016833333333335
Ni08,14.5093575,0.027802666666666667
Ni08,14.574862500000002,0.027868166666666666
Ni08,14.6403675,0.027533333333333333
Ni08,14.705872500000002,0.027053833333333333
Ni08,14.771377500000003,0.026727666666666667
Ni08,14.836882500000002,0.02589083333333333
Ni08,14.902387500000003,0.0253555
Ni08,14.967892500000001,0.024363833333333335
Ni08,15.033397500000003,0.023421166666666667
Ni08,15.098902500000001,0.0223085
Ni08,15.164407500000003,0.021259333333333335
Ni08,15.229912500000001,0.0201485
Ni08,15.295417500000003,0.0188815
Ni08,15.360922500000001,0.017756
Ni08,15.426427500000003,0.016428333333333333
Ni08,15.4919325,0.015228166666666666
Ni08,15.557437500000002,0.013984666666666666
Ni08,15.6229425,0.012859
Ni08,15.688447500000002,0.011634666666666666
Ni08,15.7539525,0.010579
Ni08,15.819457500000002,0.009442
Ni08,15.8849625,0.0084685
Ni08,15.950467500000002,0.007575833333333334
Ni08,16.0159725,0.0066375
Ni08,16.081477500000002,0.005887666666666667
Ni08,16.1469825,0.0050841666666666665
Ni08,16.2124875,0.004485833333333333
Ni08,16.277992500000003,0.0038236666666666666
Ni08,16.3434975,0.0033301666666666666
Ni08,16.4090025,0.0028325
Ni08,16.4745075,0.0023801666666666667
Ni08,16.540012500000003,0.0020198333333333335
Ni08,16.6055175,0.0016761666666666667
Ni08,16.6710225,0.001417
Ni08,16.7365275,0.0011806666666666667
Ni08,16.802032500000003,0.0009711666666666666
Ni08,16.867537500000005,0.0007895
Ni08,16.933042500000003,0.0006321666666666666
Ni08,16.9985475,0.0005261666666666666
Ni08,17.064052500000003,0.000398
Ni08,17.129557500000004,0.0003426666666666667
Ni08,17.195062500000002,0.00025333333333333333
Ni08,17.2605675,0.00020983333333333333
Ni08,17.326072500000002,0.0001615
Ni08,17.391577500000004,0.00012516666666666666
Ni08,17.457082500000002,9.333333333333333e-05
Ni08,17.5225875,7.483333333333333e-05
Ni08,17.588092500000002,5.15e-05
Ni08,17.653597500000004,4e-05
Ni08,17.7191025,2.95e-05
Ni08,17.7846075,2.2666666666666668e-05
Ni08,17.8501125,1.5e-05
Ni08,17.915617500000003,1.15e-05
Ni08,17.9811225,8.166666666666666e-06
Ni08,18.0466275,6e-06
Ni08,18.1121325,4e-06
Ni08,18.177637500000003,3.833333333333334e-06
Ni08,18.243142500000005,2.666666666666667e-06
Ni08,18.308647500000003,2.1666666666666665e-06
Ni08,18.3741525,1.3333333333333334e-06
Ni08,18.439657500000003,6.666666666666667e-07
Ni08,18.505162500000004,1.1666666666666666e-06
Ni08,18.570667500000003,3.3333333333333335e-07
Ni08,18.6361725,5e-07
Ni08,18.701677500000002,0.0
Ni08,18.767182500000004,3.3333333333333335e-07
Ni08,18.832687500000002,0.0
Ni08,18.8981925,1.6666666666666668e-07
Ni08,18.963697500000002,0.0
Ni08,19.029202500000004,1.6666666666666668e-07
Ni08,19.094707500000002,0.0
Ir08,7.696837500000001,0.0
Ir08,7.762342500000001,1e-07
Ir08,7.827847500000001,1e-07
Ir08,7.893352500000001,4e-07
Ir08,7.958857500000001,1e-07
Ir08,8.0243625,4e-07
Ir08,8.0898675,4e-07
Ir08,8.155372500000002,5e-07
Ir08,8.2208775,8e-07
Ir08,8.286382500000002,1.2e-06
Ir08,8.3518875,9e-07
Ir08,8.417392500000002,1.8e-06
Ir08,8.4828975,2e-06
Ir08,8.548402500000002,2.7e-06
Ir08,8.6139075,3.3e-06
Ir08,8.679412500000002,3.5e-06
Ir08,8.7449175,4.6e-06
Ir08,8.810422500000001,5.9e-06
Ir08,8.8759275,6.8e-06
Ir08,8.941432500000001,8.9e-06
Ir08,9.0069375,9.9e-06
Ir08,9.072442500000001,1.41e-05
Ir08,9.137947500000003,1.79e-05
Ir08,9.203452500000001,1.94e-05
Ir08,9.268957500000003,2.38e-05
Ir08,9.3344625,3.31e-05
Ir08,9.399967500000002,3.76e-05
Ir08,9.4654725,4.69e-05
Ir08,9.530977500000002,5.53e-05
Ir08,9.5964825,6.85e-05
Ir08,9.661987500000002,8.07e-05
Ir08,9.7274925,9.7e-05
Ir08,9.792997500000002,0.0001219
Ir08,9.8585025,0.0001377
Ir08,9.924007500000002,0.0001713
Ir08,9.9895125,0.0002025
Ir08,10.055017500000002,0.0002401
Ir08,10.1205225,0.0002845
Ir08,10.186027500000002,0.0003404
Ir08,10.2515325,0.0003972
Ir08,10.317037500000001,0.0004723
Ir08,10.3825425,0.0005524
Ir08,10.448047500000001,0.0006367
Ir08,10.513552500000003,0.0007505
Ir08,10.579057500000001,0.0008627
Ir08,10.644562500000003,0.0009978
Ir08,10.710067500000001,0.0011604
Ir08,10.775572500000003,0.0013284
Ir08,10.8410775,0.0015245
Ir08,10.906582500000003,0.0017481
Ir08,10.9720875,0.0019888
Ir08,11.037592500000002,0.0022691
Ir08,11.1030975,0.0025564
Ir08,11.168602500000002,0.0029086
Ir08,11.2341075,0.0032622
Ir08,11.299612500000002,0.003715
Ir08,11.3651175,0.0041057
Ir08,11.430622500000002,0.0046006
Ir08,11.4961275,0.0051242
Ir08,11.561632500000002,0.0056515
Ir08,11.6271375,0.0062884
Ir08,11.692642500000002,0.0068747
Ir08,11.7581475,0.007575
Ir08,11.823652500000001,0.0083181
Ir08,11.889157500000001,0.0090086
Ir08,11.954662500000001,0.0098531
Ir08,12.020167500000003,0.0106056
Ir08,12.085672500000001,0.0114894
Ir08,12.151177500000003,0.0123923
Ir08,12.216682500000001,0.0132014
Ir08,12.282187500000003,0.0142287
Ir08,12.3476925,0.0150182
Ir08,12.413197500000003,0.0160392
Ir08,12.4787025,0.0169211
Ir08,12.544207500000002,0.0177957
Ir08,12.6097125,0.0187673
Ir08,12.675217500000002,0.0194911
Ir08,12.7407225,0.0204591
Ir08,12.806227500000002,0.0211621
Ir08,12.8717325,0.0218987
Ir08,12.937237500000002,0.0226926
Ir08,13.0027425,0.0230838
Ir08,13.068247500000002,0.0237902
Ir08,13.1337525,0.0241166
Ir08,13.199257500000002,0.0245985
Ir08,13.264762500000002,0.0248599
Ir08,13.330267500000001,0.0249968
Ir08,13.395772500000003,0.0252097
Ir08,13.461277500000001,0.0250382
Ir08,13.526782500000003,0.0251096
Ir08,13.592287500000001,0.0247752
Ir08,13.657792500000003,0.024532
Ir08,13.723297500000001,0.0241601
Ir08,13.788802500000003,0.0235732
Ir08,13.8543075,0.0231176
Ir08,13.919812500000003,0.0223323
Ir08,13.9853175,0.0217711
Ir08,14.050822500000002,0.0208019
Ir08,14.1163275,0.0200841
Ir08,14.181832500000002,0.0191389
Ir08,14.2473375,0.0181664
Ir08,14.312842500000002,0.017244
Ir08,14.3783475,0.0162013
Ir08,14.443852500000002,0.0152236
Ir08,14.5093575,0.0142129
Ir08,14.574862500000002,0.0132204
Ir08,14.6403675,0.0122426
Ir08,14.705872500000002,0.0112203
Ir08,14.771377500000003,0.0103409
Ir08,14.836882500000002,0.0093689
Ir08,14.902387500000003,0.0085507
Ir08,14.967892500000001,0.0076843
Ir08,15.033397500000003,0.0069322
Ir08,15.098902500000001,0.006155
Ir08,15.164407500000003,0.0055149
Ir08,15.229912500000001,0.0048639
Ir08,15.295417500000003,0.0042729
Ir08,15.360922500000001,0.0037528
Ir08,15.426427500000003,0.0032575
Ir08,15.4919325,0.0028415
Ir08,15.557437500000002,0.0024306
Ir08,15.6229425,0.0021061
Ir08,15.688447500000002,0.001785
Ir08,15.7539525,0.0015187
Ir08,15.819457500000002,0.0012681
Ir08,15.8849625,0.0010748
Ir08,15.950467500000002,0.00089
Ir08,16.0159725,0.0007541
Ir08,16.081477500000002,0.0006084
Ir08,16.1469825,0.0005117
Ir08,16.2124875,0.0004003
Ir08,16.277992500000003,0.000334
Ir08,16.3434975,0.0002589
Ir08,16.4090025,0.0002161
Ir08,16.4745075,0.0001688
Ir08,16.540012500000003,0.0001334
Ir08,16.6055175,0.0001083
Ir08,16.6710225,8.24e-05
Ir08,16.7365275,6.19e-05
Ir08,16.802032500000003,4.96e-05
Ir08,16.867537500000005,3.54e-05
Ir08,16.933042500000003,2.74e-05
Ir08,16.9985475,2.09e-05
Ir08,17.064052500000003,1.61e-05
Ir08,17.129557500000004,9.6e-06
Ir08,17.195062500000002,8.7e-06
Ir08,17.2605675,5.5e-06
Ir08,17.326072500000002,4.5e-06
Ir08,17.391577500000004,3.3e-06
Ir08,17.457082500000002,2.7e-06
Ir08,17.5225875,2.1e-06
Ir08,17.588092500000002,1.4e-06
Ir08,17.653597500000004,1.1e-06
Ir08,17.7191025,6e-07
Ir08,17.7846075,7e-07
Ir08,17.8501125,4e-07
Ir08,17.915617500000003,2e-07
Ir08,17.9811225,3e-07
Ir08,18.0466275,0.0
Ir08,18.1121325,2e-07
Ir08,18.177637500000003,0.0
Ir08,18.243142500000005,1e-07
Ir08,18.308647500000003,0.0
Ir08,18.3741525,1e-07
Ir08,18.439657500000003,0.0
Cu08,6.4522425000000005,0.0
Cu08,6.5177475000000005,1.4285714285714285e-07
Cu08,6.5832525,0.0
Cu08,6.6487575,4.2857142857142857e-07
Cu08,6.714262500000001,2.857142857142857e-07
Cu08,6.779767500000001,4.2857142857142857e-07
Cu08,6.845272500000001,4.2857142857142857e-07
Cu08,6.910777500000001,5.714285714285714e-07
Cu08,6.976282500000001,5.714285714285714e-07
Cu08,7.041787500000001,1.4285714285714286e-06
Cu08,7.107292500000001,1.5714285714285714e-06
Cu08,7.172797500000001,1e-06
Cu08,7.2383025000000005,2.2857142857142856e-06
Cu08,7.3038075000000005,3e-06
Cu08,7.369312500000001,2.1428571428571427e-06
Cu08,7.434817500000001,0.0
Cu08,7.500322500000001,4.714285714285714e-06
Cu08,7.565827500000001,3.857142857142857e-06
Cu08,7.631332500000001,7.857142857142858e-06
Cu08,7.696837500000001,7.714285714285714e-06
Cu08,7.762342500000001,8.714285714285715e-06
Cu08,7.827847500000001,1.2428571428571428e-05
Cu08,7.893352500000001,1.4e-05
Cu08,7.958857500000001,1.657142857142857e-05
Cu08,8.0243625,2.357142857142857e-05
Cu08,8.0898675,2.2714285714285713e-05
Cu08,8.155372500000002,3.1714285714285715e-05
Cu08,8.2208775,3.971428571428571e-05
Cu08,8.286382500000002,4.2e-05
Cu08,8.3518875,5.8e-05
Cu08,8.417392500000002,7.1e-05
Cu08,8.4828975,7.185714285714286e-05
Cu08,8.548402500000002,9.514285714285714e-05
Cu08,8.6139075,0.000112
Cu08,8.679412500000002,0.00013142857142857143
Cu08,8.7449175,0.0001582857142857143
Cu08,8.810422500000001,0.00018314285714285714
Cu08,8.8759275,0.0002197142857142857
Cu08,8.941432500000001,0.00026157142857142856
Cu08,9.0069375,0.00030571428571428573
Cu08,9.072442500000001,0.0003585714285714286
Cu08,9.137947500000003,0.00042257142857142857
Cu08,9.203452500000001,0.0004915714285714286
Cu08,9.268957500000003,0.0005737142857142857
Cu08,9.3344625,0.0006634285714285714
Cu08,9.399967500000002,0.0007772857142857143
Cu08,9.4654725,0.0008864285714285714
Cu08,9.530977500000002,0.0010317142857142858
Cu08,9.5964825,0.0011655714285714286
Cu08,9.661987500000002,0.001342
Cu08,9.7274925,0.0015372857142857143
Cu08,9.792997500000002,0.0017555714285714286
Cu08,9.8585025,0.0019991428571428573
Cu08,9.924007500000002,0.0022587142857142858
Cu08,9.9895125,0.0025504285714285715
Cu08,10.055017500000002,0.0028695714285714284
Cu08,10.1205225,0.003232857142857143
Cu08,10.186027500000002,0.0036445714285714284
Cu08,10.2515325,0.0040508571428571425
Cu08,10.317037500000001,0.004529428571428571
Cu08,10.3825425,0.005061571428571428
Cu08,10.448047500000001,0.005544571428571428
Cu08,10.513552500000003,0.006189571428571429
Cu08,10.579057500000001,0.0067498571428571425
Cu08,10.644562500000003,0.007457571428571429
Cu08,10.710067500000001,0.008181428571428572
Cu08,10.775572500000003,0.00887257142857143
Cu08,10.8410775,0.00966
Cu08,10.906582500000003,0.010470571428571428
Cu08,10.9720875,0.011311857142857143
Cu08,11.037592500000002,0.012188857142857144
Cu08,11.1030975,0.013091
Cu08,11.168602500000002,0.013982
Cu08,11.2341075,0.01491542857142857
Cu08,11.299612500000002,0.01582
Cu08,11.3651175,0.01675657142857143
Cu08,11.430622500000002,0.01766785714285714
Cu08,11.4961275,0.018558
Cu08,11.561632500000002,0.019454142857142857
Cu08,11.6271375,0.02026057142857143
Cu08,11.692642500000002,0.021120285714285713
Cu08,11.7581475,0.021810285714285713
Cu08,11.823652500000001,0.02254314285714286
Cu08,11.889157500000001,0.02315057142857143
Cu08,11.954662500000001,0.023788857142857143
Cu08,12.020167500000003,0.024192142857142857
Cu08,12.085672500000001,0.024713285714285715
Cu08,12.151177500000003,0.02486985714285714
Cu08,12.216682500000001,0.025184
Cu08,12.282187500000003,0.025170571428571428
Cu08,12.3476925,0.025286
Cu08,12.413197500000003,0.025107857142857144
Cu08,12.4787025,0.02498757142857143
Cu08,12.544207500000002,0.024654
Cu08,12.6097125,0.02426985714285714
Cu08,12.675217500000002,0.023833714285714284
Cu08,12.7407225,0.023229285714285713
Cu08,12.806227500000002,0.022608
Cu08,12.8717325,0.02183785714285714
Cu08,12.937237500000002,0.021062285714285714
Cu08,13.0027425,0.02011042857142857
Cu08,13.068247500000002,0.019243714285714284
Cu08,13.1337525,0.018315142857142856
Cu08,13.199257500000002,0.017318285714285713
Cu08,13.264762500000002,0.01638857142857143
Cu08,13.330267500000001,0.015279714285714285
Cu08,13.395772500000003,0.014286428571428571
Cu08,13.461277500000001,0.013242571428571428
Cu08,13.526782500000003,0.012267571428571428
Cu08,13.592287500000001,0.011259571428571428
Cu08,13.657792500000003,0.010331428571428571
Cu08,13.723297500000001,0.00939242857142857
Cu08,13.788802500000003,0.008552428571428572
Cu08,13.8543075,0.007655
Cu08,13.919812500000003,0.006947714285714285
Cu08,13.9853175,0.006136571428571429
Cu08,14.050822500000002,0.005519857142857143
Cu08,14.1163275,0.004836142857142857
Cu08,14.181832500000002,0.004299571428571429
Cu08,14.2473375,0.0037487142857142858
Cu08,14.312842500000002,0.00328
Cu08,14.3783475,0.002837857142857143
Cu08,14.443852500000002,0.0024574285714285713
Cu08,14.5093575,0.002079
Cu08,14.574862500000002,0.0018032857142857143
Cu08,14.6403675,0.0015025714285714286
Cu08,14.705872500000002,0.0013012857142857142
Cu08,14.771377500000003,0.0010848571428571428
Cu08,14.836882500000002,0.0009221428571428572
Cu08,14.902387500000003,0.000755
Cu08,14.967892500000001,0.0006192857142857143
Cu08,15.033397500000003,0.0005107142857142857
Cu08,15.098902500000001,0.0004162857142857143
Cu08,15.164407500000003,0.00034085714285714286
Cu08,15.229912500000001,0.0002744285714285714
Cu08,15.295417500000003,0.00022114285714285714
Cu08,15.360922500000001,0.0001782857142857143
Cu08,15.426427500000003,0.00014
Cu08,15.4919325,0.00011042857142857143
Cu08,15.557437500000002,8.657142857142857e-05
Cu08,15.6229425,6.571428571428571e-05
Cu08,15.688447500000002,4.957142857142857e-05
Cu08,15.7539525,3.8285714285714286e-05
Cu08,15.819457500000002,2.9e-05
Cu08,15.8849625,2.3142857142857142e-05
Cu08,15.950467500000002,1.4428571428571429e-05
Cu08,16.0159725,1.2e-05
Cu08,16.081477500000002,8.428571428571429e-06
Cu08,16.1469825,7.142857142857143e-06
Cu08,16.2124875,5.428571428571429e-06
Cu08,16.277992500000003,4.428571428571428e-06
Cu08,16.3434975,2.5714285714285716e-06
Cu08,16.4090025,3e-06
Cu08,16.4745075,1.1428571428571428e-06
Cu08,16.540012500000003,1.1428571428571428e-06
Cu08,16.6055175,1e-06
Cu08,16.6710225,5.714285714285714e-07
Cu08,16.7365275,7.142857142857143e-07
Cu08,16.802032500000003,4.2857142857142857e-07
Cu08,16.867537500000005,0.0
Cu08,16.933042500000003,2.857142857142857e-07
Cu08,16.9985475,0.0
Cu08,17.064052500000003,1.4285714285714285e-07
Cu08,17.129557500000004,1.4285714285714285e-07
Cu08,17.195062500000002,0.0
Cu08,17.2605675,1.4285714285714285e-07
Cu08,17.326072500000002,0.0
Ni09,4.9456275000000005,1.25e-07
Ni09,5.0111325,1.25e-07
Ni09,5.0766375,1.25e-07
Ni09,5.1421425,0.0
Ni09,5.2076475,0.0
Ni09,5.273152500000001,2.5e-07
Ni09,5.338657500000001,1.25e-07
Ni09,5.404162500000001,0.0
Ni09,5.469667500000001,3.75e-07
Ni09,5.535172500000001,2.5e-07
Ni09,5.600677500000001,8.75e-07
Ni09,5.666182500000001,7.5e-07
Ni09,5.7316875000000005,1.375e-06
Ni09,5.7971925,8.75e-07
Ni09,5.8626975,1.75e-06
Ni09,5.928202500000001,2.125e-06
Ni09,5.993707500000001,1.375e-06
Ni09,6.059212500000001,3.125e-06
Ni09,6.124717500000001,0.0
Ni09,6.190222500000001,3.125e-06
Ni09,6.255727500000001,3.875e-06
Ni09,6.321232500000001,6.5e-06
Ni09,6.386737500000001,5.375e-06
Ni09,6.4522425000000005,6.625e-06
Ni09,6.5177475000000005,1.05e-05
Ni09,6.5832525,9e-06
Ni09,6.6487575,1.2125e-05
Ni09,6.714262500000001,1.5875e-05
Ni09,6.779767500000001,1.7875e-05
Ni09,6.845272500000001,1.95e-05
Ni09,6.910777500000001,2.725e-05
Ni09,6.976282500000001,3.05e-05
Ni09,7.041787500000001,3.375e-05
Ni09,7.107292500000001,4.55e-05
Ni09,7.172797500000001,4.9625e-05
Ni09,7.2383025000000005,6.15e-05
Ni09,7.3038075000000005,6.7875e-05
Ni09,7.369312500000001,8.125e-05
Ni09,7.434817500000001,9.6625e-05
Ni09,7.500322500000001,0.00011175
Ni09,7.565827500000001,0.000128375
Ni09,7.631332500000001,0.000154
Ni09,7.696837500000001,0.000180375
Ni09,7.762342500000001,0.000209625
Ni09,7.827847500000001,0.000242
Ni09,7.893352500000001,0.000283125
Ni09,7.958857500000001,0.000323375
Ni09,8.0243625,0.000382875
Ni09,8.0898675,0.000437625
Ni09,8.155372500000002,0.000504875
Ni09,8.2208775,0.000582625
Ni09,8.286382500000002,0.0006635
Ni09,8.3518875,0.000763125
Ni09,8.417392500000002,0.00086675
Ni09,8.4828975,0.0009825
Ni09,8.548402500000002,0.0011125
Ni09,8.6139075,0.001273875
Ni09,8.679412500000002,0.001440625
Ni09,8.7449175,0.00162575
Ni09,8.810422500000001,0.001829375
Ni09,8.8759275,0.00204125
Ni09,8.941432500000001,0.002322625
Ni09,9.0069375,0.002576125
Ni09,9.072442500000001,0.002893625
Ni09,9.137947500000003,0.003206375
Ni09,9.203452500000001,0.0035645
Ni09,9.268957500000003,0.003969375
Ni09,9.3344625,0.004389625
Ni09,9.399967500000002,0.004841875
Ni09,9.4654725,0.00531975
Ni09,9.530977500000002,0.0058595
Ni09,9.5964825,0.006365
Ni09,9.661987500000002,0.0069685
Ni09,9.7274925,0.007605125
Ni09,9.792997500000002,0.00826625
Ni09,9.8585025,0.008900125
Ni09,9.924007500000002,0.00965575
Ni09,9.9895125,0.01035225
Ni09,10.055017500000002,0.011159125
Ni09,10.1205225,0.011903125
Ni09,10.186027500000002,0.0127215
Ni09,10.2515325,0.01356325
Ni09,10.317037500000001,0.014363375
Ni09,10.3825425,0.0151935
Ni09,10.448047500000001,0.016026125
Ni09,10.513552500000003,0.016810375
Ni09,10.579057500000001,0.017648875
Ni09,10.644562500000003,0.018363875
Ni09,10.710067500000001,0.019230375
Ni09,10.775572500000003,0.019870375
Ni09,10.8410775,0.020623375
Ni09,10.906582500000003,0.021177375
Ni09,10.9720875,0.021826
Ni09,11.037592500000002,0.0223445
Ni09,11.1030975,0.02280025
Ni09,11.168602500000002,0.023227375
Ni09,11.2341075,0.023504625
Ni09,11.299612500000002,0.023749875
Ni09,11.3651175,0.02385925
Ni09,11.430622500000002,0.023962625
Ni09,11.4961275,0.02389975
Ni09,11.561632500000002,0.023849875
Ni09,11.6271375,0.0236105
Ni09,11.692642500000002,0.0233755
Ni09,11.7581475,0.022973875
Ni09,11.823652500000001,0.022585375
Ni09,11.889157500000001,0.022009125
Ni09,11.954662500000001,0.021497875
Ni09,12.020167500000003,0.020770125
Ni09,12.085672500000001,0.020098
Ni09,12.151177500000003,0.01924025
Ni09,12.216682500000001,0.018476
Ni09,12.282187500000003,0.017623
Ni09,12.3476925,0.01673
Ni09,12.413197500000003,0.015866
Ni09,12.4787025,0.014909125
Ni09,12.544207500000002,0.014017875
Ni09,12.6097125,0.013026625
Ni09,12.675217500000002,0.012150125
Ni09,12.7407225,0.011254
Ni09,12.806227500000002,0.010374625
Ni09,12.8717325,0.009488375
Ni09,12.937237500000002,0.00868825
Ni09,13.0027425,0.0078785
Ni09,13.068247500000002,0.0071625
Ni09,13.1337525,0.006430625
Ni09,13.199257500000002,0.005765875
Ni09,13.264762500000002,0.005163125
Ni09,13.330267500000001,0.004590125
Ni09,13.395772500000003,0.004057875
Ni09,13.461277500000001,0.003587
Ni09,13.526782500000003,0.00313075
Ni09,13.592287500000001,0.002756125
Ni09,13.657792500000003,0.002383
Ni09,13.723297500000001,0.002034
Ni09,13.788802500000003,0.001773
Ni09,13.8543075,0.001502125
Ni09,13.919812500000003,0.00128775
Ni09,13.9853175,0.0011025
Ni09,14.050822500000002,0.0009265
Ni09,14.1163275,0.00078825
Ni09,14.181832500000002,0.00063475
Ni09,14.2473375,0.000536875
Ni09,14.312842500000002,0.000442875
Ni09,14.3783475,0.0003515
Ni09,14.443852500000002,0.000307
Ni09,14.5093575,0.000236
Ni09,14.574862500000002,0.000194375
Ni09,14.6403675,0.000164375
Ni09,14.705872500000002,0.000120125
Ni09,14.771377500000003,0.000101
Ni09,14.836882500000002,7.6375e-05
Ni09,14.902387500000003,6e-05
Ni09,14.967892500000001,4.825e-05
Ni09,15.033397500000003,3.3e-05
Ni09,15.098902500000001,2.7875e-05
Ni09,15.164407500000003,2.125e-05
Ni09,15.229912500000001,1.35e-05
Ni09,15.295417500000003,1.2625e-05
Ni09,15.360922500000001,7.5e-06
Ni09,15.426427500000003,7.25e-06
Ni09,15.4919325,4.625e-06
Ni09,15.557437500000002,4.25e-06
Ni09,15.6229425,3.375e-06
Ni09,15.688447500000002,1.75e-06
Ni09,15.7539525,2.375e-06
Ni09,15.819457500000002,1.375e-06
Ni09,15.8849625,5e-07
Ni09,15.950467500000002,1.125e-06
Ni09,16.0159725,3.75e-07
Ni09,16.081477500000002,3.75e-07
Ni09,16.1469825,2.5e-07
Ni09,16.2124875,1.25e-07
Ni09,16.277992500000003,2.5e-07
Ni09,16.3434975,0.0
Ni09,16.4090025,1.25e-07
Ni09,16.4745075,1.25e-07
Ni09,16.540012500000003,0.0
Ni09,16.6055175,1.25e-07
Ir09,2.1944175,0.0
Ir09,2.2599225,0.0
Ir09,2.3254275000000004,0.0
Ir09,2.3909325000000003,7.142857142857142e-08
Ir09,2.4564375000000003,0.0
Ir09,2.5219425,7.142857142857142e-08
Ir09,2.5874475000000006,7.142857142857142e-08
Ir09,2.6529525000000005,0.0
Ir09,2.7184575000000004,1.4285714285714285e-07
Ir09,2.7839625000000003,1.4285714285714285e-07
Ir09,2.8494675000000003,0.0
Ir09,2.9149725,1.4285714285714285e-07
Ir09,2.9804775,1.4285714285714285e-07
Ir09,3.0459825000000005,2.1428571428571428e-07
Ir09,3.1114875000000004,5e-07
Ir09,3.1769925000000003,5e-07
Ir09,3.2424975000000003,5.714285714285714e-07
Ir09,3.3080025000000006,7.142857142857143e-07
Ir09,3.3735075000000005,7.142857142857143e-07
Ir09,3.4390125000000005,5e-07
Ir09,3.5045175000000004,1e-06
Ir09,3.5700225000000003,1.4285714285714286e-06
Ir09,3.6355275000000002,8.571428571428571e-07
Ir09,3.7010325,1.5e-06
Ir09,3.7665375000000005,0.0
Ir09,3.8320425000000005,1.6428571428571429e-06
Ir09,3.8975475000000004,1.9285714285714285e-06
Ir09,3.9630525000000003,2.8571428571428573e-06
Ir09,4.028557500000001,2.785714285714286e-06
Ir09,4.094062500000001,2.8571428571428573e-06
Ir09,4.1595675000000005,4.071428571428572e-06
Ir09,4.2250725000000005,4.571428571428571e-06
Ir09,4.2905775,4.071428571428572e-06
Ir09,4.3560825,6.285714285714286e-06
Ir09,4.4215875,7e-06
Ir09,4.4870925,6.857142857142857e-06
Ir09,4.552597500000001,9.642857142857142e-06
Ir09,4.618102500000001,1.1428571428571429e-05
Ir09,4.683607500000001,9.714285714285713e-06
Ir09,4.749112500000001,1.6e-05
Ir09,4.814617500000001,1.55e-05
Ir09,4.880122500000001,1.7142857142857142e-05
Ir09,4.9456275000000005,2.3714285714285713e-05
Ir09,5.0111325,2.3785714285714286e-05
Ir09,5.0766375,2.9357142857142857e-05
Ir09,5.1421425,3.407142857142857e-05
Ir09,5.2076475,3.6357142857142854e-05
Ir09,5.273152500000001,4.5e-05
Ir09,5.338657500000001,5.007142857142857e-05
Ir09,5.404162500000001,5.264285714285714e-05
Ir09,5.469667500000001,6.907142857142857e-05
Ir09,5.535172500000001,7.142857142857143e-05
Ir09,5.600677500000001,8.514285714285714e-05
Ir09,5.666182500000001,9.885714285714286e-05
Ir09,5.7316875000000005,0.00010714285714285714
Ir09,5.7971925,0.00012871428571428571
Ir09,5.8626975,0.00014242857142857143
Ir09,5.928202500000001,0.0001645
Ir09,5.993707500000001,0.0001877142857142857
Ir09,6.059212500000001,0.00021
Ir09,6.124717500000001,0.00024385714285714286
Ir09,6.190222500000001,0.0002705
Ir09,6.255727500000001,0.00031214285714285713
Ir09,6.321232500000001,0.000349
Ir09,6.386737500000001,0.0003955
Ir09,6.4522425000000005,0.0004455714285714286
Ir09,6.5177475000000005,0.0005006428571428572
Ir09,6.5832525,0.0005641428571428571
Ir09,6.6487575,0.0006234285714285714
Ir09,6.714262500000001,0.0007073571428571428
Ir09,6.779767500000001,0.0007871428571428571
Ir09,6.845272500000001,0.0008817142857142857
Ir09,6.910777500000001,0.0009895714285714286
Ir09,6.976282500000001,0.0010987142857142858
Ir09,7.041787500000001,0.0012162142857142857
Ir09,7.107292500000001,0.0013580714285714285
Ir09,7.172797500000001,0.0015070714285714286
Ir09,7.2383025000000005,0.0016594285714285715
Ir09,7.3038075000000005,0.0018504285714285714
Ir09,7.369312500000001,0.0020263571428571427
Ir09,7.434817500000001,0.002246285714285714
Ir09,7.500322500000001,0.002468785714285714
Ir09,7.565827500000001,0.002732
Ir09,7.631332500000001,0.002988857142857143
Ir09,7.696837500000001,0.0032682142857142858
Ir09,7.762342500000001,0.0035774285714285712
Ir09,7.827847500000001,0.0038845714285714286
Ir09,7.893352500000001,0.004245428571428571
Ir09,7.958857500000001,0.004597071428571429
Ir09,8.0243625,0.0050067857142857145
Ir09,8.0898675,0.005401357142857143
Ir09,8.155372500000002,0.005850142857142858
Ir09,8.2208775,0.006302285714285714
Ir09,8.286382500000002,0.0067775
Ir09,8.3518875,0.007281357142857143
Ir09,8.417392500000002,0.007795928571428572
Ir09,8.4828975,0.0083435
Ir09,8.548402500000002,0.008908357142857143
Ir09,8.6139075,0.009492571428571428
Ir09,8.679412500000002,0.010102071428571429
Ir09,8.7449175,0.010678071428571429
Ir09,8.810422500000001,0.011340071428571429
Ir09,8.8759275,0.011932642857142857
Ir09,8.941432500000001,0.012603214285714285
Ir09,9.0069375,0.013224642857142857
Ir09,9.072442500000001,0.013885
Ir09,9.137947500000003,0.014502928571428571
Ir09,9.203452500000001,0.015145
Ir09,9.268957500000003,0.015790285714285715
Ir09,9.3344625,0.016347928571428572
Ir09,9.399967500000002,0.016966571428571428
Ir09,9.4654725,0.017508642857142858
Ir09,9.530977500000002,0.01809
Ir09,9.5964825,0.01856707142857143
Ir09,9.661987500000002,0.01910035714285714
Ir09,9.7274925,0.019466428571428572
Ir09,9.792997500000002,0.01992292857142857
Ir09,9.8585025,0.020177
Ir09,9.924007500000002,0.020561714285714287
Ir09,9.9895125,0.0207565
Ir09,10.055017500000002,0.020995
Ir09,10.1205225,0.02114807142857143
Ir09,10.186027500000002,0.021207214285714284
Ir09,10.2515325,0.021243142857142856
Ir09,10.317037500000001,0.021174357142857144
Ir09,10.3825425,0.021134714285714284
Ir09,10.448047500000001,0.02088735714285714
Ir09,10.513552500000003,0.020785214285714285
Ir09,10.579057500000001,0.02036307142857143
Ir09,10.644562500000003,0.020122857142857144
Ir09,10.710067500000001,0.019695142857142856
Ir09,10.775572500000003,0.019254642857142856
Ir09,10.8410775,0.018780214285714285
Ir09,10.906582500000003,0.018215142857142857
Ir09,10.9720875,0.017671285714285716
Ir09,11.037592500000002,0.017009357142857142
Ir09,11.1030975,0.01639442857142857
Ir09,11.168602500000002,0.015696214285714286
Ir09,11.2341075,0.014998785714285714
Ir09,11.299612500000002,0.014257571428571428
Ir09,11.3651175,0.013559142857142856
Ir09,11.430622500000002,0.012848785714285714
Ir09,11.4961275,0.012069071428571429
Ir09,11.561632500000002,0.011377928571428572
Ir09,11.6271375,0.010630571428571428
Ir09,11.692642500000002,0.009895928571428571
Ir09,11.7581475,0.009193214285714285
Ir09,11.823652500000001,0.0085
Ir09,11.889157500000001,0.007852285714285714
Ir09,11.954662500000001,0.007204714285714286
Ir09,12.020167500000003,0.006598214285714285
Ir09,12.085672500000001,0.005998928571428572
Ir09,12.151177500000003,0.0054415
Ir09,12.216682500000001,0.004952785714285714
Ir09,12.282187500000003,0.004443142857142857
Ir09,12.3476925,0.003980571428571429
Ir09,12.413197500000003,0.0035577142857142856
Ir09,12.4787025,0.0031599285714285713
Ir09,12.544207500000002,0.0028132142857142856
Ir09,12.6097125,0.0024867142857142857
Ir09,12.675217500000002,0.002176642857142857
Ir09,12.7407225,0.0019247142857142857
Ir09,12.806227500000002,0.0016592857142857143
Ir09,12.8717325,0.001440142857142857
Ir09,12.937237500000002,0.0012448571428571428
Ir09,13.0027425,0.0010689285714285714
Ir09,13.068247500000002,0.0009253571428571428
Ir09,13.1337525,0.0007897857142857143
Ir09,13.199257500000002,0.0006637142857142857
Ir09,13.264762500000002,0.0005753571428571429
Ir09,13.330267500000001,0.0004717142857142857
Ir09,13.395772500000003,0.0003892857142857143
Ir09,13.461277500000001,0.00033264285714285714
Ir09,13.526782500000003,0.00027092857142857143
Ir09,13.592287500000001,0.00021792857142857142
Ir09,13.657792500000003,0.000191
Ir09,13.723297500000001,0.00015014285714285715
Ir09,13.788802500000003,0.0001205
Ir09,13.8543075,0.00010364285714285715
Ir09,13.919812500000003,8e-05
Ir09,13.9853175,6.057142857142857e-05
Ir09,14.050822500000002,5.35e-05
Ir09,14.1163275,4e-05
Ir09,14.181832500000002,2.7357142857142856e-05
Ir09,14.2473375,2.5428571428571427e-05
Ir09,14.312842500000002,1.892857142857143e-05
Ir09,14.3783475,1.2857142857142857e-05
Ir09,14.443852500000002,1.1571428571428571e-05
Ir09,14.5093575,7.142857142857143e-06
Ir09,14.574862500000002,5.7857142857142855e-06
Ir09,14.6403675,5.5e-06
Ir09,14.705872500000002,2.9285714285714287e-06
Ir09,14.771377500000003,3.142857142857143e-06
Ir09,14.836882500000002,2.357142857142857e-06
Ir09,14.902387500000003,1.5e-06
Ir09,14.967892500000001,1.6428571428571429e-06
Ir09,15.033397500000003,1.0714285714285714e-06
Ir09,15.098902500000001,7.142857142857143e-07
Ir09,15.164407500000003,3.5714285714285716e-07
Ir09,15.229912500000001,6.428571428571429e-07
Ir09,15.295417500000003,2.857142857142857e-07
Ir09,15.360922500000001,1.4285714285714285e-07
Ir09,15.426427500000003,2.1428571428571428e-07
Ir09,15.4919325,7.142857142857142e-08
Ir09,15.557437500000002,7.142857142857142e-08
Ir09,15.6229425,7.142857142857142e-08
Ir09,15.688447500000002,7.142857142857142e-08
Ir09,15.7539525,0.0
Ir09,15.819457500000002,7.142857142857142e-08
Ir09,15.8849625,7.142857142857142e-08
Cu09,0.032752500000000004,0.0
Cu09,0.09825750000000001,0.0
Cu09,0.16376250000000003,0.0
Cu09,0.2292675,3.3333333333333335e-07
Cu09,0.29477250000000005,2.5e-07
Cu09,0.36027750000000003,4.1666666666666667e-07
Cu09,0.42578250000000006,8.333333333333334e-08
Cu09,0.49128750000000004,4.1666666666666667e-07
Cu09,0.5567925,5e-07
Cu09,0.6222975000000002,3.3333333333333335e-07
Cu09,0.6878025000000001,5e-07
Cu09,0.7533075,5e-07
Cu09,0.8188125000000002,2.5e-07
Cu09,0.8843175000000001,7.5e-07
Cu09,0.9498225,5e-07
Cu09,1.0153275000000002,0.0
Cu09,1.0808325,7.5e-07
Cu09,1.1463375,6.666666666666667e-07
Cu09,1.2118425000000002,9.166666666666666e-07
Cu09,1.2773475000000003,9.166666666666666e-07
Cu09,1.3428525000000002,1.3333333333333334e-06
Cu09,1.4083575000000002,0.0
Cu09,1.4738625,1.4166666666666667e-06
Cu09,1.5393675000000002,1.1666666666666666e-06
Cu09,1.6048725000000001,2e-06
Cu09,1.6703775000000003,2e-06
Cu09,1.7358825000000002,1.75e-06
Cu09,1.8013875000000001,2.1666666666666665e-06
Cu09,1.8668925,2.333333333333333e-06
Cu09,1.9323975000000002,3e-06
Cu09,1.9979025000000004,3.083333333333333e-06
Cu09,2.0634075000000003,3e-06
Cu09,2.1289125,3.833333333333334e-06
Cu09,2.1944175,0.0
Cu09,2.2599225,4.416666666666667e-06
Cu09,2.3254275000000004,4.5e-06
Cu09,2.3909325000000003,6.166666666666666e-06
Cu09,2.4564375000000003,6.916666666666667e-06
Cu09,2.5219425,6.25e-06
Cu09,2.5874475000000006,8.416666666666667e-06
Cu09,2.6529525000000005,1.0416666666666666e-05
Cu09,2.7184575000000004,8.583333333333333e-06
Cu09,2.7839625000000003,1.225e-05
Cu09,2.8494675000000003,1.325e-05
Cu09,2.9149725,1.3916666666666667e-05
Cu09,2.9804775,1.6833333333333334e-05
Cu09,3.0459825000000005,1.8083333333333334e-05
Cu09,3.1114875000000004,2.0083333333333335e-05
Cu09,3.1769925000000003,2.4583333333333332e-05
Cu09,3.2424975000000003,2.4583333333333332e-05
Cu09,3.3080025000000006,2.975e-05
Cu09,3.3735075000000005,3.45e-05
Cu09,3.4390125000000005,3.508333333333333e-05
Cu09,3.5045175000000004,4.133333333333333e-05
Cu09,3.5700225000000003,4.633333333333333e-05
Cu09,3.6355275000000002,5.15e-05
Cu09,3.7010325,5.658333333333333e-05
Cu09,3.7665375000000005,6.358333333333334e-05
Cu09,3.8320425000000005,7.191666666666666e-05
Cu09,3.8975475000000004,8.008333333333333e-05
Cu09,3.9630525000000003,8.933333333333333e-05
Cu09,4.028557500000001,0.00010233333333333333
Cu09,4.094062500000001,0.00011116666666666667
Cu09,4.1595675000000005,0.000127
Cu09,4.2250725000000005,0.00013783333333333334
Cu09,4.2905775,0.00015583333333333334
Cu09,4.3560825,0.00018258333333333334
Cu09,4.4215875,0.00019458333333333334
Cu09,4.4870925,0.00022241666666666666
Cu09,4.552597500000001,0.00024733333333333335
Cu09,4.618102500000001,0.000274
Cu09,4.683607500000001,0.0003
Cu09,4.749112500000001,0.000347
Cu09,4.814617500000001,0.0003785
Cu09,4.880122500000001,0.00042166666666666665
Cu09,4.9456275000000005,0.00047375
Cu09,5.0111325,0.000516
Cu09,5.0766375,0.00058025
Cu09,5.1421425,0.0006333333333333333
Cu09,5.2076475,0.00070625
Cu09,5.273152500000001,0.0007721666666666667
Cu09,5.338657500000001,0.0008635
Cu09,5.404162500000001,0.00094225
Cu09,5.469667500000001,0.00105525
Cu09,5.535172500000001,0.0011503333333333333
Cu09,5.600677500000001,0.0012735
Cu09,5.666182500000001,0.0013890833333333333
Cu09,5.7316875000000005,0.0015313333333333333
Cu09,5.7971925,0.001673
Cu09,5.8626975,0.0018443333333333332
Cu09,5.928202500000001,0.00201425
Cu09,5.993707500000001,0.002202833333333333
Cu09,6.059212500000001,0.0023988333333333335
Cu09,6.124717500000001,0.002624333333333333
Cu09,6.190222500000001,0.002841
Cu09,6.255727500000001,0.00310675
Cu09,6.321232500000001,0.00337275
Cu09,6.386737500000001,0.00367725
Cu09,6.4522425000000005,0.003952583333333333
Cu09,6.5177475000000005,0.004296083333333333
Cu09,6.5832525,0.0046065
Cu09,6.6487575,0.0049945
Cu09,6.714262500000001,0.00536275
Cu09,6.779767500000001,0.00578
Cu09,6.845272500000001,0.00619625
Cu09,6.910777500000001,0.00662575
Cu09,6.976282500000001,0.007088333333333334
Cu09,7.041787500000001,0.00754325
Cu09,7.107292500000001,0.008076583333333333
Cu09,7.172797500000001,0.008590583333333334
Cu09,7.2383025000000005,0.009079416666666666
Cu09,7.3038075000000005,0.009680833333333333
Cu09,7.369312500000001,0.010181916666666667
Cu09,7.434817500000001,0.010801333333333333
Cu09,7.500322500000001,0.01134925
Cu09,7.565827500000001,0.011947833333333333
Cu09,7.631332500000001,0.012524833333333334
Cu09,7.696837500000001,0.0131155
Cu09,7.762342500000001,0.01370275
Cu09,7.827847500000001,0.014287916666666668
Cu09,7.893352500000001,0.014898083333333333
Cu09,7.958857500000001,0.015445833333333334
Cu09,8.0243625,0.016031916666666667
Cu09,8.0898675,0.016545583333333332
Cu09,8.155372500000002,0.017062833333333333
Cu09,8.2208775,0.017622833333333334
Cu09,8.286382500000002,0.017999916666666668
Cu09,8.3518875,0.018464416666666667
Cu09,8.417392500000002,0.018929166666666667
Cu09,8.4828975,0.019244916666666667
Cu09,8.548402500000002,0.01955475
Cu09,8.6139075,0.0199325
Cu09,8.679412500000002,0.020085916666666665
Cu09,8.7449175,0.0202405
Cu09,8.810422500000001,0.020442333333333333
Cu09,8.8759275,0.020466
Cu09,8.941432500000001,0.020470833333333334
Cu09,9.0069375,0.020478916666666666
Cu09,9.072442500000001,0.020386083333333332
Cu09,9.137947500000003,0.020269583333333334
Cu09,9.203452500000001,0.02001408333333333
Cu09,9.268957500000003,0.019815833333333335
Cu09,9.3344625,0.01951425
Cu09,9.399967500000002,0.0191065
Cu09,9.4654725,0.01878258333333333
Cu09,9.530977500000002,0.018297166666666666
Cu09,9.5964825,0.017769666666666666
Cu09,9.661987500000002,0.017261
Cu09,9.7274925,0.01664625
Cu09,9.792997500000002,0.016074416666666667
Cu09,9.8585025,0.015444
Cu09,9.924007500000002,0.014806583333333333
Cu09,9.9895125,0.014169333333333334
Cu09,10.055017500000002,0.01345
Cu09,10.1205225,0.012742666666666666
Cu09,10.186027500000002,0.01207225
Cu09,10.2515325,0.01136025
Cu09,10.317037500000001,0.010611583333333334
Cu09,10.3825425,0.0099745
Cu09,10.448047500000001,0.0093105
Cu09,10.513552500000003,0.008633166666666667
Cu09,10.579057500000001,0.007978916666666667
Cu09,10.644562500000003,0.00734625
Cu09,10.710067500000001,0.00678425
Cu09,10.775572500000003,0.006207
Cu09,10.8410775,0.005665416666666667
Cu09,10.906582500000003,0.0051275
Cu09,10.9720875,0.004640333333333333
Cu09,11.037592500000002,0.00420775
Cu09,11.1030975,0.0037760833333333335
Cu09,11.168602500000002,0.0033995
Cu09,11.2341075,0.0030228333333333335
Cu09,11.299612500000002,0.002681
Cu09,11.3651175,0.0023908333333333334
Cu09,11.430622500000002,0.002098833333333333
Cu09,11.4961275,0.0018354166666666666
Cu09,11.561632500000002,0.0016085833333333334
Cu09,11.6271375,0.00138925
Cu09,11.692642500000002,0.0012269166666666667
Cu09,11.7581475,0.00105975
Cu09,11.823652500000001,0.0009149166666666666
Cu09,11.889157500000001,0.0007846666666666667
Cu09,11.954662500000001,0.0006681666666666666
Cu09,12.020167500000003,0.0005605833333333333
Cu09,12.085672500000001,0.00047441666666666666
Cu09,12.151177500000003,0.00040016666666666667
Cu09,12.216682500000001,0.0003355
Cu09,12.282187500000003,0.0002795
Cu09,12.3476925,0.00023766666666666668
Cu09,12.413197500000003,0.000193
Cu09,12.4787025,0.00016216666666666666
Cu09,12.544207500000002,0.00013041666666666667
Cu09,12.6097125,0.00010533333333333334
Cu09,12.675217500000002,8.55e-05
Cu09,12.7407225,6.908333333333334e-05
Cu09,12.806227500000002,5.516666666666667e-05
Cu09,12.8717325,4.0333333333333336e-05
Cu09,12.937237500000002,3.5333333333333336e-05
Cu09,13.0027425,2.6333333333333334e-05
Cu09,13.068247500000002,2.0916666666666666e-05
Cu09,13.1337525,1.5166666666666667e-05
Cu09,13.199257500000002,1.2166666666666667e-05
Cu09,13.264762500000002,9.916666666666666e-06
Cu09,13.330267500000001,6.833333333333334e-06
Cu09,13.395772500000003,5.916666666666667e-06
Cu09,13.461277500000001,4.5e-06
Cu09,13.526782500000003,3.5e-06
Cu09,13.592287500000001,3e-06
Cu09,13.657792500000003,2.5e-06
Cu09,13.723297500000001,1.916666666666667e-06
Cu09,13.788802500000003,1.1666666666666666e-06
Cu09,13.8543075,8.333333333333333e-07
Cu09,13.919812500000003,8.333333333333333e-07
Cu09,13.9853175,6.666666666666667e-07
Cu09,14.050822500000002,5e-07
Cu09,14.1163275,1.6666666666666668e-07
Cu09,14.181832500000002,2.5e-07
Cu09,14.2473375,1.6666666666666668e-07
Cu09,14.312842500000002,1.6666666666666668e-07
Cu09,14.3783475,8.333333333333334e-08
Cu09,14.443852500000002,8.333333333333334e-08
Cu09,14.5093575,8.333333333333334e-08
Cu09,14.574862500000002,8.333333333333334e-08
Cu09,14.6403675,8.333333333333334e-08
Cu09,14.705872500000002,8.333333333333334e-08
Ni10,0.032752500000000004,0.0
Ni10,0.09825750000000001,0.0
Ni10,0.16376250000000003,0.0
Ni10,0.2292675,1.1933333333333333e-05
Ni10,0.29477250000000005,1.06e-05
Ni10,0.36027750000000003,1.2933333333333334e-05
Ni10,0.42578250000000006,1.4533333333333334e-05
Ni10,0.49128750000000004,1.46e-05
Ni10,0.5567925,1.4066666666666667e-05
Ni10,0.6222975000000002,1.5666666666666667e-05
Ni10,0.6878025000000001,1.72e-05
Ni10,0.7533075,2.0733333333333334e-05
Ni10,0.8188125000000002,2.1466666666666666e-05
Ni10,0.8843175000000001,2.2266666666666668e-05
Ni10,0.9498225,2.26e-05
Ni10,1.0153275000000002,2.8733333333333335e-05
Ni10,1.0808325,2.8933333333333333e-05
Ni10,1.1463375,3.0533333333333335e-05
Ni10,1.2118425000000002,3.3066666666666666e-05
Ni10,1.2773475000000003,3.646666666666667e-05
Ni10,1.3428525000000002,4.1e-05
Ni10,1.4083575000000002,4.2533333333333335e-05
Ni10,1.4738625,4.426666666666667e-05
Ni10,1.5393675000000002,5.24e-05
Ni10,1.6048725000000001,5.6733333333333335e-05
Ni10,1.6703775000000003,5.746666666666667e-05
Ni10,1.7358825000000002,6.313333333333333e-05
Ni10,1.8013875000000001,7.1e-05
Ni10,1.8668925,7.606666666666667e-05
Ni10,1.9323975000000002,7.886666666666667e-05
Ni10,1.9979025000000004,9.253333333333334e-05
Ni10,2.0634075000000003,9.8e-05
Ni10,2.1289125,0.0001026
Ni10,2.1944175,0.00012013333333333333
Ni10,2.2599225,0.00012613333333333333
Ni10,2.3254275000000004,0.00013306666666666666
Ni10,2.3909325000000003,0.00015253333333333335
Ni10,2.4564375000000003,0.0001632
Ni10,2.5219425,0.00017393333333333332
Ni10,2.5874475000000006,0.0001944
Ni10,2.6529525000000005,0.0002098
Ni10,2.7184575000000004,0.0002286
Ni10,2.7839625000000003,0.0002494
Ni10,2.8494675000000003,0.0002685333333333333
Ni10,2.9149725,0.000296
Ni10,2.9804775,0.00032106666666666665
Ni10,3.0459825000000005,0.0003450666666666667
Ni10,3.1114875000000004,0.000381
Ni10,3.1769925000000003,0.00040826666666666665
Ni10,3.2424975000000003,0.00044733333333333333
Ni10,3.3080025000000006,0.000486
Ni10,3.3735075000000005,0.0005190666666666666
Ni10,3.4390125000000005,0.0005776666666666666
Ni10,3.5045175000000004,0.0006032
Ni10,3.5700225000000003,0.0006735333333333333
Ni10,3.6355275000000002,0.0007267333333333333
Ni10,3.7010325,0.0007898666666666667
Ni10,3.7665375000000005,0.0008634666666666667
Ni10,3.8320425000000005,0.0009206666666666666
Ni10,3.8975475000000004,0.0010146666666666668
Ni10,3.9630525000000003,0.0010713333333333334
Ni10,4.028557500000001,0.0011902
Ni10,4.094062500000001,0.0012598666666666666
Ni10,4.1595675000000005,0.0013867333333333334
Ni10,4.2250725000000005,0.0014726
Ni10,4.2905775,0.0016188
Ni10,4.3560825,0.0017166666666666667
Ni10,4.4215875,0.0018816
Ni10,4.4870925,0.0019944666666666666
Ni10,4.552597500000001,0.0021836666666666667
Ni10,4.618102500000001,0.002316466666666667
Ni10,4.683607500000001,0.0025304666666666666
Ni10,4.749112500000001,0.0026881333333333333
Ni10,4.814617500000001,0.0029196
Ni10,4.880122500000001,0.0030876666666666665
Ni10,4.9456275000000005,0.0033604
Ni10,5.0111325,0.003550666666666667
Ni10,5.0766375,0.0038309333333333335
Ni10,5.1421425,0.004059933333333333
Ni10,5.2076475,0.004344066666666667
Ni10,5.273152500000001,0.0046522
Ni10,5.338657500000001,0.004947733333333333
Ni10,5.404162500000001,0.0052736
Ni10,5.469667500000001,0.005582866666666667
Ni10,5.535172500000001,0.0059525333333333335
Ni10,5.600677500000001,0.006294933333333333
Ni10,5.666182500000001,0.006677266666666667
Ni10,5.7316875000000005,0.007065733333333333
Ni10,5.7971925,0.007452933333333333
Ni10,5.8626975,0.007882
Ni10,5.928202500000001,0.008296133333333334
Ni10,5.993707500000001,0.008737
Ni10,6.059212500000001,0.009186133333333334
Ni10,6.124717500000001,0.0096202
Ni10,6.190222500000001,0.010129666666666667
Ni10,6.255727500000001,0.010536333333333333
Ni10,6.321232500000001,0.011039333333333333
Ni10,6.386737500000001,0.011524066666666668
Ni10,6.4522425000000005,0.011984066666666666
Ni10,6.5177475000000005,0.012449933333333333
Ni10,6.5832525,0.012941266666666666
Ni10,6.6487575,0.013403466666666667
Ni10,6.714262500000001,0.013881333333333334
Ni10,6.779767500000001,0.014344
Ni10,6.845272500000001,0.014761266666666667
Ni10,6.910777500000001,0.015244733333333333
Ni10,6.976282500000001,0.015619933333333334
Ni10,7.041787500000001,0.015987933333333332
Ni10,7.107292500000001,0.0164284
Ni10,7.172797500000001,0.0167772
Ni10,7.2383025000000005,0.0170744
Ni10,7.3038075000000005,0.017426066666666667
Ni10,7.369312500000001,0.0176984
Ni10,7.434817500000001,0.01789666666666667
Ni10,7.500322500000001,0.018136666666666666
Ni10,7.565827500000001,0.018274266666666667
Ni10,7.631332500000001,0.018406
Ni10,7.696837500000001,0.0184698
Ni10,7.762342500000001,0.01856206666666667
Ni10,7.827847500000001,0.0185918
Ni10,7.893352500000001,0.0185068
Ni10,7.958857500000001,0.018475066666666668
Ni10,8.0243625,0.018353933333333333
Ni10,8.0898675,0.0182164
Ni10,8.155372500000002,0.0179594
Ni10,8.2208775,0.0177838
Ni10,8.286382500000002,0.017471066666666667
Ni10,8.3518875,0.017196733333333332
Ni10,8.417392500000002,0.0167966
Ni10,8.4828975,0.016405
Ni10,8.548402500000002,0.0159708
Ni10,8.6139075,0.015571266666666667
Ni10,8.679412500000002,0.0150564
Ni10,8.7449175,0.0145002
Ni10,8.810422500000001,0.014024533333333334
Ni10,8.8759275,0.013498333333333333
Ni10,8.941432500000001,0.0129498
Ni10,9.0069375,0.012378666666666666
Ni10,9.072442500000001,0.0117622
Ni10,9.137947500000003,0.0111848
Ni10,9.203452500000001,0.010581333333333333
Ni10,9.268957500000003,0.0100184
Ni10,9.3344625,0.009442333333333334
Ni10,9.399967500000002,0.0088354
Ni10,9.4654725,0.008258866666666666
Ni10,9.530977500000002,0.007726
Ni10,9.5964825,0.0072028
Ni10,9.661987500000002,0.0066552
Ni10,9.7274925,0.006150333333333333
Ni10,9.792997500000002,0.005670733333333333
Ni10,9.8585025,0.005200266666666667
Ni10,9.924007500000002,0.004773533333333333
Ni10,9.9895125,0.004349
Ni10,10.055017500000002,0.003950733333333334
Ni10,10.1205225,0.0035851333333333335
Ni10,10.186027500000002,0.0032455333333333333
Ni10,10.2515325,0.0029188
Ni10,10.317037500000001,0.0026141333333333334
Ni10,10.3825425,0.0023448666666666665
Ni10,10.448047500000001,0.0020886666666666666
Ni10,10.513552500000003,0.0018510666666666667
Ni10,10.579057500000001,0.0016288666666666666
Ni10,10.644562500000003,0.0014432666666666667
Ni10,10.710067500000001,0.0012634
Ni10,10.775572500000003,0.0011075333333333333
Ni10,10.8410775,0.0009694666666666666
Ni10,10.906582500000003,0.0008440666666666666
Ni10,10.9720875,0.0007356
Ni10,11.037592500000002,0.0006268
Ni10,11.1030975,0.0005368
Ni10,11.168602500000002,0.0004574
Ni10,11.2341075,0.0003907333333333333
Ni10,11.299612500000002,0.000327
Ni10,11.3651175,0.0002804
Ni10,11.430622500000002,0.00023613333333333334
Ni10,11.4961275,0.00019593333333333334
Ni10,11.561632500000002,0.000166
Ni10,11.6271375,0.00013706666666666667
Ni10,11.692642500000002,0.00011326666666666666
Ni10,11.7581475,9.22e-05
Ni10,11.823652500000001,7.64e-05
Ni10,11.889157500000001,6.126666666666666e-05
Ni10,11.954662500000001,4.92e-05
Ni10,12.020167500000003,3.88e-05
Ni10,12.085672500000001,3.12e-05
Ni10,12.151177500000003,2.5e-05
Ni10,12.216682500000001,1.94e-05
Ni10,12.282187500000003,1.52e-05
Ni10,12.3476925,1.1066666666666667e-05
Ni10,12.413197500000003,9.2e-06
Ni10,12.4787025,7.266666666666667e-06
Ni10,12.544207500000002,5.933333333333333e-06
Ni10,12.6097125,4.6e-06
Ni10,12.675217500000002,3.866666666666666e-06
Ni10,12.7407225,3.066666666666667e-06
Ni10,12.806227500000002,2.266666666666667e-06
Ni10,12.8717325,1.933333333333333e-06
Ni10,12.937237500000002,1.5333333333333334e-06
Ni10,13.0027425,1e-06
Ni10,13.068247500000002,8e-07
Ni10,13.1337525,7.333333333333333e-07
Ni10,13.199257500000002,6e-07
Ni10,13.264762500000002,4.6666666666666666e-07
Ni10,13.330267500000001,2e-07
Ni10,13.395772500000003,2e-07
Ni10,13.461277500000001,1.3333333333333334e-07
Ni10,13.526782500000003,1.3333333333333334e-07
Ni10,13.592287500000001,6.666666666666667e-08
Ni10,13.657792500000003,6.666666666666667e-08
Ni10,13.723297500000001,6.666666666666667e-08
Ni10,13.788802500000003,6.666666666666667e-08
Ni10,13.8543075,6.666666666666667e-08
Ni10,13.919812500000003,6.666666666666667e-08
Ir10,0.032752500000000004,0.0
Ir10,0.09825750000000001,0.0
Ir10,0.16376250000000003,0.0
Ir10,0.2292675,0.0003050714285714286
Ir10,0.29477250000000005,0.00030275
Ir10,0.36027750000000003,0.00032685714285714284
Ir10,0.42578250000000006,0.00031789285714285714
Ir10,0.49128750000000004,0.0003423214285714286
Ir10,0.5567925,0.0003900357142857143
Ir10,0.6222975000000002,0.00038564285714285713
Ir10,0.6878025000000001,0.00041642857142857144
Ir10,0.7533075,0.00045071428571428573
Ir10,0.8188125000000002,0.0005062857142857143
Ir10,0.8843175000000001,0.0005179642857142857
Ir10,0.9498225,0.00058875
Ir10,1.0153275000000002,0.0005878928571428571
Ir10,1.0808325,0.0006316785714285714
Ir10,1.1463375,0.0007059285714285714
Ir10,1.2118425000000002,0.0007163214285714286
Ir10,1.2773475000000003,0.0008030714285714286
Ir10,1.3428525000000002,0.0008158214285714286
Ir10,1.4083575000000002,0.0008637857142857143
Ir10,1.4738625,0.0009581785714285714
Ir10,1.5393675000000002,0.0009802142857142856
Ir10,1.6048725000000001,0.0010832142857142857
Ir10,1.6703775000000003,0.0010967142857142857
Ir10,1.7358825000000002,0.0012204642857142857
Ir10,1.8013875000000001,0.0012392142857142858
Ir10,1.8668925,0.0013709642857142857
Ir10,1.9323975000000002,0.0013921071428571428
Ir10,1.9979025000000004,0.0015122857142857143
Ir10,2.0634075000000003,0.0015669285714285713
Ir10,2.1289125,0.00165575
Ir10,2.1944175,0.0017522142857142858
Ir10,2.2599225,0.0018497857142857142
Ir10,2.3254275000000004,0.0019680714285714284
Ir10,2.3909325000000003,0.0020556785714285716
Ir10,2.4564375000000003,0.002194142857142857
Ir10,2.5219425,0.0022983214285714287
Ir10,2.5874475000000006,0.0024411785714285716
Ir10,2.6529525000000005,0.002569107142857143
Ir10,2.7184575000000004,0.002718642857142857
Ir10,2.7839625000000003,0.0028538214285714287
Ir10,2.8494675000000003,0.0030068214285714286
Ir10,2.9149725,0.0031867142857142858
Ir10,2.9804775,0.0033386785714285714
Ir10,3.0459825000000005,0.0035311071428571427
Ir10,3.1114875000000004,0.0036981071428571427
Ir10,3.1769925000000003,0.0038904285714285716
Ir10,3.2424975000000003,0.0040965
Ir10,3.3080025000000006,0.004311535714285714
Ir10,3.3735075000000005,0.004509285714285714
Ir10,3.4390125000000005,0.004747107142857143
Ir10,3.5045175000000004,0.004964142857142857
Ir10,3.5700225000000003,0.005213285714285715
Ir10,3.6355275000000002,0.005464071428571428
Ir10,3.7010325,0.0056996071428571425
Ir10,3.7665375000000005,0.0059806071428571425
Ir10,3.8320425000000005,0.006250714285714286
Ir10,3.8975475000000004,0.0065142142857142855
Ir10,3.9630525000000003,0.006803464285714286
Ir10,4.028557500000001,0.0071001785714285715
Ir10,4.094062500000001,0.007387892857142857
Ir10,4.1595675000000005,0.007689607142857143
Ir10,4.2250725000000005,0.008026964285714287
Ir10,4.2905775,0.008316035714285715
Ir10,4.3560825,0.008639178571428572
Ir10,4.4215875,0.008969
Ir10,4.4870925,0.00929232142857143
Ir10,4.552597500000001,0.00962125
Ir10,4.618102500000001,0.009928785714285715
Ir10,4.683607500000001,0.010299821428571429
Ir10,4.749112500000001,0.010610357142857144
Ir10,4.814617500000001,0.01093725
Ir10,4.880122500000001,0.011254142857142857
Ir10,4.9456275000000005,0.01158125
Ir10,5.0111325,0.011917535714285714
Ir10,5.0766375,0.012218642857142857
Ir10,5.1421425,0.012534392857142857
Ir10,5.2076475,0.012832857142857142
Ir10,5.273152500000001,0.013151285714285714
Ir10,5.338657500000001,0.013428857142857143
Ir10,5.404162500000001,0.013691
Ir10,5.469667500000001,0.013949107142857143
Ir10,5.535172500000001,0.014184678571428572
Ir10,5.600677500000001,0.014434
Ir10,5.666182500000001,0.01463125
Ir10,5.7316875000000005,0.014818892857142857
Ir10,5.7971925,0.014988321428571429
Ir10,5.8626975,0.015153678571428571
Ir10,5.928202500000001,0.015294964285714285
Ir10,5.993707500000001,0.01540657142857143
Ir10,6.059212500000001,0.01551542857142857
Ir10,6.124717500000001,0.01556525
Ir10,6.190222500000001,0.015609035714285714
Ir10,6.255727500000001,0.015621071428571429
Ir10,6.321232500000001,0.015615535714285714
Ir10,6.386737500000001,0.015586035714285714
Ir10,6.4522425000000005,0.015520857142857144
Ir10,6.5177475000000005,0.015438285714285715
Ir10,6.5832525,0.0153285
Ir10,6.6487575,0.015172142857142858
Ir10,6.714262500000001,0.015016571428571428
Ir10,6.779767500000001,0.014829214285714286
Ir10,6.845272500000001,0.0146005
Ir10,6.910777500000001,0.014366607142857143
Ir10,6.976282500000001,0.014083571428571428
Ir10,7.041787500000001,0.013811571428571428
Ir10,7.107292500000001,0.013521857142857143
Ir10,7.172797500000001,0.013184392857142856
Ir10,7.2383025000000005,0.012826464285714287
Ir10,7.3038075000000005,0.012461714285714286
Ir10,7.369312500000001,0.01209075
Ir10,7.434817500000001,0.011681607142857143
Ir10,7.500322500000001,0.011287964285714285
Ir10,7.565827500000001,0.010876571428571428
Ir10,7.631332500000001,0.010466964285714286
Ir10,7.696837500000001,0.010035535714285714
Ir10,7.762342500000001,0.0096235
Ir10,7.827847500000001,0.009184071428571429
Ir10,7.893352500000001,0.008732714285714286
Ir10,7.958857500000001,0.008299964285714286
Ir10,8.0243625,0.007859
Ir10,8.0898675,0.007435357142857143
Ir10,8.155372500000002,0.007010785714285714
Ir10,8.2208775,0.006590142857142857
Ir10,8.286382500000002,0.006191035714285714
Ir10,8.3518875,0.005790571428571429
Ir10,8.417392500000002,0.005409535714285714
Ir10,8.4828975,0.005039214285714286
Ir10,8.548402500000002,0.004680321428571429
Ir10,8.6139075,0.004337928571428572
Ir10,8.679412500000002,0.004012178571428571
Ir10,8.7449175,0.00368625
Ir10,8.810422500000001,0.0033869642857142857
Ir10,8.8759275,0.0030960714285714285
Ir10,8.941432500000001,0.002829964285714286
Ir10,9.0069375,0.0025750714285714287
Ir10,9.072442500000001,0.0023445357142857144
Ir10,9.137947500000003,0.002125857142857143
Ir10,9.203452500000001,0.0019165
Ir10,9.268957500000003,0.0017349642857142856
Ir10,9.3344625,0.001554392857142857
Ir10,9.399967500000002,0.00138425
Ir10,9.4654725,0.0012366785714285715
Ir10,9.530977500000002,0.0011000714285714286
Ir10,9.5964825,0.0009705714285714286
Ir10,9.661987500000002,0.0008576071428571428
Ir10,9.7274925,0.0007605714285714286
Ir10,9.792997500000002,0.0006718214285714285
Ir10,9.8585025,0.0005899642857142857
Ir10,9.924007500000002,0.0005117857142857143
Ir10,9.9895125,0.00044485714285714284
Ir10,10.055017500000002,0.00038132142857142857
Ir10,10.1205225,0.0003283928571428571
Ir10,10.186027500000002,0.00028157142857142855
Ir10,10.2515325,0.0002415357142857143
Ir10,10.317037500000001,0.00020614285714285713
Ir10,10.3825425,0.000175
Ir10,10.448047500000001,0.00014939285714285713
Ir10,10.513552500000003,0.00012525
Ir10,10.579057500000001,0.00010764285714285715
Ir10,10.644562500000003,9.192857142857143e-05
Ir10,10.710067500000001,7.371428571428572e-05
Ir10,10.775572500000003,6.082142857142857e-05
Ir10,10.8410775,5.039285714285714e-05
Ir10,10.906582500000003,4.214285714285714e-05
Ir10,10.9720875,3.432142857142857e-05
Ir10,11.037592500000002,2.6285714285714286e-05
Ir10,11.1030975,2.2e-05
Ir10,11.168602500000002,1.775e-05
Ir10,11.2341075,1.4857142857142857e-05
Ir10,11.299612500000002,1.1035714285714286e-05
Ir10,11.3651175,8.607142857142857e-06
Ir10,11.430622500000002,6.678571428571429e-06
Ir10,11.4961275,5.7142857142857145e-06
Ir10,11.561632500000002,4.357142857142857e-06
Ir10,11.6271375,3.535714285714286e-06
Ir10,11.692642500000002,2.75e-06
Ir10,11.7581475,2.392857142857143e-06
Ir10,11.823652500000001,1.9285714285714285e-06
Ir10,11.889157500000001,1.7142857142857143e-06
Ir10,11.954662500000001,1.25e-06
Ir10,12.020167500000003,1e-06
Ir10,12.085672500000001,6.428571428571429e-07
Ir10,12.151177500000003,6.071428571428571e-07
Ir10,12.216682500000001,5.357142857142857e-07
Ir10,12.282187500000003,3.5714285714285716e-07
Ir10,12.3476925,2.5e-07
Ir10,12.413197500000003,2.5e-07
Ir10,12.4787025,1.0714285714285714e-07
Ir10,12.544207500000002,1.0714285714285714e-07
Ir10,12.6097125,1.0714285714285714e-07
Ir10,12.675217500000002,3.571428571428571e-08
Ir10,12.7407225,7.142857142857142e-08
Ir10,12.806227500000002,3.571428571428571e-08
Ir10,12.8717325,3.571428571428571e-08
Ir10,12.937237500000002,7.142857142857142e-08
Ir10,13.0027425,3.571428571428571e-08
Ir10,13.068247500000002,3.571428571428571e-08
Cu10,0.032752500000000004,0.0
Cu10,0.09825750000000001,0.0
Cu10,0.16376250000000003,0.002005205882352941
Cu10,0.2292675,0.0019699411764705884
Cu10,0.29477250000000005,0.0020114705882352943
Cu10,0.36027750000000003,0.0020715
Cu10,0.42578250000000006,0.002187235294117647
Cu10,0.49128750000000004,0.0022560294117647058
Cu10,0.5567925,0.0024013235294117648
Cu10,0.6222975000000002,0.002479529411764706
Cu10,0.6878025000000001,0.002643235294117647
Cu10,0.7533075,0.0027177941176470587
Cu10,0.8188125000000002,0.002887735294117647
Cu10,0.8843175000000001,0.0029891176470588235
Cu10,0.9498225,0.003107794117647059
Cu10,1.0153275000000002,0.0033048823529411766
Cu10,1.0808325,0.0033941176470588235
Cu10,1.1463375,0.003592529411764706
Cu10,1.2118425000000002,0.003701735294117647
Cu10,1.2773475000000003,0.003848676470588235
Cu10,1.3428525000000002,0.004064970588235294
Cu10,1.4083575000000002,0.004191029411764706
Cu10,1.4738625,0.004341470588235294
Cu10,1.5393675000000002,0.004598294117647059
Cu10,1.6048725000000001,0.004720823529411764
Cu10,1.6703775000000003,0.004884
Cu10,1.7358825000000002,0.005092764705882353
Cu10,1.8013875000000001,0.005357088235294118
Cu10,1.8668925,0.005492558823529412
Cu10,1.9323975000000002,0.005674617647058824
Cu10,1.9979025000000004,0.0059213529411764705
Cu10,2.0634075000000003,0.006184411764705883
Cu10,2.1289125,0.006396264705882353
Cu10,2.1944175,0.006632735294117647
Cu10,2.2599225,0.006863235294117647
Cu10,2.3254275000000004,0.007085941176470588
Cu10,2.3909325000000003,0.007315558823529412
Cu10,2.4564375000000003,0.0075536176470588235
Cu10,2.5219425,0.0077834411764705885
Cu10,2.5874475000000006,0.008038676470588235
Cu10,2.6529525000000005,0.0082825
Cu10,2.7184575000000004,0.008518382352941176
Cu10,2.7839625000000003,0.008763823529411765
Cu10,2.8494675000000003,0.009006029411764706
Cu10,2.9149725,0.009254029411764706
Cu10,2.9804775,0.00949185294117647
Cu10,3.0459825000000005,0.009738235294117647
Cu10,3.1114875000000004,0.009976588235294117
Cu10,3.1769925000000003,0.010215882352941177
Cu10,3.2424975000000003,0.010443058823529411
Cu10,3.3080025000000006,0.010667264705882354
Cu10,3.3735075000000005,0.0109105
Cu10,3.4390125000000005,0.011123558823529412
Cu10,3.5045175000000004,0.011348058823529412
Cu10,3.5700225000000003,0.011555941176470588
Cu10,3.6355275000000002,0.011753735294117646
Cu10,3.7010325,0.01194929411764706
Cu10,3.7665375000000005,0.012146117647058823
Cu10,3.8320425000000005,0.012306882352941176
Cu10,3.8975475000000004,0.012455823529411764
Cu10,3.9630525000000003,0.012600323529411765
Cu10,4.028557500000001,0.012744647058823529
Cu10,4.094062500000001,0.012863970588235294
Cu10,4.1595675000000005,0.012975088235294118
Cu10,4.2250725000000005,0.013059205882352942
Cu10,4.2905775,0.0131395
Cu10,4.3560825,0.013211558823529411
Cu10,4.4215875,0.01325770588235294
Cu10,4.4870925,0.0132935
Cu10,4.552597500000001,0.01332135294117647
Cu10,4.618102500000001,0.0133025
Cu10,4.683607500000001,0.013288558823529412
Cu10,4.749112500000001,0.013254735294117647
Cu10,4.814617500000001,0.013186294117647058
Cu10,4.880122500000001,0.013106911764705883
Cu10,4.9456275000000005,0.013026735294117646
Cu10,5.0111325,0.012913529411764706
Cu10,5.0766375,0.012791588235294117
Cu10,5.1421425,0.012626941176470589
Cu10,5.2076475,0.012443352941176471
Cu10,5.273152500000001,0.012269882352941177
Cu10,5.338657500000001,0.01205364705882353
Cu10,5.404162500000001,0.011836205882352941
Cu10,5.469667500000001,0.011586411764705882
Cu10,5.535172500000001,0.011346088235294118
Cu10,5.600677500000001,0.01108564705882353
Cu10,5.666182500000001,0.01081864705882353
Cu10,5.7316875000000005,0.010529823529411765
Cu10,5.7971925,0.010249088235294117
Cu10,5.8626975,0.0099365
Cu10,5.928202500000001,0.009615323529411765
Cu10,5.993707500000001,0.009268117647058824
Cu10,6.059212500000001,0.008923058823529412
Cu10,6.124717500000001,0.008607294117647058
Cu10,6.190222500000001,0.008255882352941177
Cu10,6.255727500000001,0.007909764705882352
Cu10,6.321232500000001,0.007556176470588235
Cu10,6.386737500000001,0.007212029411764706
Cu10,6.4522425000000005,0.0068735882352941174
Cu10,6.5177475000000005,0.006531617647058823
Cu10,6.5832525,0.0061885
Cu10,6.6487575,0.0058563823529411765
Cu10,6.714262500000001,0.005528411764705882
Cu10,6.779767500000001,0.005211676470588235
Cu10,6.845272500000001,0.004896352941176471
Cu10,6.910777500000001,0.0045884411764705885
Cu10,6.976282500000001,0.004287294117647058
Cu10,7.041787500000001,0.0040025
Cu10,7.107292500000001,0.0037206764705882355
Cu10,7.172797500000001,0.0034575882352941177
Cu10,7.2383025000000005,0.0032017647058823527
Cu10,7.3038075000000005,0.002967794117647059
Cu10,7.369312500000001,0.002743088235294118
Cu10,7.434817500000001,0.002518058823529412
Cu10,7.500322500000001,0.0023105
Cu10,7.565827500000001,0.002119970588235294
Cu10,7.631332500000001,0.0019353529411764705
Cu10,7.696837500000001,0.0017569411764705883
Cu10,7.762342500000001,0.001592735294117647
Cu10,7.827847500000001,0.0014387352941176471
Cu10,7.893352500000001,0.0012975882352941176
Cu10,7.958857500000001,0.001168264705882353
Cu10,8.0243625,0.0010505882352941176
Cu10,8.0898675,0.0009461470588235294
Cu10,8.155372500000002,0.0008480882352941176
Cu10,8.2208775,0.0007565882352941176
Cu10,8.286382500000002,0.0006715294117647059
Cu10,8.3518875,0.0005927352941176471
Cu10,8.417392500000002,0.0005220882352941176
Cu10,8.4828975,0.0004576470588235294
Cu10,8.548402500000002,0.00040058823529411764
Cu10,8.6139075,0.00034817647058823527
Cu10,8.679412500000002,0.00030379411764705884
Cu10,8.7449175,0.0002644705882352941
Cu10,8.810422500000001,0.00023191176470588234
Cu10,8.8759275,0.00020047058823529412
Cu10,8.941432500000001,0.00017158823529411766
Cu10,9.0069375,0.00014926470588235295
Cu10,9.072442500000001,0.00012629411764705884
Cu10,9.137947500000003,0.00010914705882352941
Cu10,9.203452500000001,8.944117647058824e-05
Cu10,9.268957500000003,7.66764705882353e-05
Cu10,9.3344625,6.38235294117647e-05
Cu10,9.399967500000002,5.323529411764706e-05
Cu10,9.4654725,4.3382352941176474e-05
Cu10,9.530977500000002,3.497058823529412e-05
Cu10,9.5964825,2.9911764705882352e-05
Cu10,9.661987500000002,2.485294117647059e-05
Cu10,9.7274925,2.0088235294117647e-05
Cu10,9.792997500000002,1.638235294117647e-05
Cu10,9.8585025,1.2558823529411764e-05
Cu10,9.924007500000002,1.0029411764705882e-05
Cu10,9.9895125,8.558823529411765e-06
Cu10,10.055017500000002,6.823529411764706e-06
Cu10,10.1205225,5.676470588235294e-06
Cu10,10.186027500000002,4.529411764705883e-06
Cu10,10.2515325,3.911764705882353e-06
Cu10,10.317037500000001,3.235294117647059e-06
Cu10,10.3825425,2.7058823529411766e-06
Cu10,10.448047500000001,2.235294117647059e-06
Cu10,10.513552500000003,1.7058823529411764e-06
Cu10,10.579057500000001,1.5588235294117647e-06
Cu10,10.644562500000003,9.705882352941176e-07
Cu10,10.710067500000001,7.647058823529412e-07
Cu10,10.775572500000003,7.058823529411765e-07
Cu10,10.8410775,6.176470588235294e-07
Cu10,10.906582500000003,3.823529411764706e-07
Cu10,10.9720875,4.1176470588235295e-07
Cu10,11.037592500000002,2.0588235294117647e-07
Cu10,11.1030975,1.764705882352941e-07
Cu10,11.168602500000002,1.4705882352941175e-07
Cu10,11.2341075,1.4705882352941175e-07
Cu10,11.299612500000002,8.823529411764706e-08
Cu10,11.3651175,5.882352941176471e-08
Cu10,11.430622500000002,5.882352941176471e-08
Cu10,11.4961275,8.823529411764706e-08
Cu10,11.561632500000002,5.882352941176471e-08
Cu10,11.6271375,8.823529411764706e-08
Cu10,11.692642500000002,5.882352941176471e-08
Cu10,11.7581475,8.823529411764706e-08
SS02,0.032752500000000004,0.0
SS02,0.09825750000000001,0.0
SS02,0.16376250000000003,0.0
SS02,0.2292675,0.0
SS02,0.29477250000000005,0.001823792079207921
SS02,0.36027750000000003,0.0018261287128712872
SS02,0.42578250000000006,0.0018781188118811882
SS02,0.49128750000000004,0.001953079207920792
SS02,0.5567925,0.0020366534653465346
SS02,0.6222975000000002,0.0021195247524752477
SS02,0.6878025000000001,0.0022084653465346536
SS02,0.7533075,0.0022938118811881188
SS02,0.8188125000000002,0.0023903762376237623
SS02,0.8843175000000001,0.0024548613861386137
SS02,0.9498225,0.0025464752475247523
SS02,1.0153275000000002,0.0026292673267326733
SS02,1.0808325,0.0026812277227722774
SS02,1.1463375,0.0027673663366336635
SS02,1.2118425000000002,0.002827108910891089
SS02,1.2773475000000003,0.0028860891089108913
SS02,1.3428525000000002,0.0029487623762376237
SS02,1.4083575000000002,0.0029885643564356436
SS02,1.4738625,0.0030534851485148513
SS02,1.5393675000000002,0.0030996435643564357
SS02,1.6048725000000001,0.0031357821782178217
SS02,1.6703775000000003,0.003185178217821782
SS02,1.7358825000000002,0.0032103861386138612
SS02,1.8013875000000001,0.003254138613861386
SS02,1.8668925,0.003271366336633663
SS02,1.9323975000000002,0.0033124950495049504
SS02,1.9979025000000004,0.0033237623762376236
SS02,2.0634075000000003,0.0033625841584158417
SS02,2.1289125,0.0033634554455445544
SS02,2.1944175,0.003390158415841584
SS02,2.2599225,0.003393623762376238
SS02,2.3254275000000004,0.0034095742574257425
SS02,2.3909325000000003,0.003404752475247525
SS02,2.4564375000000003,0.003412277227722772
SS02,2.5219425,0.0034064455445544555
SS02,2.5874475000000006,0.003404792079207921
SS02,2.6529525000000005,0.003402821782178218
SS02,2.7184575000000004,0.003385108910891089
SS02,2.7839625000000003,0.0033846336633663364
SS02,2.8494675000000003,0.0033549207920792077
SS02,2.9149725,0.0033432079207920793
SS02,2.9804775,0.003318722772277228
SS02,3.0459825000000005,0.003293069306930693
SS02,3.1114875000000004,0.00326780198019802
SS02,3.1769925000000003,0.0032305148514851483
SS02,3.2424975000000003,0.003199019801980198
SS02,3.3080025000000006,0.003173257425742574
SS02,3.3735075000000005,0.003121247524752475
SS02,3.4390125000000005,0.003080752475247525
SS02,3.5045175000000004,0.003043079207920792
SS02,3.5700225000000003,0.0029842178217821783
SS02,3.6355275000000002,0.002940108910891089
SS02,3.7010325,0.002889168316831683
SS02,3.7665375000000005,0.0028324257425742573
SS02,3.8320425000000005,0.002772851485148515
SS02,3.8975475000000004,0.0027141485148514852
SS02,3.9630525000000003,0.0026616930693069306
SS02,4.028557500000001,0.002592821782178218
SS02,4.094062500000001,0.002530386138613861
SS02,4.1595675000000005,0.0024667227722772276
SS02,4.2250725000000005,0.002404039603960396
SS02,4.2905775,0.002336683168316832
SS02,4.3560825,0.002264029702970297
SS02,4.4215875,0.00219680198019802
SS02,4.4870925,0.0021220990099009903
SS02,4.552597500000001,0.0020552970297029703
SS02,4.618102500000001,0.001980940594059406
SS02,4.683607500000001,0.001907079207920792
SS02,4.749112500000001,0.001837891089108911
SS02,4.814617500000001,0.0017635544554455446
SS02,4.880122500000001,0.0016953267326732674
SS02,4.9456275000000005,0.001624039603960396
SS02,5.0111325,0.0015507623762376238
SS02,5.0766375,0.0014798514851485148
SS02,5.1421425,0.001411990099009901
SS02,5.2076475,0.0013468019801980199
SS02,5.273152500000001,0.0012776930693069307
SS02,5.338657500000001,0.0012113762376237624
SS02,5.404162500000001,0.001149059405940594
SS02,5.469667500000001,0.0010867128712871287
SS02,5.535172500000001,0.0010257425742574257
SS02,5.600677500000001,0.0009686039603960396
SS02,5.666182500000001,0.0009086831683168317
SS02,5.7316875000000005,0.000852950495049505
SS02,5.7971925,0.0007964257425742574
SS02,5.8626975,0.0007476237623762377
SS02,5.928202500000001,0.000697
SS02,5.993707500000001,0.0006488514851485149
SS02,6.059212500000001,0.0006041188118811881
SS02,6.124717500000001,0.0005618811881188118
SS02,6.190222500000001,0.0005195643564356436
SS02,6.255727500000001,0.0004802376237623762
SS02,6.321232500000001,0.0004441881188118812
SS02,6.386737500000001,0.0004092277227722772
SS02,6.4522425000000005,0.00037438613861386137
SS02,6.5177475000000005,0.0003425841584158416
SS02,6.5832525,0.00031317821782178215
SS02,6.6487575,0.00028522772277227723
SS02,6.714262500000001,0.0002596930693069307
SS02,6.779767500000001,0.00023666336633663366
SS02,6.845272500000001,0.0002146039603960396
SS02,6.910777500000001,0.00019435643564356435
SS02,6.976282500000001,0.00017572277227722772
SS02,7.041787500000001,0.00015842574257425742
SS02,7.107292500000001,0.0001419207920792079
SS02,7.172797500000001,0.00012700990099009902
SS02,7.2383025000000005,0.00011308910891089109
SS02,7.3038075000000005,0.00010013861386138614
SS02,7.369312500000001,8.916831683168317e-05
SS02,7.434817500000001,7.847524752475248e-05
SS02,7.500322500000001,6.932673267326733e-05
SS02,7.565827500000001,6.088118811881188e-05
SS02,7.631332500000001,5.351485148514851e-05
SS02,7.696837500000001,4.742574257425743e-05
SS02,7.762342500000001,4.1603960396039606e-05
SS02,7.827847500000001,3.573267326732673e-05
SS02,7.893352500000001,3.1633663366336634e-05
SS02,7.958857500000001,2.7495049504950497e-05
SS02,8.0243625,2.394059405940594e-05
SS02,8.0898675,2.0168316831683167e-05
SS02,8.155372500000002,1.7108910891089108e-05
SS02,8.2208775,1.4772277227722773e-05
SS02,8.286382500000002,1.2554455445544555e-05
SS02,8.3518875,1.0841584158415842e-05
SS02,8.417392500000002,8.87128712871287e-06
SS02,8.4828975,7.247524752475248e-06
SS02,8.548402500000002,6.099009900990099e-06
SS02,8.6139075,5.356435643564357e-06
SS02,8.679412500000002,4.415841584158416e-06
SS02,8.7449175,3.4455445544554457e-06
SS02,8.810422500000001,2.900990099009901e-06
SS02,8.8759275,2.405940594059406e-06
SS02,8.941432500000001,1.910891089108911e-06
SS02,9.0069375,1.5643564356435645e-06
SS02,9.072442500000001,1.2871287128712872e-06
SS02,9.137947500000003,1.1980198019801981e-06
SS02,9.203452500000001,8.811881188118812e-07
SS02,9.268957500000003,7.524752475247525e-07
SS02,9.3344625,6.633663366336634e-07
SS02,9.399967500000002,5.643564356435644e-07
SS02,9.4654725,4.0594059405940595e-07
SS02,9.530977500000002,3.9603960396039606e-07
SS02,9.5964825,3.861386138613861e-07
SS02,9.661987500000002,1.8811881188118812e-07
SS02,9.7274925,1.7821782178217823e-07
SS02,9.792997500000002,1.7821782178217823e-07
SS02,9.8585025,1.2871287128712872e-07
SS02,9.924007500000002,1.386138613861386e-07
SS02,9.9895125,6.93069306930693e-08
SS02,10.055017500000002,6.93069306930693e-08
SS02,10.1205225,3.960396039603961e-08
SS02,10.186027500000002,2.9702970297029704e-08
SS02,10.2515325,2.9702970297029704e-08
SS02,10.317037500000001,2.9702970297029704e-08
SS02,10.3825425,1.9801980198019804e-08
SS02,10.448047500000001,9.900990099009902e-09
SS02,10.513552500000003,9.900990099009902e-09
SS02,10.579057500000001,1.9801980198019804e-08
SS02,10.644562500000003,9.900990099009902e-09
SS02,10.710067500000001,1.9801980198019804e-08
SS02,10.775572500000003,9.900990099009902e-09
SS02,10.8410775,1.9801980198019804e-08
