#             0.000000e+00 7.706400e-01 1.115556e+00 1.481830e+00 1.623430e+00 1.725000e+00 2.094340e+00 2.107440e+00 2.212840e+00 2.278500e+00 2.329050e+00 2.406600e+00 2.525740e+00 2.533040e+00 2.533900e+00 2.593400e+00 2.620000e+00 2.643500e+00 2.649670e+00 2.654900e+00 2.669000e+00 2.752800e+00 2.839000e+00 2.862770e+00 2.866890e+00 2.874470e+00 2.894490e+00 2.902470e+00 2.947600e+00 2.977000e+00 2.990000e+00 2.996900e+00 3.036000e+00 3.079000e+00 3.079690e+00 3.086000e+00 3.116000e+00 3.120200e+00 3.127000e+00 3.132000e+00 3.143000e+00 3.144000e+00
 1.000000e+00 2.163153e-10 1.374504e-10 2.049407e-10 1.516902e-10 1.896115e-10 1.877257e-10 1.303347e-10 1.730069e-10 1.229744e-10 1.233798e-10 1.738759e-10 6.023248e-11 5.729583e-11 1.572126e-10 5.709525e-11 1.549190e-10 1.191567e-10 1.732135e-10 1.527745e-10 1.657321e-10 1.653712e-10 1.012541e-10 9.830058e-11 1.676290e-10 1.602422e-10 1.600435e-10 1.668072e-10 1.455909e-10 1.413941e-10 9.361869e-11 4.615620e-11 1.791715e-11 1.410430e-10 1.108448e-10 1.619451e-10 1.544384e-10 1.102688e-10 1.535217e-10 1.129368e-10 9.031486e-11 8.990204e-11 3.337863e-05
 3.500000e+00 7.813131e-02 4.739917e-02 8.520365e-02 7.384098e-02 8.261012e-02 7.312214e-02 6.987834e-02 7.983230e-02 4.496792e-02 6.860224e-02 7.076065e-02 4.667473e-02 4.583028e-02 7.707989e-02 4.577216e-02 7.666227e-02 4.368909e-02 7.076679e-02 7.626633e-02 6.929170e-02 6.922461e-02 6.387314e-02 6.317973e-02 6.969492e-02 6.824999e-02 6.821140e-02 6.953325e-02 7.329991e-02 7.405732e-02 6.204214e-02 4.245261e-02 2.417007e-02 7.232632e-02 4.285571e-02 6.855409e-02 6.709512e-02 4.275073e-02 6.690732e-02 4.241602e-02 6.195276e-02 6.185744e-02 1.002736e+02
 6.000000e+00 7.514623e-02 4.116311e-02 9.145102e-02 9.483657e-02 8.902728e-02 6.967266e-02 9.115609e-02 8.661694e-02 3.853025e-02 9.002334e-02 6.753527e-02 8.237281e-02 8.154401e-02 8.441423e-02 8.148710e-02 8.409524e-02 3.789957e-02 6.712807e-02 8.379634e-02 6.633449e-02 6.628173e-02 8.747537e-02 8.690975e-02 6.627617e-02 6.553391e-02 6.550499e-02 6.615139e-02 8.227693e-02 8.218833e-02 8.599764e-02 7.827827e-02 6.364334e-02 8.155189e-02 3.675854e-02 6.541470e-02 6.468915e-02 3.667929e-02 6.455562e-02 3.689703e-02 8.461126e-02 8.453964e-02 5.747411e+02
 8.500000e+00 1.649013e-02 8.391979e-03 2.160220e-02 2.541561e-02 2.101771e-02 1.512156e-02 2.455892e-02 2.044151e-02 7.738506e-03 2.429444e-02 1.460626e-02 2.617711e-02 2.598259e-02 1.991863e-02 2.596922e-02 1.984324e-02 7.628622e-03 1.426690e-02 1.977269e-02 1.431930e-02 1.430674e-02 2.355099e-02 2.342005e-02 1.406461e-02 1.412922e-02 1.412237e-02 1.403512e-02 1.950522e-02 1.939481e-02 2.320897e-02 2.521119e-02 2.524833e-02 1.933747e-02 7.317326e-03 1.386189e-02 1.392999e-02 7.298872e-03 1.389865e-02 7.384687e-03 2.302679e-02 2.301001e-02 3.765671e+02
 1.100000e+01 3.133567e-03 1.502260e-03 4.292123e-03 5.473890e-03 4.168806e-03 2.835356e-03 5.292825e-03 4.050959e-03 1.374690e-03 5.238203e-03 2.731395e-03 6.200587e-03 6.159453e-03 3.947034e-03 6.156633e-03 3.932262e-03 1.364662e-03 2.640178e-03 3.918482e-03 2.675578e-03 2.673166e-03 5.054348e-03 5.027926e-03 2.602161e-03 2.639336e-03 2.638041e-03 2.596665e-03 3.873612e-03 3.845350e-03 4.985530e-03 5.998417e-03 6.752914e-03 3.841031e-03 1.299065e-03 2.564584e-03 2.601910e-03 1.295844e-03 2.596069e-03 1.318351e-03 4.983296e-03 4.979984e-03 2.585355e+02
 1.350000e+01 6.093388e-04 2.812095e-04 8.607797e-04 1.167240e-03 8.356037e-04 5.511174e-04 1.127702e-03 8.111887e-04 2.569989e-04 1.115649e-03 5.297267e-04 1.410781e-03 1.401441e-03 7.895006e-04 1.400800e-03 7.864149e-04 2.554818e-04 5.058271e-04 7.835369e-04 5.181027e-04 5.175993e-04 1.073347e-03 1.067632e-03 4.982882e-04 5.105347e-04 5.102642e-04 4.971984e-04 7.830652e-04 7.682877e-04 1.058474e-03 1.364841e-03 1.648766e-03 7.761138e-04 2.422170e-04 4.908422e-04 5.027219e-04 2.415880e-04 5.015041e-04 2.463482e-04 1.059248e-03 1.058518e-03 2.224542e+02
 1.600000e+01 1.231352e-04 5.564995e-05 1.798920e-04 2.578794e-04 1.752111e-04 1.126646e-04 2.501144e-04 1.706513e-04 5.142500e-05 2.477206e-04 1.088290e-04 3.278485e-04 3.258921e-04 1.665560e-04 3.257575e-04 1.659686e-04 5.129658e-05 1.036738e-04 1.654196e-04 1.067150e-04 1.066228e-04 2.367484e-04 2.355898e-04 1.022913e-04 1.053227e-04 1.052727e-04 1.020904e-04 1.675827e-04 1.624893e-04 2.337241e-04 3.181236e-04 4.049436e-04 1.662208e-04 4.878412e-05 1.009122e-04 1.038700e-04 4.866952e-05 1.036420e-04 4.967807e-05 2.362600e-04 2.361085e-04 2.087556e+02
 1.850000e+01 2.608087e-05 1.159943e-05 3.908380e-05 5.854954e-05 3.813618e-05 2.395436e-05 5.694490e-05 3.723336e-05 1.078201e-05 5.645899e-05 2.321973e-05 7.752612e-05 7.711615e-05 3.643746e-05 7.708801e-05 3.632430e-05 1.080740e-05 2.218755e-05 3.621873e-05 2.282354e-05 2.280639e-05 5.354537e-05 5.331346e-05 2.193024e-05 2.256540e-05 2.255616e-05 2.189298e-05 3.694991e-05 3.565826e-05 5.294112e-05 7.550238e-05 1.002204e-04 3.668919e-05 1.029564e-05 2.167511e-05 2.229801e-05 1.027484e-05 2.225621e-05 1.051476e-05 5.417428e-05 5.414440e-05 2.030846e+02
 2.100000e+01 5.944890e-06 2.610019e-06 9.070617e-06 1.401171e-05 8.852440e-06 5.462816e-06 1.362568e-05 8.646554e-06 2.429863e-06 1.351022e-05 5.298989e-06 1.917973e-05 1.908072e-05 8.467197e-06 1.907395e-05 8.441886e-06 2.443711e-06 5.063041e-06 8.418317e-06 5.211770e-06 5.208015e-06 1.275204e-05 1.269885e-05 5.006964e-06 5.155458e-06 5.153451e-06 4.998876e-06 8.606249e-06 8.293957e-06 1.261379e-05 1.869548e-05 2.562696e-05 8.547899e-06 2.325221e-06 4.951779e-06 5.097592e-06 2.320810e-06 5.088592e-06 2.381145e-06 1.297841e-05 1.297159e-05 1.935766e+02
 2.350000e+01 1.413323e-06 6.148207e-07 2.189980e-06 3.463302e-06 2.138370e-06 1.302448e-06 3.367181e-06 2.089505e-06 5.739258e-07 3.338365e-06 1.264383e-06 4.870817e-06 4.845531e-06 2.046843e-06 4.843800e-06 2.040818e-06 5.793861e-07 1.207035e-06 2.035208e-06 1.244060e-06 1.243185e-06 3.139614e-06 3.126668e-06 1.193959e-06 1.230927e-06 1.230459e-06 1.192073e-06 2.082262e-06 2.005606e-06 3.105977e-06 4.747198e-06 6.682194e-06 2.068317e-06 5.500046e-07 1.181092e-06 1.217430e-06 5.489953e-07 1.215331e-06 5.649759e-07 3.205574e-06 3.203872e-06 1.828898e+02
 2.600000e+01 3.570232e-07 1.543736e-07 5.603767e-07 9.026052e-07 5.477910e-07 3.305343e-07 8.784022e-07 5.358422e-07 1.446955e-07 8.711244e-07 3.213910e-07 1.299417e-06 1.292821e-06 5.253769e-07 1.292369e-06 5.238962e-07 1.466310e-07 3.066239e-07 5.225166e-07 3.164909e-07 3.162794e-07 8.176462e-07 8.143933e-07 3.034648e-07 3.133161e-07 3.132028e-07 3.030087e-07 5.349923e-07 5.152262e-07 8.091897e-07 1.267099e-06 1.826037e-06 5.315594e-07 1.389946e-07 3.003501e-07 3.100462e-07 1.387531e-07 3.095369e-07 1.431805e-07 8.374253e-07 8.369916e-07 1.721262e+02
 2.850000e+01 9.452979e-08 4.071356e-08 1.497740e-07 2.444488e-07 1.465775e-07 8.788749e-08 2.381951e-07 1.435482e-07 3.831011e-08 2.363175e-07 8.560434e-08 3.590724e-07 3.573218e-07 1.408970e-07 3.572020e-07 1.405221e-07 3.893414e-08 8.162357e-08 1.401728e-07 8.438098e-08 8.432820e-08 2.219462e-07 2.211084e-07 8.083484e-08 8.358854e-08 8.356025e-08 8.072095e-08 1.436832e-07 1.383270e-07 2.197681e-07 3.505022e-07 5.157495e-07 1.428158e-07 3.689710e-08 8.005708e-08 8.277210e-08 3.683724e-08 8.264491e-08 3.807893e-08 2.276296e-07 2.275178e-07 1.620198e+02
 3.100000e+01 2.614836e-08 1.123283e-08 4.170809e-08 6.872057e-08 4.085264e-08 2.438833e-08 6.702491e-08 4.004427e-08 1.060198e-08 6.651747e-08 2.378708e-08 1.025866e-07 1.021041e-07 3.933894e-08 1.020710e-07 3.923929e-08 1.079583e-08 2.267014e-08 3.914649e-08 2.346576e-08 2.345190e-08 6.256198e-08 6.233676e-08 2.246306e-08 2.325783e-08 2.325041e-08 2.243318e-08 4.017117e-08 3.865651e-08 6.197667e-08 1.002262e-07 1.501548e-07 3.994176e-08 1.023302e-08 2.225907e-08 2.304383e-08 1.021742e-08 2.301050e-08 1.057255e-08 6.417806e-08 6.414804e-08 1.524282e+02
 3.350000e+01 7.537717e-09 3.232790e-09 1.208379e-08 2.005304e-08 1.184366e-08 7.048024e-09 1.957128e-08 1.161712e-08 3.058498e-09 1.942735e-08 6.881205e-09 3.030487e-08 3.016562e-08 1.141977e-08 3.015609e-08 1.139192e-08 3.118774e-09 6.556355e-09 1.136599e-08 6.792205e-09 6.788369e-09 1.829031e-08 1.822675e-08 6.499057e-09 6.734671e-09 6.732619e-09 6.490792e-09 1.167314e-08 1.122919e-08 1.812520e-08 2.962469e-08 4.504295e-08 1.160927e-08 2.956858e-09 6.442605e-09 6.675446e-09 2.952568e-09 6.666239e-09 3.057217e-09 1.876562e-08 1.875715e-08 1.433064e+02
 3.600000e+01 2.258652e-09 9.678652e-10 3.634846e-09 6.064850e-09 3.564725e-09 2.116586e-09 5.922777e-09 3.498611e-09 9.175448e-10 5.880362e-09 2.068244e-09 9.250177e-09 9.208502e-09 3.441052e-09 9.205650e-09 3.432932e-09 9.365906e-10 1.970550e-09 3.425372e-09 2.042465e-09 2.041355e-09 5.540198e-09 5.521515e-09 1.953975e-09 2.025815e-09 2.025221e-09 1.951583e-09 3.520251e-09 3.385516e-09 5.491634e-09 9.046766e-09 1.392128e-08 3.501669e-09 8.882461e-10 1.937658e-09 2.008689e-09 8.870094e-10 2.006024e-09 9.188382e-10 5.685654e-09 5.683164e-09 1.345790e+02
 3.850000e+01 6.994309e-10 2.996566e-10 1.129003e-09 1.891304e-09 1.107848e-09 6.568154e-10 1.848136e-09 1.087909e-09 2.846050e-10 1.835253e-09 6.423129e-10 2.905115e-09 2.892286e-09 1.070556e-09 2.891409e-09 1.068108e-09 2.907215e-10 6.120706e-10 1.065829e-09 6.345800e-10 6.342468e-10 1.730379e-09 1.724694e-09 6.070980e-10 6.295830e-10 6.294048e-10 6.063809e-10 1.095968e-09 1.053813e-09 1.715613e-09 2.842510e-09 4.417623e-09 1.090373e-09 2.758393e-10 6.022058e-10 6.244462e-10 2.754694e-10 6.236470e-10 2.854091e-10 1.776138e-09 1.775383e-09 1.304734e+02
 4.100000e+01 2.265017e-10 9.706249e-11 3.664711e-10 6.156679e-10 3.597843e-10 2.130969e-10 6.019725e-10 3.534936e-10 9.233781e-11 5.978873e-10 2.085409e-10 9.509920e-10 9.468788e-10 3.480203e-10 9.465974e-10 3.472485e-10 9.436567e-11 1.987807e-10 3.465299e-10 2.061120e-10 2.060074e-10 5.641498e-10 5.623457e-10 1.972190e-10 2.045425e-10 2.044866e-10 1.969938e-10 3.564931e-10 3.427412e-10 5.594640e-10 9.309258e-10 1.458413e-09 3.547306e-10 8.958871e-11 1.956826e-10 2.029292e-10 8.947270e-11 2.026798e-10 9.270088e-11 5.791548e-10 5.789155e-10 1.227355e+02
