#             0.000000e+00 6.699300e-01 9.620200e-01 1.326760e+00 1.412160e+00 1.547000e+00 1.860630e+00 1.952030e+00 2.012920e+00 2.062450e+00 2.081320e+00 2.092130e+00 2.207840e+00 2.336540e+00 2.337400e+00 2.404660e+00 2.430370e+00 2.497190e+00 2.503500e+00 2.505080e+00 2.511060e+00 2.535830e+00 2.547280e+00 2.617950e+00 2.630650e+00 2.672930e+00 2.676840e+00 2.678430e+00 2.682270e+00 2.696660e+00 2.716470e+00 2.764090e+00 2.776360e+00 2.780230e+00 2.808100e+00 2.810000e+00 2.818870e+00 2.832370e+00 2.836750e+00 2.847000e+00 2.857900e+00 2.858900e+00
 1.000000e+00 4.527119e-10 2.913027e-10 3.812225e-10 2.504659e-10 3.414852e-10 3.680590e-10 2.030193e-10 3.142121e-10 3.390769e-10 2.444544e-10 2.835464e-10 1.838743e-10 9.163648e-11 2.626530e-10 2.861023e-10 1.600012e-10 2.551550e-10 3.074043e-10 2.493697e-10 7.120138e-11 2.483230e-10 2.468263e-10 7.690429e-11 2.990698e-10 2.981785e-10 2.361152e-10 2.398695e-11 1.410269e-10 2.945234e-10 2.934947e-10 2.327306e-10 2.886126e-10 2.877126e-10 2.874279e-10 2.853668e-10 2.114356e-10 1.319176e-10 1.310609e-10 2.486723e-10 1.301359e-10 2.089695e-10 2.958416e-05
 3.500000e+00 2.310875e-01 1.402298e-01 2.442259e-01 2.057874e-01 2.342632e-01 2.106607e-01 1.916479e-01 2.180274e-01 2.023972e-01 1.288958e-01 2.169174e-01 1.848943e-01 1.228460e-01 2.094068e-01 2.076996e-01 1.751237e-01 2.065175e-01 1.925246e-01 2.042183e-01 1.125790e-01 1.241296e-01 2.031888e-01 1.142571e-01 1.898555e-01 1.895701e-01 1.987359e-01 6.100081e-02 1.659433e-01 1.884008e-01 1.880723e-01 1.972929e-01 1.865179e-01 1.862325e-01 1.861423e-01 1.854904e-01 1.204361e-01 1.610192e-01 1.605387e-01 1.927035e-01 1.600165e-01 1.198316e-01 8.368644e+01
 6.000000e+00 2.937934e-01 1.601526e-01 3.555234e-01 3.670043e-01 3.453640e-01 2.701606e-01 3.523807e-01 3.325876e-01 2.623469e-01 1.478000e-01 3.294723e-01 3.458772e-01 3.131754e-01 3.231271e-01 3.231919e-01 3.369184e-01 3.207492e-01 2.537895e-01 3.188780e-01 3.054577e-01 1.450822e-01 3.180456e-01 3.027454e-01 2.515739e-01 2.513387e-01 3.144786e-01 2.441585e-01 3.288745e-01 2.503788e-01 2.501099e-01 3.133328e-01 2.488427e-01 2.486108e-01 2.485376e-01 2.480089e-01 1.403439e-01 3.246654e-01 3.242575e-01 3.104212e-01 3.238149e-01 1.398400e-01 5.604073e+02
 8.500000e+00 7.184347e-02 3.613539e-02 9.442115e-02 1.120241e-01 9.173990e-02 6.549836e-02 1.081753e-01 8.898856e-02 6.345453e-02 3.290221e-02 8.760860e-02 1.064670e-01 1.155756e-01 8.598930e-02 8.659650e-02 1.041244e-01 8.538821e-02 6.126652e-02 8.491764e-02 1.134443e-01 3.240939e-02 8.470902e-02 1.126862e-01 6.071120e-02 6.065258e-02 8.382049e-02 1.133635e-01 1.020394e-01 6.041390e-02 6.034724e-02 8.353701e-02 6.003420e-02 5.997711e-02 5.995910e-02 5.982927e-02 3.107215e-02 1.009583e-01 1.008540e-01 8.341863e-02 1.007409e-01 3.095302e-02 4.688524e+02
 1.100000e+01 1.352326e-02 6.425036e-03 1.877207e-02 2.431190e-02 1.824898e-02 1.227189e-02 2.354779e-02 1.774538e-02 1.189701e-02 5.854401e-03 1.746350e-02 2.321307e-02 2.783291e-02 1.716033e-02 1.729651e-02 2.275708e-02 1.704826e-02 1.150569e-02 1.696067e-02 2.734907e-02 5.791824e-03 1.692188e-02 2.724404e-02 1.140762e-02 1.139730e-02 1.675690e-02 3.093683e-02 2.235320e-02 1.135529e-02 1.134357e-02 1.670434e-02 1.128860e-02 1.127859e-02 1.127544e-02 1.125268e-02 5.547262e-03 2.214423e-02 2.212408e-02 1.670855e-02 2.210222e-02 5.527462e-03 2.803986e+02
 1.350000e+01 2.561611e-03 1.168712e-03 3.658195e-03 5.043684e-03 3.551351e-03 2.306926e-03 4.878929e-03 3.488385e-03 2.230965e-03 1.060182e-03 3.393359e-03 4.807705e-03 6.140646e-03 3.333590e-03 3.396443e-03 4.711901e-03 3.311701e-03 2.153179e-03 3.294674e-03 6.075045e-03 1.048695e-03 3.287156e-03 6.014907e-03 2.134003e-03 2.131992e-03 3.255339e-03 7.391146e-03 4.628374e-03 2.123828e-03 2.121555e-03 3.245257e-03 2.110923e-03 2.108992e-03 2.108383e-03 2.104001e-03 1.003706e-03 4.585680e-03 4.581582e-03 3.278706e-03 4.577142e-03 1.000145e-03 2.073436e+02
 1.600000e+01 5.021814e-04 2.242791e-04 7.399736e-04 1.078033e-03 7.198800e-04 4.567796e-04 1.044382e-03 7.177302e-04 4.426366e-04 2.050657e-04 6.894826e-04 1.029558e-03 1.369122e-03 6.777619e-04 6.993466e-04 1.009363e-03 6.734404e-04 4.277892e-04 6.700686e-04 1.362616e-03 2.034496e-04 6.685770e-04 1.341699e-03 4.240728e-04 4.236818e-04 6.622464e-04 1.747097e-03 9.915346e-04 4.220921e-04 4.216489e-04 6.602346e-04 4.195718e-04 4.191938e-04 4.190746e-04 4.182160e-04 1.945715e-04 9.823508e-04 9.814668e-04 6.753000e-04 9.805087e-04 1.938987e-04 1.876240e+02
 1.850000e+01 1.041409e-04 4.590686e-05 1.580556e-04 2.411184e-04 1.542758e-04 9.576586e-05 2.345503e-04 1.553426e-04 9.321943e-05 4.246163e-05 1.485942e-04 2.316567e-04 3.174045e-04 1.464026e-04 1.518994e-04 2.277021e-04 1.455931e-04 9.054780e-05 1.449606e-04 3.182077e-04 4.244327e-05 1.446806e-04 3.117500e-04 8.987691e-05 8.980624e-05 1.434903e-04 4.254947e-04 2.241900e-04 8.951880e-05 8.943860e-05 1.431113e-04 8.906243e-05 8.899391e-05 8.897231e-05 8.881659e-05 4.059161e-05 2.223704e-04 2.221949e-04 1.473704e-04 2.220045e-04 4.047101e-05 1.769869e+02
 2.100000e+01 2.281473e-05 9.948257e-06 3.531477e-05 5.556111e-05 3.451688e-05 2.105893e-05 5.414099e-05 3.486562e-05 2.054294e-05 9.249290e-06 3.334053e-05 5.352568e-05 7.521278e-05 3.289424e-05 3.415583e-05 5.269457e-05 3.273040e-05 2.001150e-05 3.260278e-05 7.607716e-05 9.292055e-06 3.254637e-05 7.399181e-05 1.987961e-05 1.986575e-05 3.230730e-05 1.051104e-04 5.196541e-05 1.980944e-05 1.979375e-05 3.223141e-05 1.972026e-05 1.970690e-05 1.970268e-05 1.967233e-05 8.883239e-06 5.159068e-05 5.155463e-05 3.323925e-05 5.151556e-05 8.859944e-06 1.709647e+02
 2.350000e+01 5.341863e-06 2.309596e-06 8.386418e-06 1.347594e-05 8.200828e-06 4.941866e-06 1.313135e-05 8.291334e-06 4.824637e-06 2.153254e-06 7.928324e-06 1.298286e-05 1.860779e-05 7.825513e-06 8.126823e-06 1.278330e-05 7.787875e-06 4.704543e-06 7.758600e-06 1.898112e-05 2.170841e-06 7.745675e-06 1.831132e-05 4.674877e-06 4.671764e-06 7.690977e-06 2.690818e-05 1.260940e-05 4.659123e-06 4.655603e-06 7.673645e-06 4.639129e-06 4.636135e-06 4.635191e-06 4.628396e-06 2.072052e-06 1.252052e-05 1.251199e-05 7.916017e-06 1.250274e-05 2.066916e-06 1.627433e+02
 2.600000e+01 1.322622e-06 5.685770e-07 2.100879e-06 3.432236e-06 2.056126e-06 1.228216e-06 3.346150e-06 2.080554e-06 1.200328e-06 5.320056e-07 1.990153e-06 3.308945e-06 4.817385e-06 1.965189e-06 2.040703e-06 3.258865e-06 1.956041e-06 1.171650e-06 1.948917e-06 4.943364e-06 5.382772e-07 1.945773e-06 4.741764e-06 1.164552e-06 1.163807e-06 1.932465e-06 7.166344e-06 3.215144e-06 1.160781e-06 1.159938e-06 1.928246e-06 1.155993e-06 1.155275e-06 1.155049e-06 1.153421e-06 5.128736e-07 3.192785e-06 3.190638e-06 1.989503e-06 3.188311e-06 5.116610e-07 1.539016e+02
 2.850000e+01 3.441183e-07 1.474190e-07 5.515374e-07 9.122951e-07 5.404056e-07 3.209672e-07 8.904654e-07 5.476548e-07 3.141137e-07 1.385089e-07 5.239742e-07 8.810193e-07 1.299841e-06 5.177452e-07 5.377390e-07 8.682881e-07 5.154606e-07 3.070503e-07 5.136821e-07 1.339486e-06 1.405833e-07 5.128965e-07 1.280255e-06 3.052986e-07 3.051146e-07 5.095688e-07 1.980938e-06 8.571579e-07 3.043673e-07 3.041591e-07 5.085134e-07 3.031842e-07 3.030069e-07 3.029510e-07 3.025486e-07 1.338307e-07 8.514571e-07 8.509094e-07 5.249711e-07 8.503160e-07 1.335335e-07 1.451263e+02
 3.100000e+01 9.446259e-08 4.038814e-08 1.523726e-07 2.542465e-07 1.494491e-07 8.844189e-08 2.484505e-07 1.517077e-07 8.666519e-08 3.808626e-08 1.451423e-07 2.459466e-07 3.670364e-07 1.435117e-07 1.491183e-07 2.425751e-07 1.429141e-07 8.483580e-08 1.424488e-07 3.793193e-07 3.874496e-08 1.422432e-07 3.617674e-07 8.438224e-08 8.433460e-08 1.413727e-07 5.708789e-07 2.396304e-07 8.414109e-08 8.408718e-08 1.410966e-07 8.383476e-08 8.378887e-08 8.377439e-08 8.367019e-08 3.688009e-08 2.381225e-07 2.379777e-07 1.457870e-07 2.378208e-07 3.680347e-08 1.363161e+02
 3.350000e+01 2.701397e-08 1.153788e-08 4.377665e-08 7.350616e-08 4.297026e-08 2.536595e-08 7.189247e-08 4.367726e-08 2.488139e-08 1.091164e-08 4.178472e-08 7.119711e-08 1.072543e-07 4.133688e-08 4.296777e-08 7.026220e-08 4.117281e-08 2.438330e-08 4.104515e-08 1.110298e-07 1.111782e-08 4.098877e-08 1.057746e-07 2.425996e-08 2.424700e-08 4.075008e-08 1.695323e-07 6.944682e-08 2.419440e-08 2.417975e-08 4.067441e-08 2.411115e-08 2.409867e-08 2.409474e-08 2.406643e-08 1.058458e-08 6.902984e-08 6.898980e-08 4.205657e-08 6.894642e-08 1.056384e-08 1.283432e+02
 3.600000e+01 7.990387e-09 3.411369e-09 1.299341e-08 2.191927e-08 1.276224e-08 7.520868e-09 2.145314e-08 1.298543e-08 7.383014e-09 3.233729e-09 1.242288e-08 2.125242e-08 3.225480e-08 1.229478e-08 1.278283e-08 2.098281e-08 1.224787e-08 7.241450e-09 1.221138e-08 3.341301e-08 3.298527e-09 1.219527e-08 3.182335e-08 7.206420e-09 7.202742e-09 1.212707e-08 5.160413e-08 2.074792e-08 7.187806e-09 7.183645e-09 1.210546e-08 7.164171e-09 7.160631e-09 7.159515e-09 7.151479e-09 3.141109e-09 2.062788e-08 2.061636e-08 1.252294e-08 2.060388e-08 3.135238e-09 1.212081e+02
 3.850000e+01 2.420244e-09 1.033415e-09 3.945948e-09 6.678872e-09 3.878012e-09 2.282864e-09 6.540893e-09 3.949100e-09 2.242504e-09 9.815550e-10 3.778233e-09 6.481560e-09 9.894382e-09 3.740612e-09 3.889660e-09 6.401888e-09 3.726838e-09 2.201110e-09 3.716123e-09 1.025002e-08 1.002024e-09 3.711393e-09 9.765577e-09 2.190869e-09 2.189793e-09 3.691371e-09 1.597634e-08 6.332505e-09 2.185427e-09 2.184211e-09 3.685027e-09 2.178518e-09 2.177483e-09 2.177157e-09 2.174808e-09 9.545351e-10 6.297060e-09 6.293658e-09 3.813445e-09 6.289973e-09 9.528229e-10 1.144904e+02
 4.100000e+01 7.608661e-10 3.250577e-10 1.242997e-09 2.108666e-09 1.222246e-09 7.190620e-10 2.066388e-09 1.245569e-09 7.067948e-10 3.093007e-10 1.191806e-09 2.048198e-09 3.140862e-09 1.180323e-09 1.227443e-09 2.023776e-09 1.176119e-09 6.942012e-10 1.172850e-09 3.253071e-09 3.159194e-10 1.171406e-09 3.101015e-09 6.910856e-10 6.907586e-10 1.165296e-09 5.108322e-09 2.002514e-09 6.894302e-10 6.890602e-10 1.163360e-09 6.873284e-10 6.870136e-10 6.869144e-10 6.861998e-10 3.010893e-10 1.991653e-09 1.990611e-09 1.204206e-09 1.989481e-09 3.005690e-10 1.121660e+02
