
  An isotopic target is assumed:
  At# Mass# % abundance % uncertainty
  28  58 Ni   68.077000  0.009000
  28  60 Ni   26.223000  0.008000
  28  61 Ni    1.140000  0.001000
  28  62 Ni    3.634000  0.002000
  28  64 Ni    0.926000  0.001000
 ldopt set internally =           1
 Kataria-Ramamurthy shell dependent ld

  ZP  1.0  AP  2.0  ZT 28.0  AT  64.0  ISOT  1  LEVNO  1
 
 
1Deuterons on natural Nickel                                                     
  Ebeam  Rx.cs used  Rx. cs algo fiss cs (mb) capture cs (mb)
   1.00  0.000E+00    0.00E+00    0.00E+00    0.00E+00
   2.00  0.000E+00    0.00E+00    0.00E+00    0.00E+00
   3.00  1.222E+01    0.00E+00    0.00E+00    0.00E+00
   4.00  1.177E+02    0.00E+00    0.00E+00    0.00E+00
   5.00  3.471E+02    0.00E+00    0.00E+00    0.00E+00
   6.00  5.956E+02    0.00E+00    0.00E+00    0.00E+00
   7.00  8.030E+02    0.00E+00    0.00E+00    0.00E+00
   8.00  9.615E+02    0.00E+00    0.00E+00    0.00E+00
   9.00  1.087E+03    0.00E+00    0.00E+00    0.00E+00
  10.00  1.185E+03    0.00E+00    0.00E+00    0.00E+00
  11.00  1.261E+03    0.00E+00    0.00E+00    0.00E+00
  12.00  1.324E+03    0.00E+00    0.00E+00    0.00E+00
  13.00  1.374E+03    0.00E+00    0.00E+00    0.00E+00
  14.00  1.416E+03    0.00E+00    0.00E+00    0.00E+00
  15.00  1.450E+03    0.00E+00    0.00E+00    0.00E+00
  16.00  1.480E+03    0.00E+00    0.00E+00    0.00E+00
  17.00  1.504E+03    0.00E+00    0.00E+00    0.00E+00
  18.00  1.524E+03    0.00E+00    0.00E+00    0.00E+00
  19.00  1.543E+03    0.00E+00    0.00E+00    0.00E+00
  20.00  1.557E+03    0.00E+00    0.00E+00    0.00E+00
  21.00  1.571E+03    0.00E+00    0.00E+00    0.00E+00
  22.00  1.581E+03    0.00E+00    0.00E+00    0.00E+00
  23.00  1.590E+03    0.00E+00    0.00E+00    0.00E+00
  24.00  1.599E+03    0.00E+00    0.00E+00    0.00E+00
  25.00  1.606E+03    0.00E+00    0.00E+00    0.00E+00
  26.00  1.611E+03    0.00E+00    0.00E+00    0.00E+00
  27.00  1.618E+03    0.00E+00    0.00E+00    0.00E+00
  28.00  1.622E+03    0.00E+00    0.00E+00    0.00E+00
  29.00  1.625E+03    0.00E+00    0.00E+00    0.00E+00
  30.00  1.628E+03    0.00E+00    0.00E+00    0.00E+00
  31.00  1.632E+03    0.00E+00    0.00E+00    0.00E+00
  32.00  1.634E+03    0.00E+00    0.00E+00    0.00E+00
  33.00  1.635E+03    0.00E+00    0.00E+00    0.00E+00
  34.00  1.638E+03    0.00E+00    0.00E+00    0.00E+00
  35.00  1.639E+03    0.00E+00    0.00E+00    0.00E+00
  36.00  1.639E+03    0.00E+00    0.00E+00    0.00E+00
  37.00  1.639E+03    0.00E+00    0.00E+00    0.00E+00
  38.00  1.641E+03    0.00E+00    0.00E+00    0.00E+00
  39.00  1.641E+03    0.00E+00    0.00E+00    0.00E+00
  40.00  1.640E+03    0.00E+00    0.00E+00    0.00E+00

 Note: product cross sections have a statistical uncertainty due to Monte Carlo computation
      One  SD will be [sqrt(N)/N]*yield where N is number of events in yield

 Ebeam   Z   A    Total    +/-1 SD   grnd st   +/- 1SD   isomer1   +/- 1SD   isomer2   +/- 1SD   isomer1   isomer2
 (MeV)            cs.      cs.       cs.        cs        cs        cs         cs       cs       m1 to tot m2 to tot 
   3.00  29  65  1.29E-01  4.81E-03
   4.00  29  65  1.19E+00  4.54E-02
   5.00  29  65  3.30E+00  1.30E-01
   6.00  29  65  4.82E+00  2.05E-01
   7.00  29  65  4.81E+00  2.38E-01
   8.00  29  65  4.51E+00  2.52E-01
   9.00  29  65  4.11E+00  2.56E-01
  10.00  29  65  4.08E+00  2.67E-01
  11.00  29  65  4.08E+00  2.75E-01
  12.00  29  65  3.19E+00  2.49E-01
  13.00  29  65  3.22E+00  2.55E-01
  14.00  29  65  3.08E+00  2.53E-01
  15.00  29  65  2.94E+00  2.50E-01
  16.00  29  65  3.06E+00  2.58E-01
  17.00  29  65  3.03E+00  2.59E-01
  18.00  29  65  2.56E+00  2.39E-01
  19.00  29  65  2.59E+00  2.42E-01
  20.00  29  65  2.63E+00  2.45E-01
  21.00  29  65  2.57E+00  2.43E-01
  22.00  29  65  2.54E+00  2.43E-01
  23.00  29  65  2.30E+00  2.32E-01
  24.00  29  65  2.53E+00  2.44E-01
  25.00  29  65  2.07E+00  2.21E-01
  26.00  29  65  2.08E+00  2.22E-01
  27.00  29  65  2.00E+00  2.18E-01
  28.00  29  65  1.92E+00  2.14E-01
  29.00  29  65  1.98E+00  2.17E-01
  30.00  29  65  2.07E+00  2.22E-01
  31.00  29  65  2.07E+00  2.23E-01
  32.00  29  65  2.07E+00  2.23E-01
  33.00  29  65  1.87E+00  2.12E-01
  34.00  29  65  1.75E+00  2.05E-01
  35.00  29  65  1.67E+00  2.01E-01
  36.00  29  65  1.55E+00  1.93E-01
  37.00  29  65  1.55E+00  1.93E-01
  38.00  29  65  2.01E+00  2.20E-01
  39.00  29  65  1.47E+00  1.88E-01
  40.00  29  65  1.55E+00  1.93E-01
   6.00  29  64  5.05E-01  6.65E-02
   7.00  29  64  2.30E+00  1.65E-01
   8.00  29  64  3.44E+00  2.20E-01
   9.00  29  64  4.74E+00  2.75E-01
  10.00  29  64  5.24E+00  3.02E-01
  11.00  29  64  5.83E+00  3.29E-01
  12.00  29  64  6.83E+00  3.64E-01
  13.00  29  64  6.93E+00  3.74E-01
  14.00  29  64  6.92E+00  3.79E-01
  15.00  29  64  7.00E+00  3.86E-01
  16.00  29  64  6.35E+00  3.72E-01
  17.00  29  64  5.76E+00  3.57E-01
  18.00  29  64  5.41E+00  3.48E-01
  19.00  29  64  4.41E+00  3.16E-01
  20.00  29  64  3.57E+00  2.86E-01
  21.00  29  64  3.24E+00  2.73E-01
  22.00  29  64  3.41E+00  2.81E-01
  23.00  29  64  3.05E+00  2.67E-01
  24.00  29  64  2.26E+00  2.31E-01
  25.00  29  64  2.73E+00  2.54E-01
  26.00  29  64  1.81E+00  2.07E-01
  27.00  29  64  2.21E+00  2.29E-01
  28.00  29  64  2.01E+00  2.19E-01
  29.00  29  64  1.83E+00  2.09E-01
  30.00  29  64  1.70E+00  2.01E-01
  31.00  29  64  1.70E+00  2.02E-01
  32.00  29  64  1.63E+00  1.98E-01
  33.00  29  64  2.08E+00  2.23E-01
  34.00  29  64  1.64E+00  1.98E-01
  35.00  29  64  1.77E+00  2.07E-01
  36.00  29  64  1.59E+00  1.95E-01
  37.00  29  64  1.50E+00  1.90E-01
  38.00  29  64  1.62E+00  1.98E-01
  39.00  29  64  1.67E+00  2.01E-01
  40.00  29  64  1.37E+00  1.81E-01
   3.00  29  63  4.49E-01  8.98E-03
   4.00  29  63  4.12E+00  8.44E-02
   5.00  29  63  1.13E+01  2.40E-01
   6.00  29  63  1.62E+01  3.76E-01
   7.00  29  63  1.65E+01  4.41E-01
   8.00  29  63  1.57E+01  4.70E-01
   9.00  29  63  1.53E+01  4.94E-01
  10.00  29  63  1.37E+01  4.89E-01
  11.00  29  63  1.26E+01  4.83E-01
  12.00  29  63  1.21E+01  4.85E-01
  13.00  29  63  1.16E+01  4.84E-01
  14.00  29  63  1.07E+01  4.72E-01
  15.00  29  63  1.08E+01  4.79E-01
  16.00  29  63  1.05E+01  4.79E-01
  17.00  29  63  1.12E+01  4.98E-01
  18.00  29  63  1.18E+01  5.13E-01
  19.00  29  63  1.33E+01  5.50E-01
  20.00  29  63  1.14E+01  5.10E-01
  21.00  29  63  1.27E+01  5.41E-01
  22.00  29  63  1.21E+01  5.30E-01
  23.00  29  63  1.21E+01  5.32E-01
  24.00  29  63  1.19E+01  5.29E-01
  25.00  29  63  1.15E+01  5.21E-01
  26.00  29  63  1.15E+01  5.23E-01
  27.00  29  63  1.16E+01  5.24E-01
  28.00  29  63  1.08E+01  5.07E-01
  29.00  29  63  1.01E+01  4.90E-01
  30.00  29  63  9.86E+00  4.86E-01
  31.00  29  63  9.77E+00  4.84E-01
  32.00  29  63  9.34E+00  4.73E-01
  33.00  29  63  8.77E+00  4.59E-01
  34.00  29  63  8.47E+00  4.51E-01
  35.00  29  63  8.32E+00  4.48E-01
  36.00  29  63  7.87E+00  4.35E-01
  37.00  29  63  7.03E+00  4.11E-01
  38.00  29  63  7.43E+00  4.23E-01
  39.00  29  63  7.01E+00  4.11E-01
  40.00  29  63  6.64E+00  4.00E-01
   3.00  29  62  1.24E-01  4.71E-03
   4.00  29  62  1.12E+00  4.40E-02
   5.00  29  62  3.31E+00  1.30E-01
   6.00  29  62  4.72E+00  2.03E-01
   7.00  29  62  4.79E+00  2.38E-01
   8.00  29  62  9.30E+00  3.62E-01
   9.00  29  62  1.34E+01  4.62E-01
  10.00  29  62  1.60E+01  5.28E-01
  11.00  29  62  1.79E+01  5.76E-01
  12.00  29  62  2.08E+01  6.36E-01
  13.00  29  62  2.19E+01  6.64E-01
  14.00  29  62  2.28E+01  6.89E-01
  15.00  29  62  2.30E+01  7.00E-01
  16.00  29  62  2.35E+01  7.14E-01
  17.00  29  62  2.35E+01  7.21E-01
  18.00  29  62  2.30E+01  7.18E-01
  19.00  29  62  2.09E+01  6.89E-01
  20.00  29  62  1.91E+01  6.62E-01
  21.00  29  62  1.77E+01  6.40E-01
  22.00  29  62  1.49E+01  5.88E-01
  23.00  29  62  1.42E+01  5.76E-01
  24.00  29  62  1.30E+01  5.52E-01
  25.00  29  62  1.16E+01  5.23E-01
  26.00  29  62  1.07E+01  5.04E-01
  27.00  29  62  1.08E+01  5.06E-01
  28.00  29  62  9.31E+00  4.71E-01
  29.00  29  62  9.66E+00  4.80E-01
  30.00  29  62  9.28E+00  4.71E-01
  31.00  29  62  8.48E+00  4.51E-01
  32.00  29  62  8.64E+00  4.55E-01
  33.00  29  62  8.47E+00  4.51E-01
  34.00  29  62  8.22E+00  4.45E-01
  35.00  29  62  7.95E+00  4.37E-01
  36.00  29  62  7.47E+00  4.24E-01
  37.00  29  62  7.66E+00  4.29E-01
  38.00  29  62  7.61E+00  4.28E-01
  39.00  29  62  7.72E+00  4.31E-01
  40.00  29  62  7.54E+00  4.26E-01
   3.00  29  61  2.27E+00  2.02E-02
   4.00  29  61  2.14E+01  1.92E-01
   5.00  29  61  6.04E+01  5.55E-01
   6.00  29  61  8.59E+01  8.67E-01
   7.00  29  61  9.03E+01  1.03E+00
   8.00  29  61  8.62E+01  1.10E+00
   9.00  29  61  8.80E+01  1.19E+00
  10.00  29  61  8.34E+01  1.20E+00
  11.00  29  61  7.85E+01  1.21E+00
  12.00  29  61  7.51E+01  1.21E+00
  13.00  29  61  7.17E+01  1.20E+00
  14.00  29  61  7.05E+01  1.21E+00
  15.00  29  61  6.97E+01  1.22E+00
  16.00  29  61  6.39E+01  1.18E+00
  17.00  29  61  6.35E+01  1.18E+00
  18.00  29  61  6.13E+01  1.17E+00
  19.00  29  61  5.97E+01  1.16E+00
  20.00  29  61  5.91E+01  1.16E+00
  21.00  29  61  5.97E+01  1.17E+00
  22.00  29  61  5.92E+01  1.17E+00
  23.00  29  61  5.78E+01  1.16E+00
  24.00  29  61  5.55E+01  1.14E+00
  25.00  29  61  5.55E+01  1.14E+00
  26.00  29  61  5.68E+01  1.16E+00
  27.00  29  61  5.47E+01  1.14E+00
  28.00  29  61  5.32E+01  1.13E+00
  29.00  29  61  5.16E+01  1.11E+00
  30.00  29  61  5.37E+01  1.13E+00
  31.00  29  61  4.78E+01  1.07E+00
  32.00  29  61  4.63E+01  1.05E+00
  33.00  29  61  4.61E+01  1.05E+00
  34.00  29  61  4.50E+01  1.04E+00
  35.00  29  61  4.41E+01  1.03E+00
  36.00  29  61  4.13E+01  9.98E-01
  37.00  29  61  4.05E+01  9.88E-01
  38.00  29  61  3.90E+01  9.70E-01
  39.00  29  61  3.75E+01  9.50E-01
  40.00  29  61  3.84E+01  9.62E-01
   6.00  29  60  6.13E-03  7.32E-03
   8.00  29  60  1.96E-02  1.67E-02
  10.00  29  60  4.69E+00  2.86E-01
  11.00  29  60  1.82E+01  5.80E-01
  12.00  29  60  3.29E+01  8.00E-01
  13.00  29  60  4.77E+01  9.81E-01
  14.00  29  60  5.74E+01  1.09E+00
  15.00  29  60  6.49E+01  1.18E+00
  16.00  29  60  7.30E+01  1.26E+00
  17.00  29  60  7.74E+01  1.31E+00
  18.00  29  60  7.97E+01  1.34E+00
  19.00  29  60  7.68E+01  1.32E+00
  20.00  29  60  7.46E+01  1.31E+00
  21.00  29  60  6.75E+01  1.25E+00
  22.00  29  60  6.09E+01  1.19E+00
  23.00  29  60  5.58E+01  1.14E+00
  24.00  29  60  4.85E+01  1.07E+00
  25.00  29  60  4.29E+01  1.01E+00
  26.00  29  60  3.77E+01  9.44E-01
  27.00  29  60  3.61E+01  9.27E-01
  28.00  29  60  3.06E+01  8.53E-01
  29.00  29  60  3.07E+01  8.56E-01
  30.00  29  60  2.90E+01  8.32E-01
  31.00  29  60  2.50E+01  7.74E-01
  32.00  29  60  2.60E+01  7.89E-01
  33.00  29  60  2.34E+01  7.50E-01
  34.00  29  60  2.26E+01  7.37E-01
  35.00  29  60  2.26E+01  7.38E-01
  36.00  29  60  2.12E+01  7.14E-01
  37.00  29  60  2.20E+01  7.29E-01
  38.00  29  60  2.16E+01  7.21E-01
  39.00  29  60  1.97E+01  6.88E-01
  40.00  29  60  2.06E+01  7.05E-01
   3.00  29  59  2.65E+00  2.18E-02
   4.00  29  59  2.68E+01  2.15E-01
   5.00  29  59  8.46E+01  6.57E-01
   6.00  29  59  1.30E+02  1.07E+00
   7.00  29  59  1.43E+02  1.30E+00
   8.00  29  59  1.45E+02  1.43E+00
   9.00  29  59  1.50E+02  1.55E+00
  10.00  29  59  1.44E+02  1.58E+00
  11.00  29  59  1.41E+02  1.62E+00
  12.00  29  59  1.36E+02  1.62E+00
  13.00  29  59  1.30E+02  1.62E+00
  14.00  29  59  1.28E+02  1.63E+00
  15.00  29  59  1.25E+02  1.63E+00
  16.00  29  59  1.22E+02  1.63E+00
  17.00  29  59  1.20E+02  1.63E+00
  18.00  29  59  1.17E+02  1.62E+00
  19.00  29  59  1.14E+02  1.61E+00
  20.00  29  59  1.11E+02  1.59E+00
  21.00  29  59  1.07E+02  1.57E+00
  22.00  29  59  1.07E+02  1.57E+00
  23.00  29  59  1.07E+02  1.58E+00
  24.00  29  59  1.04E+02  1.56E+00
  25.00  29  59  1.05E+02  1.58E+00
  26.00  29  59  1.03E+02  1.56E+00
  27.00  29  59  1.02E+02  1.56E+00
  28.00  29  59  1.02E+02  1.56E+00
  29.00  29  59  9.94E+01  1.54E+00
  30.00  29  59  1.01E+02  1.56E+00
  31.00  29  59  9.89E+01  1.54E+00
  32.00  29  59  9.59E+01  1.52E+00
  33.00  29  59  9.57E+01  1.52E+00
  34.00  29  59  9.07E+01  1.48E+00
  35.00  29  59  8.64E+01  1.44E+00
  36.00  29  59  8.61E+01  1.44E+00
  37.00  29  59  8.51E+01  1.43E+00
  38.00  29  59  8.30E+01  1.41E+00
  39.00  29  59  7.95E+01  1.38E+00
  40.00  29  59  7.80E+01  1.37E+00
   5.00  29  58  3.47E-03  4.21E-03
  10.00  29  58  4.74E-02  2.87E-02
  11.00  29  58  2.52E-02  2.16E-02
  12.00  29  58  5.30E-02  3.21E-02
  13.00  29  58  4.44E+00  2.99E-01
  14.00  29  58  1.37E+01  5.34E-01
  15.00  29  58  2.69E+01  7.56E-01
  16.00  29  58  4.07E+01  9.40E-01
  17.00  29  58  5.38E+01  1.09E+00
  18.00  29  58  6.82E+01  1.24E+00
  19.00  29  58  7.64E+01  1.32E+00
  20.00  29  58  7.94E+01  1.35E+00
  21.00  29  58  7.31E+01  1.30E+00
  22.00  29  58  6.85E+01  1.26E+00
  23.00  29  58  5.94E+01  1.18E+00
  24.00  29  58  5.88E+01  1.17E+00
  25.00  29  58  5.33E+01  1.12E+00
  26.00  29  58  4.57E+01  1.04E+00
  27.00  29  58  3.93E+01  9.66E-01
  28.00  29  58  3.43E+01  9.04E-01
  29.00  29  58  3.17E+01  8.70E-01
  30.00  29  58  2.78E+01  8.15E-01
  31.00  29  58  2.55E+01  7.82E-01
  32.00  29  58  2.48E+01  7.71E-01
  33.00  29  58  2.40E+01  7.60E-01
  34.00  29  58  2.24E+01  7.34E-01
  35.00  29  58  2.06E+01  7.04E-01
  36.00  29  58  2.00E+01  6.94E-01
  37.00  29  58  2.02E+01  6.98E-01
  38.00  29  58  1.98E+01  6.91E-01
  39.00  29  58  1.93E+01  6.83E-01
  40.00  29  58  1.82E+01  6.62E-01
  18.00  29  57  1.52E-02  1.85E-02
  22.00  29  57  1.58E-02  1.92E-02
  23.00  29  57  1.59E-02  1.93E-02
  25.00  29  57  1.61E-02  1.95E-02
  26.00  29  57  1.29E-01  5.52E-02
  27.00  29  57  6.63E-01  1.26E-01
  28.00  29  57  1.88E+00  2.12E-01
  29.00  29  57  4.03E+00  3.10E-01
  30.00  29  57  6.80E+00  4.03E-01
  31.00  29  57  9.94E+00  4.88E-01
  32.00  29  57  1.25E+01  5.48E-01
  33.00  29  57  1.50E+01  6.00E-01
  34.00  29  57  1.57E+01  6.14E-01
  35.00  29  57  1.50E+01  6.01E-01
  36.00  29  57  1.42E+01  5.85E-01
  37.00  29  57  1.35E+01  5.69E-01
  38.00  29  57  1.22E+01  5.41E-01
  39.00  29  57  1.22E+01  5.42E-01
  40.00  29  57  1.09E+01  5.13E-01
   3.00  28  65  6.29E-03  1.06E-03
   4.00  28  65  6.99E-02  1.10E-02
   5.00  28  65  2.48E-01  3.55E-02
   6.00  28  65  6.21E-01  7.37E-02
   7.00  28  65  7.14E-01  9.18E-02
   8.00  28  65  1.14E+00  1.27E-01
   9.00  28  65  1.18E+00  1.37E-01
  10.00  28  65  1.24E+00  1.47E-01
  11.00  28  65  1.22E+00  1.50E-01
  12.00  28  65  1.40E+00  1.65E-01
  13.00  28  65  1.24E+00  1.58E-01
  14.00  28  65  1.44E+00  1.73E-01
  15.00  28  65  1.27E+00  1.65E-01
  16.00  28  65  1.45E+00  1.78E-01
  17.00  28  65  1.35E+00  1.73E-01
  18.00  28  65  1.11E+00  1.58E-01
  19.00  28  65  1.27E+00  1.70E-01
  20.00  28  65  9.89E-01  1.50E-01
  21.00  28  65  1.29E+00  1.73E-01
  22.00  28  65  1.28E+00  1.73E-01
  23.00  28  65  1.14E+00  1.63E-01
  24.00  28  65  1.05E+00  1.57E-01
  25.00  28  65  1.07E+00  1.59E-01
  26.00  28  65  9.90E-01  1.53E-01
  27.00  28  65  1.21E+00  1.70E-01
  28.00  28  65  1.25E+00  1.72E-01
  29.00  28  65  1.08E+00  1.61E-01
  30.00  28  65  1.09E+00  1.61E-01
  31.00  28  65  8.66E-01  1.44E-01
  32.00  28  65  9.35E-01  1.50E-01
  33.00  28  65  1.11E+00  1.63E-01
  34.00  28  65  1.04E+00  1.58E-01
  35.00  28  65  9.37E-01  1.50E-01
  36.00  28  65  1.06E+00  1.60E-01
  37.00  28  65  9.73E-01  1.53E-01
  38.00  28  65  8.53E-01  1.43E-01
  39.00  28  65  8.19E-01  1.40E-01
  40.00  28  65  9.90E-01  1.54E-01
   6.00  28  64  6.47E-03  7.53E-03
   7.00  28  64  6.02E-02  2.66E-02
   8.00  28  64  2.05E-01  5.38E-02
   9.00  28  64  3.22E-01  7.17E-02
  10.00  28  64  6.61E-01  1.07E-01
  11.00  28  64  8.08E-01  1.22E-01
  12.00  28  64  1.05E+00  1.43E-01
  13.00  28  64  1.38E+00  1.67E-01
  14.00  28  64  1.81E+00  1.94E-01
  15.00  28  64  2.05E+00  2.09E-01
  16.00  28  64  2.09E+00  2.13E-01
  17.00  28  64  2.26E+00  2.23E-01
  18.00  28  64  2.31E+00  2.27E-01
  19.00  28  64  2.78E+00  2.51E-01
  20.00  28  64  3.33E+00  2.76E-01
  21.00  28  64  3.08E+00  2.66E-01
  22.00  28  64  2.70E+00  2.50E-01
  23.00  28  64  2.80E+00  2.56E-01
  24.00  28  64  2.66E+00  2.50E-01
  25.00  28  64  2.84E+00  2.59E-01
  26.00  28  64  2.94E+00  2.64E-01
  27.00  28  64  2.78E+00  2.57E-01
  28.00  28  64  2.75E+00  2.56E-01
  29.00  28  64  2.67E+00  2.53E-01
  30.00  28  64  2.80E+00  2.59E-01
  31.00  28  64  3.12E+00  2.74E-01
  32.00  28  64  2.70E+00  2.55E-01
  33.00  28  64  2.60E+00  2.50E-01
  34.00  28  64  2.95E+00  2.66E-01
  35.00  28  64  2.88E+00  2.63E-01
  36.00  28  64  3.38E+00  2.85E-01
  37.00  28  64  3.04E+00  2.70E-01
  38.00  28  64  2.78E+00  2.59E-01
  39.00  28  64  2.39E+00  2.40E-01
  40.00  28  64  3.41E+00  2.87E-01
   3.00  28  63  4.34E-02  2.79E-03
   4.00  28  63  5.07E-01  2.96E-02
   5.00  28  63  1.85E+00  9.71E-02
   6.00  28  63  3.31E+00  1.70E-01
   7.00  28  63  4.42E+00  2.28E-01
   8.00  28  63  5.46E+00  2.78E-01
   9.00  28  63  6.54E+00  3.23E-01
  10.00  28  63  6.28E+00  3.31E-01
  11.00  28  63  6.49E+00  3.47E-01
  12.00  28  63  6.23E+00  3.48E-01
  13.00  28  63  6.69E+00  3.67E-01
  14.00  28  63  6.98E+00  3.81E-01
  15.00  28  63  6.21E+00  3.64E-01
  16.00  28  63  6.26E+00  3.69E-01
  17.00  28  63  7.00E+00  3.93E-01
  18.00  28  63  6.42E+00  3.79E-01
  19.00  28  63  6.44E+00  3.82E-01
  20.00  28  63  6.42E+00  3.83E-01
  21.00  28  63  6.02E+00  3.73E-01
  22.00  28  63  6.09E+00  3.76E-01
  23.00  28  63  6.60E+00  3.93E-01
  24.00  28  63  7.38E+00  4.16E-01
  25.00  28  63  6.80E+00  4.01E-01
  26.00  28  63  7.19E+00  4.13E-01
  27.00  28  63  6.62E+00  3.97E-01
  28.00  28  63  6.27E+00  3.87E-01
  29.00  28  63  6.47E+00  3.93E-01
  30.00  28  63  6.53E+00  3.95E-01
  31.00  28  63  6.66E+00  4.00E-01
  32.00  28  63  6.03E+00  3.80E-01
  33.00  28  63  6.09E+00  3.82E-01
  34.00  28  63  5.96E+00  3.79E-01
  35.00  28  63  5.72E+00  3.71E-01
  36.00  28  63  5.19E+00  3.53E-01
  37.00  28  63  6.17E+00  3.86E-01
  38.00  28  63  5.10E+00  3.51E-01
  39.00  28  63  5.17E+00  3.53E-01
  40.00  28  63  5.37E+00  3.60E-01
   3.00  28  62  2.53E-02  2.13E-03
   4.00  28  62  2.93E-01  2.25E-02
   5.00  28  62  7.82E-01  6.31E-02
   6.00  28  62  4.07E+00  1.89E-01
   7.00  28  62  1.05E+01  3.52E-01
   8.00  28  62  1.08E+01  3.91E-01
   9.00  28  62  1.07E+01  4.14E-01
  10.00  28  62  1.27E+01  4.70E-01
  11.00  28  62  1.37E+01  5.04E-01
  12.00  28  62  1.34E+01  5.10E-01
  13.00  28  62  1.37E+01  5.26E-01
  14.00  28  62  1.49E+01  5.57E-01
  15.00  28  62  1.63E+01  5.88E-01
  16.00  28  62  1.76E+01  6.19E-01
  17.00  28  62  1.67E+01  6.08E-01
  18.00  28  62  1.81E+01  6.37E-01
  19.00  28  62  1.82E+01  6.42E-01
  20.00  28  62  1.90E+01  6.60E-01
  21.00  28  62  1.79E+01  6.42E-01
  22.00  28  62  1.87E+01  6.59E-01
  23.00  28  62  1.78E+01  6.45E-01
  24.00  28  62  1.74E+01  6.39E-01
  25.00  28  62  1.71E+01  6.34E-01
  26.00  28  62  1.69E+01  6.33E-01
  27.00  28  62  1.72E+01  6.39E-01
  28.00  28  62  1.79E+01  6.52E-01
  29.00  28  62  1.65E+01  6.28E-01
  30.00  28  62  1.73E+01  6.42E-01
  31.00  28  62  1.66E+01  6.30E-01
  32.00  28  62  1.74E+01  6.46E-01
  33.00  28  62  1.72E+01  6.43E-01
  34.00  28  62  1.71E+01  6.41E-01
  35.00  28  62  1.76E+01  6.50E-01
  36.00  28  62  1.76E+01  6.51E-01
  37.00  28  62  1.76E+01  6.52E-01
  38.00  28  62  1.74E+01  6.47E-01
  39.00  28  62  1.82E+01  6.63E-01
  40.00  28  62  1.70E+01  6.40E-01
   3.00  28  61  9.75E-01  1.32E-02
   4.00  28  61  9.20E+00  1.26E-01
   5.00  28  61  2.75E+01  3.75E-01
   6.00  28  61  4.80E+01  6.48E-01
   7.00  28  61  5.95E+01  8.38E-01
   8.00  28  61  6.66E+01  9.70E-01
   9.00  28  61  7.05E+01  1.06E+00
  10.00  28  61  6.90E+01  1.10E+00
  11.00  28  61  6.52E+01  1.10E+00
  12.00  28  61  6.48E+01  1.12E+00
  13.00  28  61  6.42E+01  1.14E+00
  14.00  28  61  6.24E+01  1.14E+00
  15.00  28  61  6.21E+01  1.15E+00
  16.00  28  61  6.01E+01  1.14E+00
  17.00  28  61  5.97E+01  1.15E+00
  18.00  28  61  5.93E+01  1.15E+00
  19.00  28  61  5.81E+01  1.15E+00
  20.00  28  61  5.99E+01  1.17E+00
  21.00  28  61  5.76E+01  1.15E+00
  22.00  28  61  5.81E+01  1.16E+00
  23.00  28  61  5.68E+01  1.15E+00
  24.00  28  61  5.68E+01  1.16E+00
  25.00  28  61  5.71E+01  1.16E+00
  26.00  28  61  5.59E+01  1.15E+00
  27.00  28  61  5.51E+01  1.14E+00
  28.00  28  61  5.39E+01  1.13E+00
  29.00  28  61  5.36E+01  1.13E+00
  30.00  28  61  5.18E+01  1.11E+00
  31.00  28  61  5.30E+01  1.13E+00
  32.00  28  61  5.06E+01  1.10E+00
  33.00  28  61  4.99E+01  1.09E+00
  34.00  28  61  4.85E+01  1.08E+00
  35.00  28  61  4.58E+01  1.05E+00
  36.00  28  61  4.61E+01  1.05E+00
  37.00  28  61  4.48E+01  1.04E+00
  38.00  28  61  4.50E+01  1.04E+00
  39.00  28  61  4.26E+01  1.01E+00
  40.00  28  61  4.25E+01  1.01E+00
   3.00  28  60  3.90E-04  2.64E-04
   4.00  28  60  1.24E-03  1.46E-03
   5.00  28  60  3.24E-02  1.29E-02
   6.00  28  60  1.54E+01  3.67E-01
   7.00  28  60  5.09E+01  7.75E-01
   8.00  28  60  8.85E+01  1.12E+00
   9.00  28  60  1.15E+02  1.35E+00
  10.00  28  60  1.42E+02  1.57E+00
  11.00  28  60  1.55E+02  1.69E+00
  12.00  28  60  1.59E+02  1.76E+00
  13.00  28  60  1.58E+02  1.79E+00
  14.00  28  60  1.59E+02  1.82E+00
  15.00  28  60  1.58E+02  1.84E+00
  16.00  28  60  1.60E+02  1.86E+00
  17.00  28  60  1.59E+02  1.87E+00
  18.00  28  60  1.60E+02  1.89E+00
  19.00  28  60  1.59E+02  1.90E+00
  20.00  28  60  1.58E+02  1.90E+00
  21.00  28  60  1.56E+02  1.90E+00
  22.00  28  60  1.51E+02  1.87E+00
  23.00  28  60  1.46E+02  1.85E+00
  24.00  28  60  1.45E+02  1.84E+00
  25.00  28  60  1.41E+02  1.83E+00
  26.00  28  60  1.37E+02  1.80E+00
  27.00  28  60  1.33E+02  1.78E+00
  28.00  28  60  1.32E+02  1.77E+00
  29.00  28  60  1.30E+02  1.76E+00
  30.00  28  60  1.29E+02  1.76E+00
  31.00  28  60  1.29E+02  1.76E+00
  32.00  28  60  1.30E+02  1.77E+00
  33.00  28  60  1.27E+02  1.74E+00
  34.00  28  60  1.28E+02  1.76E+00
  35.00  28  60  1.27E+02  1.75E+00
  36.00  28  60  1.30E+02  1.77E+00
  37.00  28  60  1.28E+02  1.76E+00
  38.00  28  60  1.26E+02  1.74E+00
  39.00  28  60  1.27E+02  1.75E+00
  40.00  28  60  1.26E+02  1.74E+00
   3.00  28  59  5.14E+00  3.04E-02
   4.00  28  59  4.70E+01  2.85E-01
   5.00  28  59  1.32E+02  8.21E-01
   6.00  28  59  2.15E+02  1.37E+00
   7.00  28  59  2.54E+02  1.73E+00
   8.00  28  59  2.59E+02  1.91E+00
   9.00  28  59  2.65E+02  2.06E+00
  10.00  28  59  2.46E+02  2.07E+00
  11.00  28  59  2.28E+02  2.05E+00
  12.00  28  59  2.16E+02  2.05E+00
  13.00  28  59  2.07E+02  2.04E+00
  14.00  28  59  1.98E+02  2.03E+00
  15.00  28  59  1.89E+02  2.00E+00
  16.00  28  59  1.84E+02  2.00E+00
  17.00  28  59  1.78E+02  1.98E+00
  18.00  28  59  1.73E+02  1.97E+00
  19.00  28  59  1.76E+02  2.00E+00
  20.00  28  59  1.79E+02  2.02E+00
  21.00  28  59  1.85E+02  2.07E+00
  22.00  28  59  1.93E+02  2.12E+00
  23.00  28  59  1.97E+02  2.15E+00
  24.00  28  59  2.04E+02  2.19E+00
  25.00  28  59  2.07E+02  2.21E+00
  26.00  28  59  2.09E+02  2.22E+00
  27.00  28  59  2.12E+02  2.25E+00
  28.00  28  59  2.08E+02  2.23E+00
  29.00  28  59  2.06E+02  2.22E+00
  30.00  28  59  2.01E+02  2.19E+00
  31.00  28  59  1.99E+02  2.19E+00
  32.00  28  59  1.95E+02  2.16E+00
  33.00  28  59  1.92E+02  2.14E+00
  34.00  28  59  1.82E+02  2.09E+00
  35.00  28  59  1.82E+02  2.09E+00
  36.00  28  59  1.73E+02  2.04E+00
  37.00  28  59  1.69E+02  2.01E+00
  38.00  28  59  1.65E+02  1.99E+00
  39.00  28  59  1.57E+02  1.94E+00
  40.00  28  59  1.53E+02  1.92E+00
   3.00  28  58  1.22E-04  1.48E-04
   4.00  28  58  2.35E-03  2.02E-03
   5.00  28  58  2.05E-01  3.23E-02
   6.00  28  58  2.75E+01  4.90E-01
   7.00  28  58  1.01E+02  1.09E+00
   8.00  28  58  1.93E+02  1.65E+00
   9.00  28  58  2.51E+02  2.00E+00
  10.00  28  58  3.17E+02  2.35E+00
  11.00  28  58  3.70E+02  2.62E+00
  12.00  28  58  4.05E+02  2.81E+00
  13.00  28  58  4.27E+02  2.93E+00
  14.00  28  58  4.36E+02  3.01E+00
  15.00  28  58  4.35E+02  3.04E+00
  16.00  28  58  4.32E+02  3.06E+00
  17.00  28  58  4.26E+02  3.07E+00
  18.00  28  58  4.21E+02  3.07E+00
  19.00  28  58  4.12E+02  3.06E+00
  20.00  28  58  4.02E+02  3.03E+00
  21.00  28  58  3.94E+02  3.02E+00
  22.00  28  58  3.76E+02  2.96E+00
  23.00  28  58  3.62E+02  2.91E+00
  24.00  28  58  3.51E+02  2.87E+00
  25.00  28  58  3.43E+02  2.85E+00
  26.00  28  58  3.35E+02  2.81E+00
  27.00  28  58  3.28E+02  2.79E+00
  28.00  28  58  3.22E+02  2.77E+00
  29.00  28  58  3.19E+02  2.76E+00
  30.00  28  58  3.12E+02  2.73E+00
  31.00  28  58  3.16E+02  2.75E+00
  32.00  28  58  3.12E+02  2.74E+00
  33.00  28  58  3.17E+02  2.76E+00
  34.00  28  58  3.17E+02  2.76E+00
  35.00  28  58  3.21E+02  2.78E+00
  36.00  28  58  3.20E+02  2.78E+00
  37.00  28  58  3.24E+02  2.79E+00
  38.00  28  58  3.22E+02  2.78E+00
  39.00  28  58  3.25E+02  2.80E+00
  40.00  28  58  3.25E+02  2.80E+00
   6.00  28  57  1.79E-02  1.25E-02
   7.00  28  57  2.41E-02  1.69E-02
   8.00  28  57  7.69E-02  3.30E-02
   9.00  28  57  1.63E-01  5.10E-02
  10.00  28  57  2.37E-01  6.42E-02
  11.00  28  57  3.15E-01  7.64E-02
  12.00  28  57  5.56E-01  1.04E-01
  13.00  28  57  9.34E-01  1.37E-01
  14.00  28  57  1.18E+00  1.56E-01
  15.00  28  57  1.19E+00  1.59E-01
  16.00  28  57  1.72E+00  1.93E-01
  17.00  28  57  2.09E+00  2.15E-01
  18.00  28  57  2.85E+00  2.53E-01
  19.00  28  57  5.31E+00  3.47E-01
  20.00  28  57  1.56E+01  5.98E-01
  21.00  28  57  2.94E+01  8.23E-01
  22.00  28  57  5.03E+01  1.08E+00
  23.00  28  57  6.97E+01  1.28E+00
  24.00  28  57  8.20E+01  1.39E+00
  25.00  28  57  1.00E+02  1.54E+00
  26.00  28  57  1.18E+02  1.67E+00
  27.00  28  57  1.32E+02  1.77E+00
  28.00  28  57  1.45E+02  1.86E+00
  29.00  28  57  1.50E+02  1.89E+00
  30.00  28  57  1.56E+02  1.93E+00
  31.00  28  57  1.57E+02  1.94E+00
  32.00  28  57  1.57E+02  1.94E+00
  33.00  28  57  1.50E+02  1.90E+00
  34.00  28  57  1.47E+02  1.88E+00
  35.00  28  57  1.40E+02  1.83E+00
  36.00  28  57  1.33E+02  1.79E+00
  37.00  28  57  1.26E+02  1.75E+00
  38.00  28  57  1.19E+02  1.69E+00
  39.00  28  57  1.10E+02  1.63E+00
  40.00  28  57  1.03E+02  1.57E+00
  15.00  28  56  1.45E-02  1.76E-02
  18.00  28  56  4.57E-02  3.20E-02
  19.00  28  56  3.09E-02  2.64E-02
  20.00  28  56  6.23E-02  3.77E-02
  21.00  28  56  1.10E-01  5.04E-02
  22.00  28  56  1.58E-01  6.06E-02
  23.00  28  56  9.54E-02  4.72E-02
  24.00  28  56  1.60E-01  6.13E-02
  25.00  28  56  3.53E-01  9.13E-02
  26.00  28  56  3.22E-01  8.73E-02
  27.00  28  56  2.10E-01  7.07E-02
  28.00  28  56  3.41E-01  9.01E-02
  29.00  28  56  3.41E-01  9.03E-02
  30.00  28  56  6.51E-01  1.25E-01
  31.00  28  56  2.24E+00  2.31E-01
  32.00  28  56  5.28E+00  3.56E-01
  33.00  28  56  1.02E+01  4.95E-01
  34.00  28  56  1.72E+01  6.44E-01
  35.00  28  56  2.49E+01  7.74E-01
  36.00  28  56  3.51E+01  9.19E-01
  37.00  28  56  4.08E+01  9.91E-01
  38.00  28  56  5.31E+01  1.13E+00
  39.00  28  56  6.21E+01  1.22E+00
  40.00  28  56  6.84E+01  1.28E+00
  35.00  28  55  1.64E-02  1.99E-02
  38.00  28  55  1.64E-02  1.99E-02
  21.00  27  64  1.64E-02  1.94E-02
  23.00  27  64  4.97E-02  3.41E-02
  24.00  27  64  3.33E-02  2.80E-02
  25.00  27  64  1.67E-02  1.99E-02
  26.00  27  64  1.68E-02  1.99E-02
  27.00  27  64  3.37E-02  2.83E-02
  28.00  27  64  5.06E-02  3.47E-02
  29.00  27  64  3.38E-02  2.84E-02
  30.00  27  64  3.39E-02  2.85E-02
  31.00  27  64  3.40E-02  2.85E-02
  32.00  27  64  1.70E-02  2.02E-02
  33.00  27  64  1.70E-02  2.02E-02
  34.00  27  64  6.81E-02  4.05E-02
  35.00  27  64  1.70E-02  2.03E-02
  37.00  27  64  6.83E-02  4.05E-02
  38.00  27  64  3.41E-02  2.87E-02
  39.00  27  64  5.12E-02  3.51E-02
  40.00  27  64  6.83E-02  4.06E-02
  11.00  27  63  2.65E-02  2.22E-02
  16.00  27  63  1.55E-02  1.83E-02
  18.00  27  63  6.36E-02  3.77E-02
  19.00  27  63  1.61E-02  1.91E-02
  21.00  27  63  3.27E-02  2.75E-02
  22.00  27  63  1.65E-02  1.96E-02
  23.00  27  63  6.62E-02  3.93E-02
  24.00  27  63  6.66E-02  3.96E-02
  25.00  27  63  3.34E-02  2.81E-02
  26.00  27  63  1.68E-02  1.99E-02
  27.00  27  63  1.68E-02  2.00E-02
  28.00  27  63  1.69E-01  6.34E-02
  29.00  27  63  1.35E-01  5.68E-02
  30.00  27  63  1.53E-01  6.04E-02
  31.00  27  63  1.36E-01  5.71E-02
  32.00  27  63  1.70E-01  6.39E-02
  33.00  27  63  3.23E-01  8.81E-02
  34.00  27  63  2.38E-01  7.57E-02
  35.00  27  63  3.24E-01  8.83E-02
  36.00  27  63  2.73E-01  8.10E-02
  37.00  27  63  2.39E-01  7.58E-02
  38.00  27  63  4.27E-01  1.01E-01
  39.00  27  63  4.44E-01  1.03E-01
  40.00  27  63  3.41E-01  9.07E-02
   3.00  27  62  1.46E-04  1.62E-04  1.46E-04  1.62E-04  0.00E+00  0.00E+00  0.00E+00
   4.00  27  62  8.22E-03  3.77E-03  2.74E-03  2.18E-03  5.48E-03  3.08E-03  6.67E-01
   5.00  27  62  3.10E-02  1.26E-02  1.93E-02  9.93E-03  1.16E-02  7.69E-03  3.75E-01
   6.00  27  62  4.53E-02  1.99E-02  2.59E-02  1.51E-02  1.94E-02  1.30E-02  4.29E-01
   7.00  27  62  7.74E-02  3.02E-02  4.30E-02  2.25E-02  3.44E-02  2.01E-02  4.44E-01
   8.00  27  62  1.74E-01  4.96E-02  1.02E-01  3.80E-02  7.16E-02  3.18E-02  4.12E-01
   9.00  27  62  2.41E-01  6.21E-02  1.15E-01  4.28E-02  1.26E-01  4.49E-02  5.24E-01
  10.00  27  62  2.37E-01  6.43E-02  9.98E-02  4.17E-02  1.37E-01  4.89E-02  5.79E-01
  11.00  27  62  1.46E-01  5.19E-02  2.65E-02  2.22E-02  1.19E-01  4.70E-02  8.18E-01
  12.00  27  62  1.11E-01  4.65E-02  4.16E-02  2.85E-02  6.94E-02  3.67E-02  6.25E-01
  13.00  27  62  1.01E-01  4.51E-02  2.88E-02  2.41E-02  7.19E-02  3.81E-02  7.14E-01
  14.00  27  62  1.18E-01  4.96E-02  2.96E-02  2.48E-02  8.89E-02  4.30E-02  7.50E-01
  15.00  27  62  1.21E-01  5.08E-02  3.03E-02  2.54E-02  9.07E-02  4.39E-02  7.50E-01
  16.00  27  62  9.21E-02  4.47E-02  4.59E-02  3.16E-02  4.62E-02  3.17E-02  5.01E-01
  17.00  27  62  1.25E-01  5.26E-02  4.69E-02  3.22E-02  7.82E-02  4.16E-02  6.25E-01
  18.00  27  62  2.05E-01  6.78E-02  7.91E-02  4.21E-02  1.26E-01  5.31E-02  6.14E-01
  19.00  27  62  2.54E-01  7.59E-02  7.95E-02  4.25E-02  1.75E-01  6.29E-02  6.87E-01
  20.00  27  62  3.52E-01  8.97E-02  6.40E-02  3.83E-02  2.88E-01  8.12E-02  8.18E-01
  21.00  27  62  4.36E-01  1.00E-01  6.46E-02  3.86E-02  3.71E-01  9.26E-02  8.52E-01
  22.00  27  62  4.39E-01  1.01E-01  1.14E-01  5.14E-02  3.25E-01  8.69E-02  7.41E-01
  23.00  27  62  4.74E-01  1.05E-01  3.27E-02  2.76E-02  4.41E-01  1.02E-01  9.31E-01
  24.00  27  62  5.59E-01  1.15E-01  6.60E-02  3.94E-02  4.93E-01  1.08E-01  8.82E-01
  25.00  27  62  6.77E-01  1.26E-01  6.60E-02  3.95E-02  6.11E-01  1.20E-01  9.02E-01
  26.00  27  62  4.64E-01  1.05E-01  1.16E-01  5.24E-02  3.48E-01  9.07E-02  7.50E-01
  27.00  27  62  7.65E-01  1.35E-01  2.66E-01  7.95E-02  4.99E-01  1.09E-01  6.52E-01
  28.00  27  62  5.00E-01  1.09E-01  6.66E-02  3.98E-02  4.33E-01  1.02E-01  8.67E-01
  29.00  27  62  7.51E-01  1.34E-01  1.34E-01  5.65E-02  6.18E-01  1.21E-01  8.22E-01
  30.00  27  62  5.69E-01  1.17E-01  1.00E-01  4.90E-02  4.69E-01  1.06E-01  8.24E-01
  31.00  27  62  4.36E-01  1.02E-01  1.01E-01  4.91E-02  3.35E-01  8.96E-02  7.69E-01
  32.00  27  62  5.88E-01  1.19E-01  1.35E-01  5.69E-02  4.53E-01  1.04E-01  7.71E-01
  33.00  27  62  3.87E-01  9.64E-02  1.18E-01  5.33E-02  2.69E-01  8.04E-02  6.95E-01
  34.00  27  62  4.88E-01  1.08E-01  6.75E-02  4.03E-02  4.21E-01  1.01E-01  8.62E-01
  35.00  27  62  4.55E-01  1.05E-01  8.46E-02  4.51E-02  3.70E-01  9.44E-02  8.14E-01
  36.00  27  62  3.71E-01  9.45E-02  8.46E-02  4.51E-02  2.86E-01  8.30E-02  7.72E-01
  37.00  27  62  4.22E-01  1.01E-01  6.76E-02  4.03E-02  3.54E-01  9.24E-02  8.40E-01
  38.00  27  62  3.55E-01  9.25E-02  8.49E-02  4.52E-02  2.70E-01  8.07E-02  7.61E-01
  39.00  27  62  4.40E-01  1.03E-01  8.49E-02  4.52E-02  3.55E-01  9.25E-02  8.07E-01
  40.00  27  62  4.91E-01  1.09E-01  5.05E-02  3.49E-02  4.40E-01  1.03E-01  8.97E-01
   9.00  27  61  1.15E-02  1.35E-02
  10.00  27  61  9.96E-02  4.17E-02
  11.00  27  61  1.32E-01  4.95E-02
  12.00  27  61  2.63E-01  7.16E-02
  13.00  27  61  4.45E-01  9.48E-02
  14.00  27  61  3.84E-01  8.94E-02
  15.00  27  61  4.68E-01  9.98E-02
  16.00  27  61  4.00E-01  9.33E-02
  17.00  27  61  8.45E-01  1.37E-01
  18.00  27  61  7.30E-01  1.28E-01
  19.00  27  61  9.95E-01  1.50E-01
  20.00  27  61  1.02E+00  1.53E-01
  21.00  27  61  9.95E-01  1.51E-01
  22.00  27  61  8.86E-01  1.43E-01
  23.00  27  61  9.23E-01  1.47E-01
  24.00  27  61  7.94E-01  1.37E-01
  25.00  27  61  1.24E+00  1.71E-01
  26.00  27  61  1.48E+00  1.87E-01
  27.00  27  61  1.35E+00  1.79E-01
  28.00  27  61  1.39E+00  1.82E-01
  29.00  27  61  1.56E+00  1.93E-01
  30.00  27  61  1.64E+00  1.98E-01
  31.00  27  61  2.13E+00  2.26E-01
  32.00  27  61  2.23E+00  2.32E-01
  33.00  27  61  2.67E+00  2.53E-01
  34.00  27  61  2.37E+00  2.39E-01
  35.00  27  61  2.73E+00  2.56E-01
  36.00  27  61  3.27E+00  2.80E-01
  37.00  27  61  2.80E+00  2.60E-01
  38.00  27  61  2.71E+00  2.56E-01
  39.00  27  61  2.97E+00  2.67E-01
  40.00  27  61  2.61E+00  2.51E-01
   3.00  27  60  7.72E-03  1.18E-03  3.03E-03  7.38E-04  4.68E-03  9.17E-04  6.07E-01
   4.00  27  60  1.08E-01  1.37E-02  3.52E-02  7.80E-03  7.30E-02  1.12E-02  6.75E-01
   5.00  27  60  4.52E-01  4.80E-02  2.32E-01  3.44E-02  2.20E-01  3.35E-02  4.88E-01
   6.00  27  60  8.32E-01  8.53E-02  4.41E-01  6.21E-02  3.91E-01  5.85E-02  4.70E-01
   7.00  27  60  1.33E+00  1.25E-01  6.48E-01  8.74E-02  6.81E-01  8.97E-02  5.13E-01
   8.00  27  60  1.66E+00  1.53E-01  7.31E-01  1.02E-01  9.31E-01  1.15E-01  5.60E-01
   9.00  27  60  2.30E+00  1.92E-01  1.31E+00  1.45E-01  9.87E-01  1.26E-01  4.29E-01
  10.00  27  60  2.12E+00  1.92E-01  1.21E+00  1.45E-01  9.08E-01  1.26E-01  4.28E-01
  11.00  27  60  2.29E+00  2.06E-01  1.43E+00  1.63E-01  8.58E-01  1.26E-01  3.75E-01
  12.00  27  60  2.49E+00  2.20E-01  1.56E+00  1.74E-01  9.25E-01  1.34E-01  3.72E-01
  13.00  27  60  3.27E+00  2.57E-01  2.23E+00  2.12E-01  1.04E+00  1.45E-01  3.18E-01
  14.00  27  60  4.33E+00  3.00E-01  3.00E+00  2.50E-01  1.33E+00  1.66E-01  3.07E-01
  15.00  27  60  5.51E+00  3.43E-01  4.08E+00  2.95E-01  1.43E+00  1.75E-01  2.59E-01
  16.00  27  60  7.82E+00  4.12E-01  5.95E+00  3.60E-01  1.87E+00  2.02E-01  2.40E-01
  17.00  27  60  1.06E+01  4.83E-01  7.85E+00  4.16E-01  2.72E+00  2.45E-01  2.57E-01
  18.00  27  60  1.28E+01  5.35E-01  9.71E+00  4.66E-01  3.09E+00  2.63E-01  2.42E-01
  19.00  27  60  1.57E+01  5.97E-01  1.19E+01  5.19E-01  3.83E+00  2.95E-01  2.44E-01
  20.00  27  60  1.75E+01  6.32E-01  1.36E+01  5.57E-01  3.92E+00  3.00E-01  2.25E-01
  21.00  27  60  1.99E+01  6.77E-01  1.57E+01  6.01E-01  4.20E+00  3.11E-01  2.12E-01
  22.00  27  60  2.00E+01  6.82E-01  1.61E+01  6.12E-01  3.87E+00  3.00E-01  1.93E-01
  23.00  27  60  2.10E+01  7.00E-01  1.71E+01  6.31E-01  3.92E+00  3.03E-01  1.87E-01
  24.00  27  60  2.06E+01  6.95E-01  1.61E+01  6.16E-01  4.43E+00  3.23E-01  2.15E-01
  25.00  27  60  1.90E+01  6.69E-01  1.51E+01  5.98E-01  3.84E+00  3.01E-01  2.02E-01
  26.00  27  60  1.78E+01  6.49E-01  1.42E+01  5.81E-01  3.55E+00  2.90E-01  2.00E-01
  27.00  27  60  1.67E+01  6.31E-01  1.34E+01  5.64E-01  3.35E+00  2.82E-01  2.00E-01
  28.00  27  60  1.70E+01  6.37E-01  1.37E+01  5.72E-01  3.29E+00  2.80E-01  1.93E-01
  29.00  27  60  1.47E+01  5.93E-01  1.19E+01  5.32E-01  2.89E+00  2.63E-01  1.96E-01
  30.00  27  60  1.54E+01  6.06E-01  1.23E+01  5.42E-01  3.10E+00  2.72E-01  2.02E-01
  31.00  27  60  1.40E+01  5.80E-01  1.12E+01  5.19E-01  2.81E+00  2.60E-01  2.00E-01
  32.00  27  60  1.42E+01  5.84E-01  1.12E+01  5.18E-01  3.04E+00  2.70E-01  2.14E-01
  33.00  27  60  1.25E+01  5.49E-01  9.84E+00  4.86E-01  2.71E+00  2.55E-01  2.16E-01
  34.00  27  60  1.20E+01  5.38E-01  9.63E+00  4.81E-01  2.38E+00  2.39E-01  1.98E-01
  35.00  27  60  1.15E+01  5.26E-01  9.04E+00  4.66E-01  2.47E+00  2.44E-01  2.14E-01
  36.00  27  60  1.13E+01  5.21E-01  9.04E+00  4.67E-01  2.22E+00  2.31E-01  1.97E-01
  37.00  27  60  1.04E+01  5.01E-01  8.52E+00  4.53E-01  1.90E+00  2.14E-01  1.83E-01
  38.00  27  60  1.04E+01  5.02E-01  8.21E+00  4.45E-01  2.23E+00  2.32E-01  2.14E-01
  39.00  27  60  1.08E+01  5.10E-01  8.73E+00  4.59E-01  2.04E+00  2.22E-01  1.90E-01
  40.00  27  60  1.06E+01  5.05E-01  8.70E+00  4.58E-01  1.90E+00  2.14E-01  1.79E-01
   3.00  27  59  3.21E-03  7.59E-04
   4.00  27  59  3.56E-02  7.85E-03
   5.00  27  59  7.71E-02  1.98E-02
   6.00  27  59  1.49E-01  3.61E-02
   7.00  27  59  1.99E-01  4.85E-02
   8.00  27  59  2.78E-01  6.26E-02
   9.00  27  59  3.47E-01  7.44E-02
  10.00  27  59  5.49E-01  9.78E-02
  11.00  27  59  1.21E+00  1.50E-01
  12.00  27  59  1.83E+00  1.89E-01
  13.00  27  59  2.62E+00  2.30E-01
  14.00  27  59  3.12E+00  2.55E-01
  15.00  27  59  3.82E+00  2.85E-01
  16.00  27  59  4.18E+00  3.02E-01
  17.00  27  59  4.54E+00  3.17E-01
  18.00  27  59  4.55E+00  3.19E-01
  19.00  27  59  4.86E+00  3.32E-01
  20.00  27  59  6.28E+00  3.79E-01
  21.00  27  59  7.21E+00  4.08E-01
  22.00  27  59  8.93E+00  4.55E-01
  23.00  27  59  1.05E+01  4.94E-01
  24.00  27  59  1.38E+01  5.70E-01
  25.00  27  59  1.69E+01  6.32E-01
  26.00  27  59  2.05E+01  6.96E-01
  27.00  27  59  2.37E+01  7.50E-01
  28.00  27  59  2.66E+01  7.96E-01
  29.00  27  59  3.07E+01  8.57E-01
  30.00  27  59  3.21E+01  8.76E-01
  31.00  27  59  3.53E+01  9.20E-01
  32.00  27  59  3.67E+01  9.39E-01
  33.00  27  59  3.92E+01  9.71E-01
  34.00  27  59  4.12E+01  9.95E-01
  35.00  27  59  4.03E+01  9.85E-01
  36.00  27  59  4.14E+01  9.99E-01
  37.00  27  59  4.05E+01  9.88E-01
  38.00  27  59  3.96E+01  9.77E-01
  39.00  27  59  3.99E+01  9.80E-01
  40.00  27  59  3.82E+01  9.59E-01
   3.00  27  58  1.56E-01  5.29E-03  9.05E-02  4.03E-03  6.52E-02  3.42E-03  4.19E-01
   4.00  27  58  1.95E+00  5.81E-02  1.09E+00  4.35E-02  8.56E-01  3.85E-02  4.39E-01
   5.00  27  58  6.58E+00  1.83E-01  3.34E+00  1.31E-01  3.24E+00  1.28E-01  4.92E-01
   6.00  27  58  1.21E+01  3.25E-01  6.05E+00  2.30E-01  6.05E+00  2.30E-01  5.00E-01
   7.00  27  58  1.79E+01  4.59E-01  8.23E+00  3.12E-01  9.64E+00  3.37E-01  5.39E-01
   8.00  27  58  2.45E+01  5.88E-01  1.15E+01  4.02E-01  1.30E+01  4.29E-01  5.32E-01
   9.00  27  58  3.76E+01  7.75E-01  1.70E+01  5.21E-01  2.06E+01  5.73E-01  5.48E-01
  10.00  27  58  5.79E+01  1.00E+00  2.51E+01  6.62E-01  3.28E+01  7.55E-01  5.66E-01
  11.00  27  58  7.87E+01  1.21E+00  3.18E+01  7.68E-01  4.69E+01  9.33E-01  5.96E-01
  12.00  27  58  9.69E+01  1.37E+00  3.59E+01  8.35E-01  6.10E+01  1.09E+00  6.30E-01
  13.00  27  58  1.06E+02  1.46E+00  3.89E+01  8.85E-01  6.70E+01  1.16E+00  6.33E-01
  14.00  27  58  1.23E+02  1.60E+00  4.17E+01  9.31E-01  8.09E+01  1.30E+00  6.60E-01
  15.00  27  58  1.34E+02  1.69E+00  4.19E+01  9.45E-01  9.17E+01  1.40E+00  6.86E-01
  16.00  27  58  1.45E+02  1.78E+00  4.47E+01  9.85E-01  1.00E+02  1.48E+00  6.92E-01
  17.00  27  58  1.56E+02  1.86E+00  4.42E+01  9.88E-01  1.12E+02  1.57E+00  7.16E-01
  18.00  27  58  1.61E+02  1.90E+00  4.32E+01  9.84E-01  1.18E+02  1.62E+00  7.31E-01
  19.00  27  58  1.64E+02  1.93E+00  4.41E+01  1.00E+00  1.20E+02  1.65E+00  7.32E-01
  20.00  27  58  1.64E+02  1.94E+00  4.32E+01  9.94E-01  1.21E+02  1.66E+00  7.37E-01
  21.00  27  58  1.59E+02  1.92E+00  3.96E+01  9.56E-01  1.20E+02  1.66E+00  7.51E-01
  22.00  27  58  1.53E+02  1.89E+00  3.63E+01  9.18E-01  1.17E+02  1.65E+00  7.64E-01
  23.00  27  58  1.47E+02  1.85E+00  3.61E+01  9.18E-01  1.11E+02  1.61E+00  7.55E-01
  24.00  27  58  1.37E+02  1.79E+00  3.13E+01  8.57E-01  1.05E+02  1.57E+00  7.71E-01
  25.00  27  58  1.23E+02  1.70E+00  2.90E+01  8.28E-01  9.36E+01  1.49E+00  7.63E-01
  26.00  27  58  1.22E+02  1.70E+00  3.03E+01  8.46E-01  9.19E+01  1.48E+00  7.52E-01
  27.00  27  58  1.10E+02  1.62E+00  2.56E+01  7.80E-01  8.45E+01  1.42E+00  7.68E-01
  28.00  27  58  1.03E+02  1.56E+00  2.42E+01  7.59E-01  7.84E+01  1.37E+00  7.64E-01
  29.00  27  58  9.77E+01  1.53E+00  2.16E+01  7.18E-01  7.62E+01  1.35E+00  7.79E-01
  30.00  27  58  9.03E+01  1.47E+00  1.99E+01  6.90E-01  7.04E+01  1.30E+00  7.80E-01
  31.00  27  58  8.36E+01  1.42E+00  1.89E+01  6.73E-01  6.48E+01  1.25E+00  7.74E-01
  32.00  27  58  8.18E+01  1.40E+00  2.01E+01  6.94E-01  6.17E+01  1.22E+00  7.55E-01
  33.00  27  58  7.70E+01  1.36E+00  1.87E+01  6.70E-01  5.83E+01  1.18E+00  7.57E-01
  34.00  27  58  7.37E+01  1.33E+00  1.77E+01  6.52E-01  5.60E+01  1.16E+00  7.60E-01
  35.00  27  58  7.22E+01  1.32E+00  1.64E+01  6.28E-01  5.58E+01  1.16E+00  7.73E-01
  36.00  27  58  7.54E+01  1.35E+00  1.72E+01  6.44E-01  5.81E+01  1.18E+00  7.71E-01
  37.00  27  58  7.49E+01  1.34E+00  1.59E+01  6.18E-01  5.90E+01  1.19E+00  7.88E-01
  38.00  27  58  7.58E+01  1.35E+00  1.62E+01  6.25E-01  5.96E+01  1.20E+00  7.86E-01
  39.00  27  58  7.85E+01  1.38E+00  1.74E+01  6.48E-01  6.10E+01  1.21E+00  7.78E-01
  40.00  27  58  7.98E+01  1.39E+00  1.68E+01  6.36E-01  6.30E+01  1.23E+00  7.89E-01
   6.00  27  57  5.96E-03  7.22E-03
   7.00  27  57  2.41E-02  1.69E-02
   8.00  27  57  2.88E-02  2.02E-02
   9.00  27  57  2.63E-01  6.47E-02
  10.00  27  57  1.26E+00  1.48E-01
  11.00  27  57  4.61E+00  2.92E-01
  12.00  27  57  1.05E+01  4.52E-01
  13.00  27  57  1.60E+01  5.68E-01
  14.00  27  57  2.19E+01  6.75E-01
  15.00  27  57  2.57E+01  7.40E-01
  16.00  27  57  2.81E+01  7.81E-01
  17.00  27  57  2.98E+01  8.11E-01
  18.00  27  57  3.38E+01  8.70E-01
  19.00  27  57  4.29E+01  9.86E-01
  20.00  27  57  5.74E+01  1.15E+00
  21.00  27  57  7.56E+01  1.32E+00
  22.00  27  57  9.30E+01  1.47E+00
  23.00  27  57  1.11E+02  1.61E+00
  24.00  27  57  1.29E+02  1.74E+00
  25.00  27  57  1.42E+02  1.83E+00
  26.00  27  57  1.46E+02  1.86E+00
  27.00  27  57  1.58E+02  1.94E+00
  28.00  27  57  1.67E+02  2.00E+00
  29.00  27  57  1.71E+02  2.02E+00
  30.00  27  57  1.76E+02  2.05E+00
  31.00  27  57  1.76E+02  2.05E+00
  32.00  27  57  1.75E+02  2.05E+00
  33.00  27  57  1.72E+02  2.03E+00
  34.00  27  57  1.70E+02  2.02E+00
  35.00  27  57  1.65E+02  1.99E+00
  36.00  27  57  1.56E+02  1.94E+00
  37.00  27  57  1.50E+02  1.90E+00
  38.00  27  57  1.46E+02  1.87E+00
  39.00  27  57  1.40E+02  1.84E+00
  40.00  27  57  1.34E+02  1.80E+00
   3.00  27  56  5.27E-01  9.73E-03
   4.00  27  56  6.35E+00  1.05E-01
   5.00  27  56  1.92E+01  3.13E-01
   6.00  27  56  3.31E+01  5.38E-01
   7.00  27  56  4.72E+01  7.46E-01
   8.00  27  56  5.19E+01  8.56E-01
   9.00  27  56  5.61E+01  9.46E-01
  10.00  27  56  5.82E+01  1.01E+00
  11.00  27  56  4.82E+01  9.46E-01
  12.00  27  56  3.74E+01  8.53E-01
  13.00  27  56  2.93E+01  7.69E-01
  14.00  27  56  1.91E+01  6.31E-01
  15.00  27  56  1.27E+01  5.19E-01
  16.00  27  56  8.42E+00  4.28E-01
  17.00  27  56  5.50E+00  3.49E-01
  18.00  27  56  3.37E+00  2.75E-01
  19.00  27  56  2.53E+00  2.39E-01
  20.00  27  56  1.70E+00  1.97E-01
  21.00  27  56  1.51E+00  1.87E-01
  22.00  27  56  1.58E+00  1.92E-01
  23.00  27  56  1.77E+00  2.03E-01
  24.00  27  56  2.40E+00  2.38E-01
  25.00  27  56  3.99E+00  3.07E-01
  26.00  27  56  6.81E+00  4.01E-01
  27.00  27  56  8.82E+00  4.58E-01
  28.00  27  56  1.21E+01  5.37E-01
  29.00  27  56  1.37E+01  5.72E-01
  30.00  27  56  1.62E+01  6.23E-01
  31.00  27  56  2.03E+01  6.97E-01
  32.00  27  56  2.26E+01  7.37E-01
  33.00  27  56  2.97E+01  8.44E-01
  34.00  27  56  3.59E+01  9.29E-01
  35.00  27  56  3.92E+01  9.72E-01
  36.00  27  56  4.78E+01  1.07E+00
  37.00  27  56  5.24E+01  1.12E+00
  38.00  27  56  5.70E+01  1.17E+00
  39.00  27  56  6.57E+01  1.26E+00
  40.00  27  56  7.11E+01  1.31E+00
   6.00  27  55  5.96E-03  7.22E-03
   7.00  27  55  1.61E-02  1.38E-02
   8.00  27  55  2.88E-02  2.02E-02
   9.00  27  55  6.52E-02  3.23E-02
  10.00  27  55  1.19E-01  4.54E-02
  11.00  27  55  7.19E-01  1.15E-01
  12.00  27  55  2.56E+00  2.23E-01
  13.00  27  55  6.77E+00  3.70E-01
  14.00  27  55  1.21E+01  5.03E-01
  15.00  27  55  1.68E+01  5.99E-01
  16.00  27  55  2.24E+01  6.97E-01
  17.00  27  55  2.59E+01  7.57E-01
  18.00  27  55  2.63E+01  7.68E-01
  19.00  27  55  2.98E+01  8.22E-01
  20.00  27  55  2.98E+01  8.26E-01
  21.00  27  55  2.91E+01  8.20E-01
  22.00  27  55  2.79E+01  8.04E-01
  23.00  27  55  2.64E+01  7.86E-01
  24.00  27  55  2.39E+01  7.49E-01
  25.00  27  55  2.00E+01  6.86E-01
  26.00  27  55  1.85E+01  6.61E-01
  27.00  27  55  1.63E+01  6.22E-01
  28.00  27  55  1.42E+01  5.81E-01
  29.00  27  55  1.38E+01  5.74E-01
  30.00  27  55  1.20E+01  5.36E-01
  31.00  27  55  1.14E+01  5.23E-01
  32.00  27  55  1.05E+01  5.02E-01
  33.00  27  55  1.01E+01  4.92E-01
  34.00  27  55  9.34E+00  4.74E-01
  35.00  27  55  9.28E+00  4.73E-01
  36.00  27  55  9.15E+00  4.69E-01
  37.00  27  55  8.81E+00  4.61E-01
  38.00  27  55  9.11E+00  4.69E-01
  39.00  27  55  9.77E+00  4.85E-01
  40.00  27  55  1.06E+01  5.06E-01
  24.00  27  54  1.60E-02  1.94E-02  1.60E-02  1.94E-02  0.00E+00  1.23E+00  0.00E+00
  26.00  27  54  1.61E-02  1.95E-02  0.00E+00  1.94E-02  1.61E-02  1.95E-02  1.00E+00
  27.00  27  54  1.13E-01  5.19E-02  4.85E-02  3.40E-02  6.47E-02  3.92E-02  5.71E-01
  28.00  27  54  5.03E-01  1.09E-01  1.14E-01  5.20E-02  3.89E-01  9.63E-02  7.74E-01
  29.00  27  54  9.26E-01  1.49E-01  1.46E-01  5.91E-02  7.80E-01  1.36E-01  8.42E-01
  30.00  27  54  1.74E+00  2.04E-01  3.91E-01  9.67E-02  1.35E+00  1.80E-01  7.76E-01
  31.00  27  54  2.73E+00  2.56E-01  5.39E-01  1.14E-01  2.19E+00  2.29E-01  8.02E-01
  32.00  27  54  4.26E+00  3.20E-01  1.06E+00  1.60E-01  3.20E+00  2.77E-01  7.51E-01
  33.00  27  54  4.89E+00  3.43E-01  1.24E+00  1.73E-01  3.65E+00  2.96E-01  7.46E-01
  34.00  27  54  6.40E+00  3.92E-01  1.69E+00  2.01E-01  4.72E+00  3.37E-01  7.37E-01
  35.00  27  54  7.55E+00  4.26E-01  1.62E+00  1.98E-01  5.93E+00  3.78E-01  7.85E-01
  36.00  27  54  7.74E+00  4.32E-01  2.13E+00  2.27E-01  5.61E+00  3.67E-01  7.25E-01
  37.00  27  54  8.69E+00  4.57E-01  2.28E+00  2.34E-01  6.41E+00  3.93E-01  7.38E-01
  38.00  27  54  8.86E+00  4.62E-01  2.05E+00  2.22E-01  6.81E+00  4.05E-01  7.69E-01
  39.00  27  54  8.14E+00  4.43E-01  2.20E+00  2.30E-01  5.94E+00  3.78E-01  7.30E-01
  40.00  27  54  8.14E+00  4.43E-01  1.97E+00  2.18E-01  6.17E+00  3.86E-01  7.58E-01
  40.00  27  53  1.64E-02  1.99E-02  1.64E-02  1.99E-02  0.00E+00  3.86E-01  0.00E+00
  34.00  26  62  1.70E-02  2.02E-02
  18.00  26  61  1.59E-02  1.89E-02
  20.00  26  61  1.62E-02  1.93E-02
  23.00  26  61  1.66E-02  1.97E-02
  24.00  26  61  5.00E-02  3.43E-02
  25.00  26  61  5.02E-02  3.44E-02
  26.00  26  61  1.34E-01  5.64E-02
  27.00  26  61  8.42E-02  4.47E-02
  28.00  26  61  5.06E-02  3.47E-02
  29.00  26  61  6.76E-02  4.02E-02
  30.00  26  61  3.39E-02  2.85E-02
  31.00  26  61  8.49E-02  4.51E-02
  32.00  26  61  8.48E-02  4.51E-02
  33.00  26  61  8.49E-02  4.52E-02
  34.00  26  61  8.52E-02  4.53E-02
  35.00  26  61  1.70E-02  2.03E-02
  36.00  26  61  6.80E-02  4.05E-02
  37.00  26  61  6.76E-02  4.03E-02
  38.00  26  61  3.41E-02  2.87E-02
  39.00  26  61  8.47E-02  4.52E-02
  40.00  26  61  1.71E-02  2.03E-02
  22.00  26  60  1.65E-02  1.96E-02
  23.00  26  60  1.62E-02  1.95E-02
  25.00  26  60  8.34E-02  4.43E-02
  26.00  26  60  3.36E-02  2.82E-02
  27.00  26  60  5.05E-02  3.46E-02
  28.00  26  60  1.52E-01  6.02E-02
  29.00  26  60  1.18E-01  5.32E-02
  30.00  26  60  2.37E-01  7.53E-02
  31.00  26  60  1.87E-01  6.69E-02
  32.00  26  60  1.87E-01  6.70E-02
  33.00  26  60  3.75E-01  9.48E-02
  34.00  26  60  3.92E-01  9.71E-02
  35.00  26  60  4.26E-01  1.01E-01
  36.00  26  60  4.60E-01  1.05E-01
  37.00  26  60  6.31E-01  1.23E-01
  38.00  26  60  5.12E-01  1.11E-01
  39.00  26  60  4.78E-01  1.07E-01
  40.00  26  60  4.09E-01  9.92E-02
  11.00  26  59  1.30E-02  1.55E-02
  16.00  26  59  7.62E-02  4.07E-02
  17.00  26  59  1.24E-01  5.23E-02
  18.00  26  59  2.35E-01  7.26E-02
  19.00  26  59  3.01E-01  8.27E-02
  20.00  26  59  3.04E-01  8.34E-02
  21.00  26  59  7.26E-01  1.29E-01
  22.00  26  59  8.29E-01  1.39E-01
  23.00  26  59  9.97E-01  1.53E-01
  24.00  26  59  9.20E-01  1.47E-01
  25.00  26  59  8.58E-01  1.42E-01
  26.00  26  59  9.93E-01  1.53E-01
  27.00  26  59  8.63E-01  1.43E-01
  28.00  26  59  1.03E+00  1.57E-01
  29.00  26  59  1.01E+00  1.56E-01
  30.00  26  59  1.21E+00  1.70E-01
  31.00  26  59  1.28E+00  1.75E-01
  32.00  26  59  1.33E+00  1.79E-01
  33.00  26  59  1.61E+00  1.97E-01
  34.00  26  59  1.66E+00  2.00E-01
  35.00  26  59  2.22E+00  2.31E-01
  36.00  26  59  2.20E+00  2.30E-01
  37.00  26  59  2.23E+00  2.32E-01
  38.00  26  59  2.25E+00  2.33E-01
  39.00  26  59  2.81E+00  2.60E-01
  40.00  26  59  2.84E+00  2.62E-01
   5.00  26  58  3.67E-03  4.33E-03
  13.00  26  58  1.41E-02  1.68E-02
  15.00  26  58  1.48E-02  1.78E-02
  16.00  26  58  1.06E-01  4.80E-02
  17.00  26  58  3.06E-02  2.60E-02
  18.00  26  58  6.23E-02  3.73E-02
  19.00  26  58  9.45E-02  4.63E-02
  20.00  26  58  6.35E-02  3.81E-02
  21.00  26  58  1.45E-01  5.78E-02
  22.00  26  58  2.43E-01  7.51E-02
  23.00  26  58  2.28E-01  7.29E-02
  24.00  26  58  7.38E-01  1.32E-01
  25.00  26  58  5.10E-01  1.10E-01
  26.00  26  58  7.77E-01  1.36E-01
  27.00  26  58  1.31E+00  1.76E-01
  28.00  26  58  1.96E+00  2.16E-01
  29.00  26  58  1.97E+00  2.17E-01
  30.00  26  58  2.39E+00  2.39E-01
  31.00  26  58  2.65E+00  2.52E-01
  32.00  26  58  3.32E+00  2.82E-01
  33.00  26  58  2.89E+00  2.63E-01
  34.00  26  58  3.52E+00  2.91E-01
  35.00  26  58  3.78E+00  3.02E-01
  36.00  26  58  3.86E+00  3.05E-01
  37.00  26  58  4.67E+00  3.35E-01
  38.00  26  58  4.55E+00  3.31E-01
  39.00  26  58  5.45E+00  3.62E-01
  40.00  26  58  6.33E+00  3.91E-01
   6.00  26  57  6.13E-03  7.32E-03
   9.00  26  57  1.11E-02  1.33E-02
  10.00  26  57  1.21E-02  1.45E-02
  11.00  26  57  1.41E-01  5.11E-02
  12.00  26  57  4.31E-01  9.15E-02
  13.00  26  57  1.05E+00  1.45E-01
  14.00  26  57  2.13E+00  2.10E-01
  15.00  26  57  3.64E+00  2.78E-01
  16.00  26  57  6.11E+00  3.65E-01
  17.00  26  57  7.78E+00  4.15E-01
  18.00  26  57  1.04E+01  4.82E-01
  19.00  26  57  1.25E+01  5.33E-01
  20.00  26  57  1.48E+01  5.82E-01
  21.00  26  57  1.62E+01  6.12E-01
  22.00  26  57  1.77E+01  6.41E-01
  23.00  26  57  2.18E+01  7.13E-01
  24.00  26  57  2.17E+01  7.13E-01
  25.00  26  57  2.30E+01  7.37E-01
  26.00  26  57  2.44E+01  7.61E-01
  27.00  26  57  2.68E+01  7.98E-01
  28.00  26  57  2.92E+01  8.34E-01
  29.00  26  57  3.24E+01  8.80E-01
  30.00  26  57  3.33E+01  8.93E-01
  31.00  26  57  3.61E+01  9.30E-01
  32.00  26  57  3.72E+01  9.45E-01
  33.00  26  57  3.71E+01  9.44E-01
  34.00  26  57  3.91E+01  9.70E-01
  35.00  26  57  3.96E+01  9.77E-01
  36.00  26  57  3.87E+01  9.66E-01
  37.00  26  57  3.88E+01  9.66E-01
  38.00  26  57  3.74E+01  9.49E-01
  39.00  26  57  3.59E+01  9.30E-01
  40.00  26  57  3.43E+01  9.10E-01
  14.00  26  56  1.44E-02  1.73E-02
  15.00  26  56  2.92E-02  2.49E-02
  16.00  26  56  2.96E-02  2.54E-02
  17.00  26  56  1.50E-02  1.82E-02
  18.00  26  56  9.16E-02  4.53E-02
  19.00  26  56  2.03E-01  6.77E-02
  20.00  26  56  7.25E-01  1.29E-01
  21.00  26  56  2.04E+00  2.17E-01
  22.00  26  56  4.57E+00  3.26E-01
  23.00  26  56  6.54E+00  3.91E-01
  24.00  26  56  1.04E+01  4.94E-01
  25.00  26  56  1.43E+01  5.80E-01
  26.00  26  56  1.76E+01  6.45E-01
  27.00  26  56  2.10E+01  7.07E-01
  28.00  26  56  2.38E+01  7.53E-01
  29.00  26  56  2.93E+01  8.37E-01
  30.00  26  56  3.06E+01  8.55E-01
  31.00  26  56  3.65E+01  9.36E-01
  32.00  26  56  4.17E+01  1.00E+00
  33.00  26  56  4.67E+01  1.06E+00
  34.00  26  56  5.35E+01  1.13E+00
  35.00  26  56  6.00E+01  1.20E+00
  36.00  26  56  6.63E+01  1.26E+00
  37.00  26  56  7.09E+01  1.31E+00
  38.00  26  56  7.65E+01  1.36E+00
  39.00  26  56  8.28E+01  1.41E+00
  40.00  26  56  8.46E+01  1.43E+00
   7.00  26  55  8.03E-03  9.73E-03
   8.00  26  55  1.92E-02  1.65E-02
   9.00  26  55  6.09E-01  9.86E-02
  10.00  26  55  4.34E+00  2.75E-01
  11.00  26  55  1.22E+01  4.75E-01
  12.00  26  55  2.42E+01  6.87E-01
  13.00  26  55  3.62E+01  8.55E-01
  14.00  26  55  4.21E+01  9.36E-01
  15.00  26  55  5.14E+01  1.05E+00
  16.00  26  55  5.57E+01  1.10E+00
  17.00  26  55  5.71E+01  1.12E+00
  18.00  26  55  6.12E+01  1.17E+00
  19.00  26  55  6.45E+01  1.21E+00
  20.00  26  55  6.14E+01  1.18E+00
  21.00  26  55  6.30E+01  1.21E+00
  22.00  26  55  6.16E+01  1.20E+00
  23.00  26  55  5.70E+01  1.15E+00
  24.00  26  55  5.59E+01  1.15E+00
  25.00  26  55  5.11E+01  1.10E+00
  26.00  26  55  4.41E+01  1.02E+00
  27.00  26  55  4.10E+01  9.88E-01
  28.00  26  55  3.44E+01  9.05E-01
  29.00  26  55  3.07E+01  8.56E-01
  30.00  26  55  2.73E+01  8.08E-01
  31.00  26  55  2.49E+01  7.72E-01
  32.00  26  55  2.26E+01  7.36E-01
  33.00  26  55  2.04E+01  7.01E-01
  34.00  26  55  1.98E+01  6.90E-01
  35.00  26  55  2.01E+01  6.96E-01
  36.00  26  55  1.92E+01  6.79E-01
  37.00  26  55  2.08E+01  7.08E-01
  38.00  26  55  2.23E+01  7.34E-01
  39.00  26  55  2.28E+01  7.41E-01
  40.00  26  55  2.46E+01  7.69E-01
  18.00  26  54  1.52E-02  1.85E-02
  19.00  26  54  1.08E-01  4.95E-02
  20.00  26  54  5.29E-01  1.10E-01
  21.00  26  54  2.06E+00  2.18E-01
  22.00  26  54  5.19E+00  3.47E-01
  23.00  26  54  1.08E+01  5.02E-01
  24.00  26  54  1.55E+01  6.03E-01
  25.00  26  54  2.28E+01  7.33E-01
  26.00  26  54  2.93E+01  8.32E-01
  27.00  26  54  3.39E+01  8.97E-01
  28.00  26  54  3.99E+01  9.75E-01
  29.00  26  54  4.39E+01  1.02E+00
  30.00  26  54  4.59E+01  1.05E+00
  31.00  26  54  4.72E+01  1.06E+00
  32.00  26  54  4.73E+01  1.07E+00
  33.00  26  54  4.32E+01  1.02E+00
  34.00  26  54  4.23E+01  1.01E+00
  35.00  26  54  4.29E+01  1.02E+00
  36.00  26  54  3.99E+01  9.81E-01
  37.00  26  54  3.85E+01  9.63E-01
  38.00  26  54  3.76E+01  9.52E-01
  39.00  26  54  3.42E+01  9.07E-01
  40.00  26  54  3.42E+01  9.07E-01
  32.00  26  53  1.63E-02  1.98E-02  1.63E-02  1.98E-02  0.00E+00  3.86E-01  0.00E+00
  33.00  26  53  4.91E-02  3.43E-02  4.91E-02  3.43E-02  0.00E+00  3.86E-01  0.00E+00
  34.00  26  53  3.28E-02  2.81E-02  3.28E-02  2.81E-02  0.00E+00  3.86E-01  0.00E+00
  35.00  26  53  1.31E-01  5.62E-02  1.31E-01  5.62E-02  0.00E+00  3.86E-01  0.00E+00
  36.00  26  53  3.61E-01  9.32E-02  3.61E-01  9.32E-02  0.00E+00  3.86E-01  0.00E+00
  37.00  26  53  7.05E-01  1.30E-01  7.05E-01  1.30E-01  0.00E+00  3.86E-01  0.00E+00
  38.00  26  53  1.02E+00  1.57E-01  9.68E-01  1.53E-01  4.92E-02  3.44E-02  4.84E-02
  39.00  26  53  1.92E+00  2.15E-01  1.85E+00  2.11E-01  7.38E-02  4.22E-02  3.85E-02
  40.00  26  53  2.53E+00  2.47E-01  2.41E+00  2.41E-01  1.15E-01  5.26E-02  4.55E-02
  35.00  26  52  3.28E-02  2.81E-02  3.28E-02  2.81E-02  0.00E+00  5.26E-02  0.00E+00
  38.00  26  52  1.64E-02  1.99E-02  1.64E-02  1.99E-02  0.00E+00  5.26E-02  0.00E+00
  39.00  26  52  3.28E-02  2.81E-02  3.28E-02  2.81E-02  0.00E+00  5.26E-02  0.00E+00
  36.00  25  60  1.70E-02  2.03E-02  0.00E+00  2.81E-02  1.70E-02  2.03E-02  1.00E+00
  21.00  25  58  1.64E-02  1.94E-02  0.00E+00  2.81E-02  1.64E-02  1.94E-02  1.00E+00
  22.00  25  58  1.65E-02  1.96E-02  1.65E-02  1.96E-02  0.00E+00  1.94E-02  0.00E+00
  25.00  25  58  1.67E-02  1.99E-02  1.67E-02  1.99E-02  0.00E+00  1.94E-02  0.00E+00
  26.00  25  58  1.68E-02  1.99E-02  1.68E-02  1.99E-02  0.00E+00  1.94E-02  0.00E+00
  28.00  25  58  5.06E-02  3.47E-02  5.06E-02  3.47E-02  0.00E+00  1.94E-02  0.00E+00
  29.00  25  58  3.38E-02  2.84E-02  3.38E-02  2.84E-02  0.00E+00  1.94E-02  0.00E+00
  30.00  25  58  1.70E-02  2.01E-02  0.00E+00  2.84E-02  1.70E-02  2.01E-02  1.00E+00
  31.00  25  58  6.75E-02  4.02E-02  3.37E-02  2.84E-02  3.37E-02  2.84E-02  5.00E-01
  32.00  25  58  3.40E-02  2.86E-02  3.40E-02  2.86E-02  0.00E+00  2.84E-02  0.00E+00
  33.00  25  58  3.38E-02  2.85E-02  3.38E-02  2.85E-02  0.00E+00  2.84E-02  0.00E+00
  34.00  25  58  6.77E-02  4.04E-02  6.77E-02  4.04E-02  0.00E+00  2.84E-02  0.00E+00
  35.00  25  58  6.77E-02  4.04E-02  5.07E-02  3.49E-02  1.70E-02  2.03E-02  2.52E-01
  36.00  25  58  1.68E-02  2.01E-02  1.68E-02  2.01E-02  0.00E+00  2.03E-02  0.00E+00
  37.00  25  58  5.05E-02  3.49E-02  5.05E-02  3.49E-02  0.00E+00  2.03E-02  0.00E+00
  38.00  25  58  8.42E-02  4.51E-02  6.74E-02  4.03E-02  1.68E-02  2.02E-02  2.00E-01
  39.00  25  58  8.42E-02  4.51E-02  6.74E-02  4.03E-02  1.68E-02  2.02E-02  2.00E-01
  40.00  25  58  1.35E-01  5.70E-02  1.18E-01  5.33E-02  1.68E-02  2.01E-02  1.25E-01
  27.00  25  57  1.68E-02  2.00E-02
  28.00  25  57  3.38E-02  2.84E-02
  29.00  25  57  3.38E-02  2.84E-02
  30.00  25  57  5.09E-02  3.49E-02
  31.00  25  57  3.40E-02  2.85E-02
  32.00  25  57  5.10E-02  3.50E-02
  33.00  25  57  8.51E-02  4.52E-02
  34.00  25  57  6.81E-02  4.05E-02
  35.00  25  57  1.87E-01  6.72E-02
  36.00  25  57  2.04E-01  7.01E-02
  37.00  25  57  1.18E-01  5.34E-02
  38.00  25  57  1.19E-01  5.37E-02
  39.00  25  57  1.88E-01  6.73E-02
  40.00  25  57  1.87E-01  6.72E-02
  19.00  25  56  1.59E-02  1.90E-02
  20.00  25  56  1.12E-01  5.06E-02
  21.00  25  56  8.07E-02  4.32E-02
  22.00  25  56  1.14E-01  5.14E-02
  23.00  25  56  1.80E-01  6.48E-02
  24.00  25  56  1.48E-01  5.89E-02
  25.00  25  56  2.48E-01  7.64E-02
  26.00  25  56  3.31E-01  8.85E-02
  27.00  25  56  4.31E-01  1.01E-01
  28.00  25  56  3.99E-01  9.74E-02
  29.00  25  56  3.97E-01  9.73E-02
  30.00  25  56  6.81E-01  1.28E-01
  31.00  25  56  9.30E-01  1.49E-01
  32.00  25  56  1.69E+00  2.02E-01
  33.00  25  56  2.22E+00  2.31E-01
  34.00  25  56  2.74E+00  2.57E-01
  35.00  25  56  3.11E+00  2.73E-01
  36.00  25  56  3.72E+00  2.99E-01
  37.00  25  56  4.97E+00  3.46E-01
  38.00  25  56  5.89E+00  3.77E-01
  39.00  25  56  5.92E+00  3.78E-01
  40.00  25  56  6.76E+00  4.04E-01
  19.00  25  55  1.58E-02  1.89E-02
  23.00  25  55  4.87E-02  3.37E-02
  24.00  25  55  3.23E-02  2.76E-02
  26.00  25  55  4.97E-02  3.43E-02
  27.00  25  55  9.96E-02  4.87E-02
  28.00  25  55  1.17E-01  5.27E-02
  29.00  25  55  2.34E-01  7.47E-02
  30.00  25  55  2.34E-01  7.48E-02
  31.00  25  55  3.52E-01  9.18E-02
  32.00  25  55  3.85E-01  9.62E-02
  33.00  25  55  6.55E-01  1.25E-01
  34.00  25  55  5.38E-01  1.14E-01
  35.00  25  55  7.72E-01  1.36E-01
  36.00  25  55  9.41E-01  1.50E-01
  37.00  25  55  8.72E-01  1.45E-01
  38.00  25  55  1.39E+00  1.83E-01
  39.00  25  55  1.74E+00  2.05E-01
  40.00  25  55  2.81E+00  2.60E-01
  13.00  25  54  1.37E-02  1.66E-02
  14.00  25  54  1.44E-02  1.73E-02
  15.00  25  54  1.47E-02  1.77E-02
  16.00  25  54  4.51E-02  3.13E-02
  17.00  25  54  2.59E-01  7.57E-02
  18.00  25  54  5.10E-01  1.07E-01
  19.00  25  54  5.63E-01  1.13E-01
  20.00  25  54  8.52E-01  1.40E-01
  21.00  25  54  1.19E+00  1.66E-01
  22.00  25  54  1.47E+00  1.85E-01
  23.00  25  54  2.33E+00  2.33E-01
  24.00  25  54  2.61E+00  2.48E-01
  25.00  25  54  4.11E+00  3.11E-01
  26.00  25  54  6.22E+00  3.84E-01
  27.00  25  54  7.97E+00  4.35E-01
  28.00  25  54  1.17E+01  5.29E-01
  29.00  25  54  1.20E+01  5.35E-01
  30.00  25  54  1.68E+01  6.35E-01
  31.00  25  54  1.92E+01  6.79E-01
  32.00  25  54  2.13E+01  7.14E-01
  33.00  25  54  2.60E+01  7.91E-01
  34.00  25  54  2.98E+01  8.47E-01
  35.00  25  54  3.17E+01  8.73E-01
  36.00  25  54  3.42E+01  9.08E-01
  37.00  25  54  3.45E+01  9.11E-01
  38.00  25  54  3.47E+01  9.15E-01
  39.00  25  54  3.63E+01  9.36E-01
  40.00  25  54  3.59E+01  9.30E-01
  23.00  25  53  1.59E-02  1.93E-02
  24.00  25  53  1.62E-02  1.95E-02
  25.00  25  53  1.61E-02  1.95E-02
  26.00  25  53  4.90E-02  3.41E-02
  27.00  25  53  1.48E-01  5.92E-02
  28.00  25  53  4.27E-01  1.01E-01
  29.00  25  53  6.75E-01  1.27E-01
  30.00  25  53  1.06E+00  1.59E-01
  31.00  25  53  1.12E+00  1.64E-01
  32.00  25  53  1.64E+00  1.98E-01
  33.00  25  53  2.14E+00  2.27E-01
  34.00  25  53  2.64E+00  2.52E-01
  35.00  25  53  2.92E+00  2.65E-01
  36.00  25  53  3.94E+00  3.08E-01
  37.00  25  53  5.16E+00  3.52E-01
  38.00  25  53  7.16E+00  4.15E-01
  39.00  25  53  8.55E+00  4.54E-01
  40.00  25  53  1.09E+01  5.13E-01
  14.00  25  52  1.42E-02  1.72E-02  1.42E-02  1.72E-02  0.00E+00  2.01E-02  0.00E+00
  15.00  25  52  5.80E-02  3.51E-02  4.35E-02  3.04E-02  1.45E-02  1.76E-02  2.50E-01
  16.00  25  52  7.40E-02  4.01E-02  2.22E-02  2.20E-02  5.18E-02  3.36E-02  7.00E-01
  17.00  25  52  1.50E-01  5.76E-02  6.77E-02  3.87E-02  8.27E-02  4.27E-02  5.50E-01
  18.00  25  52  6.09E-01  1.17E-01  3.81E-01  9.23E-02  2.29E-01  7.15E-02  3.75E-01
  19.00  25  52  1.62E+00  1.92E-01  1.08E+00  1.56E-01  5.40E-01  1.11E-01  3.33E-01
  20.00  25  52  1.76E+00  2.01E-01  1.17E+00  1.63E-01  5.92E-01  1.16E-01  3.36E-01
  21.00  25  52  2.86E+00  2.57E-01  1.87E+00  2.08E-01  9.90E-01  1.51E-01  3.46E-01
  22.00  25  52  3.59E+00  2.89E-01  2.21E+00  2.26E-01  1.38E+00  1.79E-01  3.85E-01
  23.00  25  52  4.20E+00  3.13E-01  3.00E+00  2.65E-01  1.20E+00  1.67E-01  2.86E-01
  24.00  25  52  5.34E+00  3.54E-01  3.57E+00  2.89E-01  1.78E+00  2.04E-01  3.32E-01
  25.00  25  52  5.94E+00  3.74E-01  3.71E+00  2.96E-01  2.23E+00  2.29E-01  3.76E-01
  26.00  25  52  6.46E+00  3.91E-01  4.28E+00  3.18E-01  2.18E+00  2.27E-01  3.38E-01
  27.00  25  52  6.66E+00  3.98E-01  4.39E+00  3.23E-01  2.27E+00  2.32E-01  3.41E-01
  28.00  25  52  7.12E+00  4.12E-01  4.62E+00  3.32E-01  2.50E+00  2.44E-01  3.51E-01
  29.00  25  52  6.96E+00  4.07E-01  4.54E+00  3.29E-01  2.41E+00  2.40E-01  3.47E-01
  30.00  25  52  7.46E+00  4.22E-01  4.79E+00  3.39E-01  2.66E+00  2.52E-01  3.57E-01
  31.00  25  52  6.35E+00  3.90E-01  4.37E+00  3.23E-01  1.98E+00  2.18E-01  3.12E-01
  32.00  25  52  5.60E+00  3.67E-01  3.79E+00  3.02E-01  1.81E+00  2.09E-01  3.24E-01
  33.00  25  52  5.07E+00  3.49E-01  3.31E+00  2.82E-01  1.76E+00  2.05E-01  3.47E-01
  34.00  25  52  4.41E+00  3.26E-01  2.78E+00  2.59E-01  1.62E+00  1.97E-01  3.68E-01
  35.00  25  52  3.60E+00  2.95E-01  2.21E+00  2.31E-01  1.39E+00  1.83E-01  3.86E-01
  36.00  25  52  3.08E+00  2.72E-01  1.93E+00  2.15E-01  1.16E+00  1.67E-01  3.75E-01
  37.00  25  52  2.23E+00  2.32E-01  1.43E+00  1.86E-01  7.95E-01  1.38E-01  3.57E-01
  38.00  25  52  2.22E+00  2.31E-01  1.30E+00  1.77E-01  9.11E-01  1.48E-01  4.11E-01
  39.00  25  52  1.51E+00  1.91E-01  7.88E-01  1.38E-01  7.22E-01  1.32E-01  4.78E-01
  40.00  25  52  1.36E+00  1.81E-01  5.91E-01  1.19E-01  7.71E-01  1.36E-01  5.66E-01
  26.00  25  51  1.61E-02  1.95E-02
  27.00  25  51  3.24E-02  2.77E-02
  28.00  25  51  6.49E-02  3.93E-02
  29.00  25  51  2.93E-01  8.36E-02
  30.00  25  51  4.07E-01  9.86E-02
  31.00  25  51  8.49E-01  1.43E-01
  32.00  25  51  1.16E+00  1.67E-01
  33.00  25  51  2.08E+00  2.23E-01
  34.00  25  51  3.21E+00  2.78E-01
  35.00  25  51  3.38E+00  2.85E-01
  36.00  25  51  3.70E+00  2.99E-01
  37.00  25  51  5.43E+00  3.61E-01
  38.00  25  51  5.45E+00  3.62E-01
  39.00  25  51  5.25E+00  3.56E-01
  40.00  25  51  6.25E+00  3.88E-01
  22.00  24  55  1.63E-02  1.94E-02
  32.00  24  55  1.68E-02  2.01E-02
  34.00  24  55  1.68E-02  2.01E-02
  37.00  24  55  1.68E-02  2.01E-02
  38.00  24  55  5.05E-02  3.49E-02
  39.00  24  55  6.74E-02  4.03E-02
  40.00  24  55  8.42E-02  4.50E-02
  28.00  24  54  1.64E-02  1.98E-02
  40.00  24  54  3.37E-02  2.85E-02
  23.00  24  53  1.59E-02  1.93E-02
  28.00  24  53  3.29E-02  2.80E-02
  29.00  24  53  1.65E-02  1.98E-02
  30.00  24  53  1.16E-01  5.26E-02
  31.00  24  53  2.15E-01  7.18E-02
  32.00  24  53  2.65E-01  7.97E-02
  33.00  24  53  5.30E-01  1.13E-01
  34.00  24  53  8.30E-01  1.41E-01
  35.00  24  53  7.80E-01  1.37E-01
  36.00  24  53  9.47E-01  1.51E-01
  37.00  24  53  1.13E+00  1.65E-01
  38.00  24  53  1.94E+00  2.16E-01
  39.00  24  53  2.26E+00  2.33E-01
  40.00  24  53  2.65E+00  2.53E-01
  37.00  24  52  4.97E-02  3.46E-02
  38.00  24  52  1.33E-01  5.66E-02
  39.00  24  52  2.33E-01  7.49E-02
  40.00  24  52  2.33E-01  7.49E-02
  24.00  24  51  1.60E-02  1.94E-02
  26.00  24  51  3.22E-02  2.76E-02
  27.00  24  51  1.62E-01  6.20E-02
  28.00  24  51  4.54E-01  1.04E-01
  29.00  24  51  4.88E-01  1.08E-01
  30.00  24  51  1.16E+00  1.66E-01
  31.00  24  51  1.70E+00  2.02E-01
  32.00  24  51  2.55E+00  2.47E-01
  33.00  24  51  3.27E+00  2.80E-01
  34.00  24  51  4.05E+00  3.12E-01
  35.00  24  51  4.38E+00  3.25E-01
  36.00  24  51  5.21E+00  3.54E-01
  37.00  24  51  5.84E+00  3.75E-01
  38.00  24  51  6.24E+00  3.88E-01
  39.00  24  51  6.94E+00  4.09E-01
  40.00  24  51  6.55E+00  3.97E-01
  36.00  24  50  1.64E-02  1.99E-02
  37.00  24  50  3.28E-02  2.81E-02
  38.00  24  50  4.92E-02  3.44E-02
  39.00  24  50  2.63E-01  7.95E-02
  40.00  24  50  5.25E-01  1.12E-01
  39.00  23  52  1.68E-02  2.02E-02
  35.00  23  50  1.66E-02  2.00E-02
  39.00  23  50  3.33E-02  2.83E-02
  40.00  23  50  9.98E-02  4.90E-02
  33.00  23  48  3.27E-02  2.80E-02
  34.00  23  48  4.91E-02  3.44E-02
  35.00  23  48  1.64E-02  1.99E-02
  36.00  23  48  1.64E-02  1.99E-02
  37.00  23  48  6.56E-02  3.97E-02
  38.00  23  48  1.80E-01  6.60E-02
  39.00  23  48  1.64E-01  6.29E-02
  40.00  23  48  3.61E-01  9.33E-02

 Ebeam =    1.000 sum yields =    0.000
 Ebeam =    2.000 sum yields =    0.000
 Ebeam =    3.000 sum yields =   12.511
 Ebeam =    4.000 sum yields =  120.140
 Ebeam =    5.000 sum yields =  352.154
 Ebeam =    6.000 sum yields =  601.923
 Ebeam =    7.000 sum yields =  809.702
 Ebeam =    8.000 sum yields =  967.595
 Ebeam =    9.000 sum yields = 1092.899
 Ebeam =   10.000 sum yields = 1191.002
 Ebeam =   11.000 sum yields = 1267.012
 Ebeam =   12.000 sum yields = 1330.001
 Ebeam =   13.000 sum yields = 1378.707
 Ebeam =   14.000 sum yields = 1421.614
 Ebeam =   15.000 sum yields = 1455.466
 Ebeam =   16.000 sum yields = 1485.961
 Ebeam =   17.000 sum yields = 1509.217
 Ebeam =   18.000 sum yields = 1529.150
 Ebeam =   19.000 sum yields = 1548.744
 Ebeam =   20.000 sum yields = 1563.159
 Ebeam =   21.000 sum yields = 1576.877
 Ebeam =   22.000 sum yields = 1586.971
 Ebeam =   23.000 sum yields = 1595.869
 Ebeam =   24.000 sum yields = 1605.071
 Ebeam =   25.000 sum yields = 1612.050
 Ebeam =   26.000 sum yields = 1617.391
 Ebeam =   27.000 sum yields = 1623.975
 Ebeam =   28.000 sum yields = 1628.440
 Ebeam =   29.000 sum yields = 1631.987
 Ebeam =   30.000 sum yields = 1635.071
 Ebeam =   31.000 sum yields = 1638.269
 Ebeam =   32.000 sum yields = 1640.286
 Ebeam =   33.000 sum yields = 1641.559
 Ebeam =   34.000 sum yields = 1644.325
 Ebeam =   35.000 sum yields = 1645.211
 Ebeam =   36.000 sum yields = 1645.903
 Ebeam =   37.000 sum yields = 1646.388
 Ebeam =   38.000 sum yields = 1647.427
 Ebeam =   39.000 sum yields = 1647.607
 Ebeam =   40.000 sum yields = 1647.540
