
  An isotopic target is assumed:
  At# Mass# % abundance % uncertainty
  77 191 Ir   37.300000  0.200000
  77 193 Ir   62.700000  0.200000
 ldopt set internally =           0
 Fermi gas level densities

  ZP  1.0  AP  2.0  ZT 77.0  AT 193.0  ISOT  1  LEVNO  1
 
 
1Deuterons on natural Iridium                                                    
  Ebeam  Rx.cs used  Rx. cs algo fiss cs (mb) capture cs (mb)
   1.00  0.000E+00    0.00E+00    0.00E+00    0.00E+00
   2.00  0.000E+00    0.00E+00    0.00E+00    0.00E+00
   3.00  0.000E+00    0.00E+00    0.00E+00    0.00E+00
   4.00  0.000E+00    0.00E+00    0.00E+00    0.00E+00
   5.00  0.000E+00    0.00E+00    0.00E+00    0.00E+00
   6.00  0.000E+00    0.00E+00    0.00E+00    0.00E+00
   7.00  8.278E-01    0.00E+00    0.00E+00    0.00E+00
   8.00  1.674E+01    0.00E+00    0.00E+00    0.00E+00
   9.00  7.195E+01    0.00E+00    0.00E+00    0.00E+00
  10.00  2.001E+02    0.00E+00    0.00E+00    0.00E+00
  11.00  3.876E+02    0.00E+00    0.00E+00    0.00E+00
  12.00  5.885E+02    0.00E+00    0.00E+00    0.00E+00
  13.00  7.798E+02    0.00E+00    0.00E+00    0.00E+00
  14.00  9.504E+02    0.00E+00    0.00E+00    0.00E+00
  15.00  1.100E+03    0.00E+00    0.00E+00    0.00E+00
  16.00  1.229E+03    0.00E+00    0.00E+00    0.00E+00
  17.00  1.344E+03    0.00E+00    0.00E+00    0.00E+00
  18.00  1.445E+03    0.00E+00    0.00E+00    0.00E+00
  19.00  1.532E+03    0.00E+00    0.00E+00    0.00E+00
  20.00  1.610E+03    0.00E+00    0.00E+00    0.00E+00
  21.00  1.679E+03    0.00E+00    0.00E+00    0.00E+00
  22.00  1.742E+03    0.00E+00    0.00E+00    0.00E+00
  23.00  1.797E+03    0.00E+00    0.00E+00    0.00E+00
  24.00  1.847E+03    0.00E+00    0.00E+00    0.00E+00
  25.00  1.892E+03    0.00E+00    0.00E+00    0.00E+00
  26.00  1.934E+03    0.00E+00    0.00E+00    0.00E+00
  27.00  1.970E+03    0.00E+00    0.00E+00    0.00E+00
  28.00  2.003E+03    0.00E+00    0.00E+00    0.00E+00
  29.00  2.036E+03    0.00E+00    0.00E+00    0.00E+00
  30.00  2.063E+03    0.00E+00    0.00E+00    0.00E+00
  31.00  2.090E+03    0.00E+00    0.00E+00    0.00E+00
  32.00  2.114E+03    0.00E+00    0.00E+00    0.00E+00
  33.00  2.135E+03    0.00E+00    0.00E+00    0.00E+00
  34.00  2.157E+03    0.00E+00    0.00E+00    0.00E+00
  35.00  2.175E+03    0.00E+00    0.00E+00    0.00E+00
  36.00  2.192E+03    0.00E+00    0.00E+00    0.00E+00
  37.00  2.209E+03    0.00E+00    0.00E+00    0.00E+00
  38.00  2.224E+03    0.00E+00    0.00E+00    0.00E+00
  39.00  2.237E+03    0.00E+00    0.00E+00    0.00E+00
  40.00  2.251E+03    0.00E+00    0.00E+00    0.00E+00

 Note: product cross sections have a statistical uncertainty due to Monte Carlo computation
      One  SD will be [sqrt(N)/N]*yield where N is number of events in yield

 Ebeam   Z   A    Total    +/-1 SD   grnd st   +/- 1SD   isomer1   +/- 1SD   isomer2   +/- 1SD   isomer1   isomer2
 (MeV)            cs.      cs.       cs.        cs        cs        cs         cs       cs       m1 to tot m2 to tot 
   7.00  78 194  1.56E-01  1.86E-03
   8.00  78 194  2.60E+00  3.41E-02
   9.00  78 194  9.83E+00  1.38E-01
  10.00  78 194  2.49E+01  3.65E-01
  11.00  78 194  4.48E+01  6.82E-01
  12.00  78 194  6.49E+01  1.01E+00
  13.00  78 194  7.90E+01  1.29E+00
  14.00  78 194  9.26E+01  1.54E+00
  15.00  78 194  1.01E+02  1.73E+00
  16.00  78 194  1.08E+02  1.89E+00
  17.00  78 194  1.11E+02  2.00E+00
  18.00  78 194  1.15E+02  2.11E+00
  19.00  78 194  1.16E+02  2.18E+00
  20.00  78 194  1.20E+02  2.27E+00
  21.00  78 194  1.20E+02  2.33E+00
  22.00  78 194  1.19E+02  2.36E+00
  23.00  78 194  1.19E+02  2.40E+00
  24.00  78 194  1.18E+02  2.42E+00
  25.00  78 194  1.16E+02  2.42E+00
  26.00  78 194  1.15E+02  2.45E+00
  27.00  78 194  1.19E+02  2.50E+00
  28.00  78 194  1.12E+02  2.46E+00
  29.00  78 194  1.12E+02  2.48E+00
  30.00  78 194  1.09E+02  2.45E+00
  31.00  78 194  1.10E+02  2.48E+00
  32.00  78 194  1.09E+02  2.49E+00
  33.00  78 194  1.05E+02  2.45E+00
  34.00  78 194  1.04E+02  2.46E+00
  35.00  78 194  1.05E+02  2.47E+00
  36.00  78 194  1.02E+02  2.45E+00
  37.00  78 194  9.82E+01  2.41E+00
  38.00  78 194  9.69E+01  2.40E+00
  39.00  78 194  9.62E+01  2.40E+00
  40.00  78 194  9.54E+01  2.40E+00
   7.00  78 193  3.81E-01  2.91E-03  2.80E-01  2.49E-03  1.01E-01  1.49E-03  2.64E-01
   8.00  78 193  8.14E+00  6.05E-02  3.94E+00  4.20E-02  4.21E+00  4.34E-02  5.17E-01
   9.00  78 193  3.60E+01  2.64E-01  1.61E+01  1.76E-01  2.00E+01  1.96E-01  5.54E-01
  10.00  78 193  1.02E+02  7.39E-01  4.04E+01  4.65E-01  6.15E+01  5.74E-01  6.04E-01
  11.00  78 193  1.81E+02  1.37E+00  6.30E+01  8.09E-01  1.18E+02  1.11E+00  6.52E-01
  12.00  78 193  2.19E+02  1.86E+00  6.48E+01  1.01E+00  1.54E+02  1.56E+00  7.03E-01
  13.00  78 193  2.17E+02  2.13E+00  5.89E+01  1.11E+00  1.58E+02  1.82E+00  7.28E-01
  14.00  78 193  2.02E+02  2.27E+00  5.04E+01  1.13E+00  1.52E+02  1.97E+00  7.51E-01
  15.00  78 193  1.80E+02  2.30E+00  4.05E+01  1.09E+00  1.39E+02  2.02E+00  7.74E-01
  16.00  78 193  1.59E+02  2.29E+00  3.37E+01  1.05E+00  1.25E+02  2.03E+00  7.88E-01
  17.00  78 193  1.49E+02  2.32E+00  2.85E+01  1.01E+00  1.20E+02  2.08E+00  8.09E-01
  18.00  78 193  1.41E+02  2.34E+00  2.78E+01  1.04E+00  1.14E+02  2.10E+00  8.03E-01
  19.00  78 193  1.36E+02  2.36E+00  2.43E+01  9.99E-01  1.11E+02  2.14E+00  8.21E-01
  20.00  78 193  1.33E+02  2.40E+00  2.22E+01  9.80E-01  1.11E+02  2.19E+00  8.33E-01
  21.00  78 193  1.33E+02  2.44E+00  2.15E+01  9.83E-01  1.11E+02  2.24E+00  8.38E-01
  22.00  78 193  1.29E+02  2.46E+00  1.99E+01  9.63E-01  1.09E+02  2.26E+00  8.46E-01
  23.00  78 193  1.26E+02  2.47E+00  1.83E+01  9.38E-01  1.08E+02  2.28E+00  8.55E-01
  24.00  78 193  1.23E+02  2.47E+00  1.62E+01  8.97E-01  1.07E+02  2.30E+00  8.68E-01
  25.00  78 193  1.20E+02  2.46E+00  1.46E+01  8.59E-01  1.05E+02  2.31E+00  8.78E-01
  26.00  78 193  1.17E+02  2.47E+00  1.47E+01  8.73E-01  1.03E+02  2.31E+00  8.75E-01
  27.00  78 193  1.19E+02  2.50E+00  1.28E+01  8.22E-01  1.06E+02  2.36E+00  8.92E-01
  28.00  78 193  1.13E+02  2.47E+00  1.18E+01  7.98E-01  1.01E+02  2.33E+00  8.95E-01
  29.00  78 193  1.13E+02  2.48E+00  1.17E+01  8.00E-01  1.01E+02  2.35E+00  8.96E-01
  30.00  78 193  1.13E+02  2.50E+00  1.16E+01  8.00E-01  1.01E+02  2.37E+00  8.98E-01
  31.00  78 193  1.08E+02  2.46E+00  1.00E+01  7.50E-01  9.83E+01  2.35E+00  9.07E-01
  32.00  78 193  1.06E+02  2.45E+00  1.02E+01  7.62E-01  9.55E+01  2.33E+00  9.03E-01
  33.00  78 193  1.05E+02  2.45E+00  9.75E+00  7.47E-01  9.49E+01  2.33E+00  9.07E-01
  34.00  78 193  1.03E+02  2.44E+00  8.99E+00  7.21E-01  9.39E+01  2.33E+00  9.13E-01
  35.00  78 193  9.97E+01  2.41E+00  9.13E+00  7.30E-01  9.06E+01  2.30E+00  9.08E-01
  36.00  78 193  1.02E+02  2.45E+00  9.00E+00  7.27E-01  9.30E+01  2.34E+00  9.12E-01
  37.00  78 193  9.96E+01  2.43E+00  6.73E+00  6.31E-01  9.28E+01  2.34E+00  9.32E-01
  38.00  78 193  9.38E+01  2.36E+00  7.41E+00  6.65E-01  8.64E+01  2.27E+00  9.21E-01
  39.00  78 193  9.57E+01  2.40E+00  6.93E+00  6.45E-01  8.87E+01  2.31E+00  9.28E-01
  40.00  78 193  9.28E+01  2.37E+00  7.82E+00  6.87E-01  8.50E+01  2.26E+00  9.16E-01
   7.00  78 192  1.22E-01  1.64E-03
   8.00  78 192  1.86E+00  2.89E-02
   9.00  78 192  6.58E+00  1.13E-01
  10.00  78 192  1.61E+01  2.94E-01
  11.00  78 192  4.45E+01  6.80E-01
  12.00  78 192  1.20E+02  1.38E+00
  13.00  78 192  2.32E+02  2.20E+00
  14.00  78 192  3.42E+02  2.95E+00
  15.00  78 192  4.47E+02  3.63E+00
  16.00  78 192  5.34E+02  4.19E+00
  17.00  78 192  6.07E+02  4.68E+00
  18.00  78 192  6.64E+02  5.07E+00
  19.00  78 192  7.15E+02  5.42E+00
  20.00  78 192  7.45E+02  5.67E+00
  21.00  78 192  7.25E+02  5.71E+00
  22.00  78 192  6.71E+02  5.60E+00
  23.00  78 192  5.93E+02  5.34E+00
  24.00  78 192  5.11E+02  5.03E+00
  25.00  78 192  4.41E+02  4.73E+00
  26.00  78 192  3.78E+02  4.43E+00
  27.00  78 192  3.31E+02  4.18E+00
  28.00  78 192  2.99E+02  4.01E+00
  29.00  78 192  2.75E+02  3.87E+00
  30.00  78 192  2.50E+02  3.72E+00
  31.00  78 192  2.39E+02  3.66E+00
  32.00  78 192  2.27E+02  3.59E+00
  33.00  78 192  2.23E+02  3.57E+00
  34.00  78 192  2.14E+02  3.51E+00
  35.00  78 192  2.11E+02  3.51E+00
  36.00  78 192  2.00E+02  3.43E+00
  37.00  78 192  2.01E+02  3.45E+00
  38.00  78 192  1.92E+02  3.38E+00
  39.00  78 192  1.87E+02  3.35E+00
  40.00  78 192  1.88E+02  3.37E+00
   7.00  78 191  1.85E-01  2.03E-03
   8.00  78 191  4.33E+00  4.41E-02
   9.00  78 191  1.99E+01  1.96E-01
  10.00  78 191  5.70E+01  5.53E-01
  11.00  78 191  1.12E+02  1.08E+00
  12.00  78 191  1.58E+02  1.58E+00
  13.00  78 191  1.69E+02  1.88E+00
  14.00  78 191  1.56E+02  1.99E+00
  15.00  78 191  1.36E+02  2.01E+00
  16.00  78 191  1.19E+02  1.98E+00
  17.00  78 191  1.05E+02  1.95E+00
  18.00  78 191  9.69E+01  1.94E+00
  19.00  78 191  9.02E+01  1.92E+00
  20.00  78 191  9.59E+01  2.03E+00
  21.00  78 191  1.47E+02  2.57E+00
  22.00  78 191  2.35E+02  3.31E+00
  23.00  78 191  3.35E+02  4.02E+00
  24.00  78 191  4.39E+02  4.66E+00
  25.00  78 191  5.28E+02  5.18E+00
  26.00  78 191  6.07E+02  5.61E+00
  27.00  78 191  6.53E+02  5.87E+00
  28.00  78 191  6.75E+02  6.02E+00
  29.00  78 191  6.53E+02  5.97E+00
  30.00  78 191  6.07E+02  5.79E+00
  31.00  78 191  5.97E+02  5.78E+00
  32.00  78 191  5.26E+02  5.46E+00
  33.00  78 191  4.53E+02  5.09E+00
  34.00  78 191  3.95E+02  4.78E+00
  35.00  78 191  3.35E+02  4.42E+00
  36.00  78 191  2.89E+02  4.12E+00
  37.00  78 191  2.54E+02  3.88E+00
  38.00  78 191  2.29E+02  3.69E+00
  39.00  78 191  2.05E+02  3.51E+00
  40.00  78 191  1.89E+02  3.38E+00
  10.00  78 190  2.00E-03  3.28E-03
  11.00  78 190  1.16E-02  1.10E-02
  12.00  78 190  1.31E+01  4.54E-01
  13.00  78 190  5.94E+01  1.11E+00
  14.00  78 190  1.22E+02  1.76E+00
  15.00  78 190  1.87E+02  2.35E+00
  16.00  78 190  2.43E+02  2.83E+00
  17.00  78 190  2.90E+02  3.23E+00
  18.00  78 190  3.29E+02  3.57E+00
  19.00  78 190  3.60E+02  3.85E+00
  20.00  78 190  3.84E+02  4.07E+00
  21.00  78 190  4.07E+02  4.28E+00
  22.00  78 190  4.01E+02  4.33E+00
  23.00  78 190  3.78E+02  4.27E+00
  24.00  78 190  3.40E+02  4.10E+00
  25.00  78 190  2.88E+02  3.82E+00
  26.00  78 190  2.42E+02  3.54E+00
  27.00  78 190  2.12E+02  3.35E+00
  28.00  78 190  2.05E+02  3.32E+00
  29.00  78 190  2.27E+02  3.52E+00
  30.00  78 190  2.84E+02  3.96E+00
  31.00  78 190  3.13E+02  4.19E+00
  32.00  78 190  3.88E+02  4.69E+00
  33.00  78 190  4.64E+02  5.15E+00
  34.00  78 190  5.25E+02  5.51E+00
  35.00  78 190  5.86E+02  5.84E+00
  36.00  78 190  6.40E+02  6.13E+00
  37.00  78 190  6.75E+02  6.32E+00
  38.00  78 190  6.95E+02  6.44E+00
  39.00  78 190  6.92E+02  6.44E+00
  40.00  78 190  6.69E+02  6.36E+00
  14.00  78 189  9.50E-03  1.56E-02
  19.00  78 189  1.53E-02  2.51E-02
  21.00  78 189  8.39E-02  6.15E-02
  22.00  78 189  1.96E+01  9.57E-01
  23.00  78 189  6.18E+01  1.73E+00
  24.00  78 189  1.15E+02  2.39E+00
  25.00  78 189  1.78E+02  3.00E+00
  26.00  78 189  2.33E+02  3.48E+00
  27.00  78 189  2.83E+02  3.87E+00
  28.00  78 189  3.23E+02  4.17E+00
  29.00  78 189  3.55E+02  4.40E+00
  30.00  78 189  3.61E+02  4.47E+00
  31.00  78 189  3.49E+02  4.42E+00
  32.00  78 189  3.25E+02  4.29E+00
  33.00  78 189  2.91E+02  4.08E+00
  34.00  78 189  2.54E+02  3.83E+00
  35.00  78 189  2.17E+02  3.55E+00
  36.00  78 189  1.77E+02  3.23E+00
  37.00  78 189  1.53E+02  3.01E+00
  38.00  78 189  1.46E+02  2.95E+00
  39.00  78 189  1.48E+02  2.98E+00
  40.00  78 189  1.68E+02  3.18E+00
  24.00  78 188  1.85E-02  3.02E-02
  29.00  78 188  4.64E+00  5.03E-01
  30.00  78 188  2.14E+01  1.09E+00
  31.00  78 188  5.02E+01  1.68E+00
  32.00  78 188  9.05E+01  2.26E+00
  33.00  78 188  1.32E+02  2.75E+00
  34.00  78 188  1.78E+02  3.20E+00
  35.00  78 188  2.21E+02  3.59E+00
  36.00  78 188  2.68E+02  3.97E+00
  37.00  78 188  3.00E+02  4.21E+00
  38.00  78 188  3.23E+02  4.39E+00
  39.00  78 188  3.47E+02  4.56E+00
  40.00  78 188  3.57E+02  4.64E+00
  38.00  78 187  1.11E-01  8.14E-02
  39.00  78 187  2.26E+00  3.68E-01
  40.00  78 187  8.80E+00  7.29E-01
   7.00  77 194  2.27E-03  2.24E-04  2.24E-03  2.23E-04  2.27E-03  2.25E-04  ********  0.00E+00  1.00E+00  0.00E+00
   8.00  77 194  7.97E-02  5.98E-03  6.07E-02  5.22E-03  9.21E-02  6.43E-03  ********  0.00E+00  1.15E+00  0.00E+00
   9.00  77 194  5.18E-01  3.16E-02  3.80E-01  2.71E-02  5.92E-01  3.38E-02  ********  0.00E+00  1.14E+00  0.00E+00
  10.00  77 194  2.24E+00  1.10E-01  1.52E+00  9.02E-02  2.56E+00  1.17E-01  ********  0.00E+00  1.14E+00  0.00E+00
  11.00  77 194  5.58E+00  2.41E-01  3.51E+00  1.91E-01  6.40E+00  2.58E-01  ********  0.00E+00  1.15E+00  0.00E+00
  12.00  77 194  1.05E+01  4.07E-01  5.80E+00  3.03E-01  1.19E+01  4.33E-01  ********  0.00E+00  1.13E+00  0.00E+00
  13.00  77 194  1.62E+01  5.82E-01  8.26E+00  4.15E-01  1.83E+01  6.19E-01  ********  0.00E+00  1.13E+00  0.00E+00
  14.00  77 194  2.18E+01  7.45E-01  1.03E+01  5.13E-01  2.45E+01  7.90E-01  ********  0.00E+00  1.12E+00  0.00E+00
  15.00  77 194  2.71E+01  8.94E-01  1.14E+01  5.81E-01  3.00E+01  9.41E-01  ********  0.00E+00  1.11E+00  0.00E+00
  16.00  77 194  3.40E+01  1.06E+00  1.30E+01  6.54E-01  3.78E+01  1.12E+00  ********  0.00E+00  1.11E+00  0.00E+00
  17.00  77 194  3.71E+01  1.16E+00  1.20E+01  6.58E-01  4.05E+01  1.21E+00  ********  0.00E+00  1.09E+00  0.00E+00
  18.00  77 194  4.22E+01  1.28E+00  1.33E+01  7.18E-01  4.62E+01  1.34E+00  ********  0.00E+00  1.09E+00  0.00E+00
  19.00  77 194  4.60E+01  1.37E+00  1.31E+01  7.33E-01  4.96E+01  1.43E+00  ********  0.00E+00  1.08E+00  0.00E+00
  20.00  77 194  4.83E+01  1.44E+00  1.23E+01  7.29E-01  5.10E+01  1.48E+00  ********  0.00E+00  1.06E+00  0.00E+00
  21.00  77 194  4.96E+01  1.49E+00  1.24E+01  7.47E-01  5.24E+01  1.54E+00  ********  0.00E+00  1.06E+00  0.00E+00
  22.00  77 194  5.37E+01  1.58E+00  1.25E+01  7.63E-01  5.64E+01  1.62E+00  ********  0.00E+00  1.05E+00  0.00E+00
  23.00  77 194  5.26E+01  1.59E+00  1.10E+01  7.28E-01  5.33E+01  1.60E+00  ********  0.00E+00  1.01E+00  0.00E+00
  24.00  77 194  5.37E+01  1.63E+00  9.73E+00  6.94E-01  5.33E+01  1.63E+00  ********  0.00E+00  9.93E-01  0.00E+00
  25.00  77 194  5.52E+01  1.67E+00  9.21E+00  6.84E-01  5.27E+01  1.63E+00  ********  0.00E+00  9.55E-01  0.00E+00
  26.00  77 194  5.47E+01  1.68E+00  8.40E+00  6.60E-01  5.15E+01  1.63E+00  ********  0.00E+00  9.42E-01  0.00E+00
  27.00  77 194  5.57E+01  1.72E+00  8.43E+00  6.67E-01  5.18E+01  1.65E+00  ********  0.00E+00  9.29E-01  0.00E+00
  28.00  77 194  5.66E+01  1.74E+00  7.93E+00  6.53E-01  5.18E+01  1.67E+00  ********  0.00E+00  9.15E-01  0.00E+00
  29.00  77 194  5.74E+01  1.77E+00  7.79E+00  6.52E-01  4.90E+01  1.64E+00  6.35E-01  6.35E-01  8.53E-01  0.00E+00
  30.00  77 194  6.03E+01  1.83E+00  7.26E+00  6.34E-01  5.14E+01  1.69E+00  1.64E+00  1.64E+00  8.52E-01  0.00E+00
  31.00  77 194  5.66E+01  1.78E+00  7.32E+00  6.40E-01  4.69E+01  1.62E+00  2.38E+00  2.38E+00  8.29E-01  0.00E+00
  32.00  77 194  5.67E+01  1.79E+00  5.86E+00  5.76E-01  4.68E+01  1.63E+00  4.10E+00  4.10E+00  8.24E-01  0.00E+00
  33.00  77 194  5.75E+01  1.81E+00  6.40E+00  6.05E-01  4.65E+01  1.63E+00  4.66E+00  4.66E+00  8.08E-01  0.00E+00
  34.00  77 194  5.74E+01  1.82E+00  6.53E+00  6.14E-01  4.54E+01  1.62E+00  5.38E+00  5.38E+00  7.92E-01  0.00E+00
  35.00  77 194  5.77E+01  1.83E+00  5.74E+00  5.79E-01  4.46E+01  1.61E+00  7.43E+00  7.43E+00  7.72E-01  0.00E+00
  36.00  77 194  5.55E+01  1.81E+00  5.44E+00  5.65E-01  4.25E+01  1.58E+00  7.51E+00  7.51E+00  7.66E-01  0.00E+00
  37.00  77 194  5.67E+01  1.83E+00  5.21E+00  5.55E-01  3.88E+01  1.52E+00  1.27E+01  1.27E+01  6.84E-01  0.00E+00
  38.00  77 194  5.59E+01  1.83E+00  5.39E+00  5.67E-01  3.93E+01  1.53E+00  1.12E+01  1.12E+01  7.02E-01  0.00E+00
  39.00  77 194  5.46E+01  1.81E+00  4.66E+00  5.28E-01  3.59E+01  1.47E+00  1.40E+01  1.40E+01  6.58E-01  0.00E+00
  40.00  77 194  5.75E+01  1.86E+00  5.51E+00  5.77E-01  3.97E+01  1.55E+00  1.23E+01  1.23E+01  6.91E-01  0.00E+00
  10.00  77 193  6.17E-03  5.75E-03  4.11E-03  4.70E-03  2.06E-03  3.32E-03  3.33E-01
  11.00  77 193  7.89E-02  2.86E-02  3.75E-02  1.97E-02  4.14E-02  2.07E-02  5.25E-01
  12.00  77 193  3.70E-01  7.64E-02  1.64E-01  5.09E-02  2.06E-01  5.70E-02  5.56E-01
  13.00  77 193  1.37E+00  1.69E-01  5.83E-01  1.10E-01  7.88E-01  1.28E-01  5.75E-01
  14.00  77 193  3.05E+00  2.79E-01  1.28E+00  1.81E-01  1.77E+00  2.12E-01  5.80E-01
  15.00  77 193  5.86E+00  4.16E-01  2.25E+00  2.58E-01  3.61E+00  3.26E-01  6.16E-01
  16.00  77 193  1.04E+01  5.86E-01  3.37E+00  3.33E-01  7.06E+00  4.83E-01  6.77E-01
  17.00  77 193  1.54E+01  7.44E-01  4.43E+00  4.00E-01  1.09E+01  6.28E-01  7.12E-01
  18.00  77 193  2.08E+01  8.98E-01  6.96E+00  5.19E-01  1.39E+01  7.33E-01  6.66E-01
  19.00  77 193  2.68E+01  1.05E+00  7.68E+00  5.62E-01  1.91E+01  8.85E-01  7.13E-01
  20.00  77 193  3.49E+01  1.23E+00  9.11E+00  6.27E-01  2.58E+01  1.06E+00  7.39E-01
  21.00  77 193  4.28E+01  1.39E+00  1.05E+01  6.89E-01  3.22E+01  1.20E+00  7.53E-01
  22.00  77 193  4.77E+01  1.49E+00  1.15E+01  7.33E-01  3.62E+01  1.30E+00  7.59E-01
  23.00  77 193  5.47E+01  1.62E+00  1.22E+01  7.66E-01  4.25E+01  1.43E+00  7.77E-01
  24.00  77 193  6.22E+01  1.76E+00  1.23E+01  7.80E-01  4.99E+01  1.57E+00  8.02E-01
  25.00  77 193  7.00E+01  1.88E+00  1.38E+01  8.38E-01  5.62E+01  1.69E+00  8.02E-01
  26.00  77 193  7.71E+01  2.00E+00  1.38E+01  8.46E-01  6.33E+01  1.81E+00  8.21E-01
  27.00  77 193  8.00E+01  2.06E+00  1.35E+01  8.45E-01  6.65E+01  1.87E+00  8.31E-01
  28.00  77 193  8.37E+01  2.12E+00  1.46E+01  8.87E-01  6.90E+01  1.93E+00  8.25E-01
  29.00  77 193  8.94E+01  2.21E+00  1.29E+01  8.39E-01  7.65E+01  2.04E+00  8.56E-01
  30.00  77 193  9.55E+01  2.30E+00  1.36E+01  8.68E-01  8.18E+01  2.13E+00  8.57E-01
  31.00  77 193  9.38E+01  2.29E+00  1.37E+01  8.77E-01  8.01E+01  2.12E+00  8.54E-01
  32.00  77 193  9.98E+01  2.38E+00  1.43E+01  8.99E-01  8.56E+01  2.20E+00  8.57E-01
  33.00  77 193  1.04E+02  2.43E+00  1.43E+01  9.05E-01  8.92E+01  2.26E+00  8.62E-01
  34.00  77 193  1.09E+02  2.51E+00  1.48E+01  9.25E-01  9.38E+01  2.33E+00  8.64E-01
  35.00  77 193  1.07E+02  2.50E+00  1.40E+01  9.04E-01  9.30E+01  2.33E+00  8.69E-01
  36.00  77 193  1.10E+02  2.55E+00  1.36E+01  8.94E-01  9.68E+01  2.39E+00  8.77E-01
  37.00  77 193  1.12E+02  2.58E+00  1.20E+01  8.43E-01  1.00E+02  2.43E+00  8.93E-01
  38.00  77 193  1.14E+02  2.60E+00  1.29E+01  8.78E-01  1.01E+02  2.45E+00  8.86E-01
  39.00  77 193  1.21E+02  2.69E+00  1.23E+01  8.59E-01  1.08E+02  2.55E+00  8.98E-01
  40.00  77 193  1.21E+02  2.71E+00  1.31E+01  8.89E-01  1.08E+02  2.56E+00  8.92E-01
   7.00  77 192  1.85E-03  2.03E-04  1.32E-04  5.42E-05  1.72E-03  1.95E-04  0.00E+00  1.23E+01  9.29E-01  0.00E+00
   8.00  77 192  6.23E-02  5.29E-03  2.24E-02  3.17E-03  3.97E-02  4.22E-03  1.67E-04  1.67E-04  6.37E-01  0.00E+00
   9.00  77 192  3.76E-01  2.69E-02  1.39E-01  1.64E-02  2.37E-01  2.14E-02  0.00E+00  1.67E-04  6.31E-01  0.00E+00
  10.00  77 192  1.49E+00  8.93E-02  6.98E-01  6.12E-02  7.80E-01  6.47E-02  8.00E-03  8.00E-03  5.25E-01  0.00E+00
  11.00  77 192  3.74E+00  1.97E-01  1.81E+00  1.37E-01  1.91E+00  1.41E-01  1.55E-02  1.55E-02  5.11E-01  0.00E+00
  12.00  77 192  7.01E+00  3.33E-01  3.72E+00  2.42E-01  3.26E+00  2.27E-01  2.35E-02  2.35E-02  4.65E-01  0.00E+00
  13.00  77 192  1.05E+01  4.69E-01  6.53E+00  3.69E-01  3.88E+00  2.85E-01  1.01E-01  1.01E-01  3.69E-01  0.00E+00
  14.00  77 192  1.49E+01  6.15E-01  9.49E+00  4.92E-01  5.14E+00  3.62E-01  2.19E-01  2.19E-01  3.46E-01  0.00E+00
  15.00  77 192  1.82E+01  7.33E-01  1.27E+01  6.11E-01  5.00E+00  3.84E-01  5.39E-01  5.39E-01  2.74E-01  0.00E+00
  16.00  77 192  2.16E+01  8.43E-01  1.50E+01  7.04E-01  5.91E+00  4.41E-01  6.15E-01  6.15E-01  2.74E-01  0.00E+00
  17.00  77 192  2.48E+01  9.46E-01  1.78E+01  8.01E-01  6.12E+00  4.70E-01  9.14E-01  9.14E-01  2.46E-01  0.00E+00
  18.00  77 192  2.85E+01  1.05E+00  2.04E+01  8.90E-01  6.04E+00  4.84E-01  1.97E+00  1.97E+00  2.12E-01  0.00E+00
  19.00  77 192  3.02E+01  1.11E+00  2.20E+01  9.51E-01  5.81E+00  4.88E-01  2.44E+00  2.44E+00  1.92E-01  0.00E+00
  20.00  77 192  3.21E+01  1.18E+00  2.28E+01  9.92E-01  5.82E+00  5.01E-01  3.50E+00  3.50E+00  1.81E-01  0.00E+00
  21.00  77 192  3.21E+01  1.20E+00  2.15E+01  9.84E-01  6.39E+00  5.36E-01  4.18E+00  4.18E+00  1.99E-01  0.00E+00
  22.00  77 192  3.63E+01  1.30E+00  2.44E+01  1.07E+00  6.07E+00  5.32E-01  5.84E+00  5.84E+00  1.67E-01  0.00E+00
  23.00  77 192  4.10E+01  1.41E+00  2.62E+01  1.12E+00  5.99E+00  5.37E-01  8.85E+00  8.85E+00  1.46E-01  0.00E+00
  24.00  77 192  4.26E+01  1.45E+00  2.69E+01  1.16E+00  6.24E+00  5.56E-01  9.46E+00  9.46E+00  1.46E-01  0.00E+00
  25.00  77 192  4.77E+01  1.55E+00  2.85E+01  1.20E+00  7.76E+00  6.27E-01  1.14E+01  1.14E+01  1.63E-01  0.00E+00
  26.00  77 192  5.20E+01  1.64E+00  2.75E+01  1.19E+00  7.70E+00  6.32E-01  1.68E+01  1.68E+01  1.48E-01  0.00E+00
  27.00  77 192  5.47E+01  1.70E+00  2.83E+01  1.22E+00  7.67E+00  6.37E-01  1.87E+01  1.87E+01  1.40E-01  0.00E+00
  28.00  77 192  6.16E+01  1.82E+00  3.09E+01  1.29E+00  8.16E+00  6.62E-01  2.25E+01  2.25E+01  1.33E-01  0.00E+00
  29.00  77 192  6.63E+01  1.90E+00  2.90E+01  1.26E+00  9.24E+00  7.10E-01  2.81E+01  2.81E+01  1.39E-01  0.00E+00
  30.00  77 192  7.08E+01  1.98E+00  2.92E+01  1.27E+00  9.84E+00  7.38E-01  3.17E+01  3.17E+01  1.39E-01  0.00E+00
  31.00  77 192  7.52E+01  2.05E+00  3.04E+01  1.31E+00  1.03E+01  7.59E-01  3.45E+01  3.45E+01  1.37E-01  0.00E+00
  32.00  77 192  7.73E+01  2.09E+00  3.16E+01  1.34E+00  1.05E+01  7.70E-01  3.52E+01  3.52E+01  1.35E-01  0.00E+00
  33.00  77 192  7.80E+01  2.11E+00  2.95E+01  1.30E+00  1.02E+01  7.64E-01  3.83E+01  3.83E+01  1.31E-01  0.00E+00
  34.00  77 192  8.24E+01  2.18E+00  2.97E+01  1.31E+00  1.08E+01  7.90E-01  4.20E+01  4.20E+01  1.31E-01  0.00E+00
  35.00  77 192  8.61E+01  2.24E+00  2.97E+01  1.32E+00  1.09E+01  7.97E-01  4.55E+01  4.55E+01  1.27E-01  0.00E+00
  36.00  77 192  8.62E+01  2.25E+00  2.99E+01  1.33E+00  1.13E+01  8.14E-01  4.50E+01  4.50E+01  1.31E-01  0.00E+00
  37.00  77 192  8.75E+01  2.28E+00  2.82E+01  1.29E+00  1.16E+01  8.27E-01  4.78E+01  4.78E+01  1.32E-01  0.00E+00
  38.00  77 192  9.04E+01  2.32E+00  2.87E+01  1.31E+00  1.18E+01  8.38E-01  4.99E+01  4.99E+01  1.30E-01  0.00E+00
  39.00  77 192  8.79E+01  2.30E+00  2.65E+01  1.26E+00  1.17E+01  8.37E-01  4.98E+01  4.98E+01  1.33E-01  0.00E+00
  40.00  77 192  9.04E+01  2.34E+00  2.76E+01  1.29E+00  1.22E+01  8.58E-01  5.05E+01  5.05E+01  1.35E-01  0.00E+00
   8.00  77 191  1.67E-04  2.74E-04  1.67E-04  2.74E-04  0.00E+00  8.58E-01  0.00E+00  5.05E+01  0.00E+00  0.00E+00
  10.00  77 191  2.00E-03  3.28E-03  1.00E-03  2.32E-03  1.00E-03  2.32E-03  0.00E+00  5.05E+01  5.00E-01  0.00E+00
  11.00  77 191  6.59E-02  2.62E-02  3.68E-02  1.96E-02  1.36E-02  1.19E-02  1.55E-02  1.55E-02  2.06E-01  0.00E+00
  12.00  77 191  2.88E-01  6.74E-02  1.47E-01  4.82E-02  3.53E-02  2.36E-02  1.06E-01  1.06E-01  1.22E-01  0.00E+00
  13.00  77 191  8.58E-01  1.34E-01  2.92E-01  7.82E-02  1.95E-01  6.38E-02  3.70E-01  3.70E-01  2.27E-01  0.00E+00
  14.00  77 191  2.11E+00  2.32E-01  9.31E-01  1.54E-01  6.08E-01  1.24E-01  5.70E-01  5.70E-01  2.88E-01  0.00E+00
  15.00  77 191  3.95E+00  3.41E-01  1.53E+00  2.12E-01  1.07E+00  1.78E-01  1.35E+00  1.35E+00  2.72E-01  0.00E+00
  16.00  77 191  6.52E+00  4.63E-01  2.31E+00  2.76E-01  1.99E+00  2.56E-01  2.22E+00  2.22E+00  3.05E-01  0.00E+00
  17.00  77 191  9.99E+00  6.00E-01  3.31E+00  3.45E-01  3.56E+00  3.58E-01  3.13E+00  3.13E+00  3.56E-01  0.00E+00
  18.00  77 191  1.32E+01  7.15E-01  4.19E+00  4.03E-01  5.19E+00  4.48E-01  3.83E+00  3.83E+00  3.93E-01  0.00E+00
  19.00  77 191  1.78E+01  8.55E-01  4.83E+00  4.45E-01  7.03E+00  5.37E-01  5.94E+00  5.94E+00  3.95E-01  0.00E+00
  20.00  77 191  2.25E+01  9.86E-01  6.14E+00  5.15E-01  9.68E+00  6.46E-01  6.71E+00  6.71E+00  4.30E-01  0.00E+00
  21.00  77 191  2.68E+01  1.10E+00  6.85E+00  5.55E-01  1.13E+01  7.13E-01  8.66E+00  8.66E+00  4.21E-01  0.00E+00
  22.00  77 191  3.14E+01  1.21E+00  8.00E+00  6.11E-01  1.38E+01  8.02E-01  9.65E+00  9.65E+00  4.38E-01  0.00E+00
  23.00  77 191  3.66E+01  1.33E+00  7.81E+00  6.13E-01  1.50E+01  8.50E-01  1.38E+01  1.38E+01  4.10E-01  0.00E+00
  24.00  77 191  4.18E+01  1.44E+00  9.41E+00  6.83E-01  1.65E+01  9.05E-01  1.58E+01  1.58E+01  3.96E-01  0.00E+00
  25.00  77 191  4.41E+01  1.50E+00  9.84E+00  7.06E-01  1.79E+01  9.52E-01  1.64E+01  1.64E+01  4.04E-01  0.00E+00
  26.00  77 191  4.92E+01  1.60E+00  9.00E+00  6.83E-01  1.92E+01  9.98E-01  2.10E+01  2.10E+01  3.90E-01  0.00E+00
  27.00  77 191  5.21E+01  1.66E+00  1.00E+01  7.28E-01  1.96E+01  1.02E+00  2.24E+01  2.24E+01  3.77E-01  0.00E+00
  28.00  77 191  5.85E+01  1.77E+00  1.12E+01  7.75E-01  2.22E+01  1.09E+00  2.51E+01  2.51E+01  3.80E-01  0.00E+00
  29.00  77 191  6.13E+01  1.83E+00  1.05E+01  7.58E-01  2.34E+01  1.13E+00  2.73E+01  2.73E+01  3.82E-01  0.00E+00
  30.00  77 191  6.70E+01  1.92E+00  1.16E+01  8.01E-01  2.58E+01  1.20E+00  2.95E+01  2.95E+01  3.86E-01  0.00E+00
  31.00  77 191  6.86E+01  1.96E+00  1.04E+01  7.65E-01  2.74E+01  1.24E+00  3.08E+01  3.08E+01  3.99E-01  0.00E+00
  32.00  77 191  7.39E+01  2.05E+00  1.17E+01  8.16E-01  2.70E+01  1.24E+00  3.52E+01  3.52E+01  3.65E-01  0.00E+00
  33.00  77 191  8.29E+01  2.18E+00  1.38E+01  8.87E-01  3.28E+01  1.37E+00  3.63E+01  3.63E+01  3.96E-01  0.00E+00
  34.00  77 191  8.79E+01  2.25E+00  1.18E+01  8.25E-01  3.59E+01  1.44E+00  4.02E+01  4.02E+01  4.09E-01  0.00E+00
  35.00  77 191  9.50E+01  2.35E+00  1.46E+01  9.23E-01  3.81E+01  1.49E+00  4.22E+01  4.22E+01  4.02E-01  0.00E+00
  36.00  77 191  1.03E+02  2.46E+00  1.48E+01  9.32E-01  4.21E+01  1.57E+00  4.59E+01  4.59E+01  4.10E-01  0.00E+00
  37.00  77 191  1.06E+02  2.51E+00  1.53E+01  9.51E-01  4.21E+01  1.58E+00  4.86E+01  4.86E+01  3.97E-01  0.00E+00
  38.00  77 191  1.16E+02  2.64E+00  1.63E+01  9.86E-01  4.74E+01  1.68E+00  5.27E+01  5.27E+01  4.07E-01  0.00E+00
  39.00  77 191  1.19E+02  2.68E+00  1.48E+01  9.43E-01  5.06E+01  1.74E+00  5.40E+01  5.40E+01  4.23E-01  0.00E+00
  40.00  77 191  1.24E+02  2.73E+00  1.66E+01  1.00E+00  5.31E+01  1.79E+00  5.42E+01  5.42E+01  4.29E-01  0.00E+00
  11.00  77 190  3.88E-03  6.35E-03  0.00E+00  1.00E+00  0.00E+00  1.79E+00  3.88E-03  3.88E-03  0.00E+00  0.00E+00
  13.00  77 190  7.80E-03  1.28E-02  0.00E+00  1.00E+00  0.00E+00  1.79E+00  7.80E-03  7.80E-03  0.00E+00  0.00E+00
  14.00  77 190  9.50E-03  1.56E-02  0.00E+00  1.00E+00  0.00E+00  1.79E+00  9.50E-03  9.50E-03  0.00E+00  0.00E+00
  15.00  77 190  9.90E-02  5.40E-02  1.10E-02  1.80E-02  0.00E+00  1.79E+00  8.80E-02  8.80E-02  0.00E+00  0.00E+00
  16.00  77 190  7.38E-02  4.93E-02  2.46E-02  2.85E-02  0.00E+00  1.79E+00  4.92E-02  4.92E-02  0.00E+00  0.00E+00
  17.00  77 190  2.15E-01  8.80E-02  6.72E-02  4.92E-02  0.00E+00  1.79E+00  1.48E-01  1.48E-01  0.00E+00  0.00E+00
  18.00  77 190  2.02E-01  8.85E-02  0.00E+00  4.92E-02  1.44E-02  2.37E-02  1.88E-01  1.88E-01  7.14E-02  0.00E+00
  19.00  77 190  3.83E-01  1.25E-01  7.66E-02  5.61E-02  1.53E-02  2.51E-02  2.91E-01  2.91E-01  4.00E-02  0.00E+00
  20.00  77 190  7.57E-01  1.81E-01  2.25E-01  9.87E-02  1.13E-01  6.98E-02  4.19E-01  4.19E-01  1.49E-01  0.00E+00
  21.00  77 190  1.18E+00  2.30E-01  3.02E-01  1.17E-01  3.53E-01  1.26E-01  5.20E-01  5.20E-01  3.00E-01  0.00E+00
  22.00  77 190  2.40E+00  3.35E-01  6.44E-01  1.73E-01  8.19E-01  1.96E-01  9.41E-01  9.41E-01  3.41E-01  0.00E+00
  23.00  77 190  3.27E+00  3.97E-01  9.52E-01  2.14E-01  1.33E+00  2.53E-01  9.88E-01  9.88E-01  4.07E-01  0.00E+00
  24.00  77 190  4.95E+00  4.95E-01  1.46E+00  2.69E-01  2.16E+00  3.27E-01  1.33E+00  1.33E+00  4.37E-01  0.00E+00
  25.00  77 190  7.04E+00  5.97E-01  1.91E+00  3.11E-01  3.46E+00  4.19E-01  1.66E+00  1.66E+00  4.92E-01  0.00E+00
  26.00  77 190  9.53E+00  7.03E-01  2.36E+00  3.50E-01  4.93E+00  5.06E-01  2.24E+00  2.24E+00  5.17E-01  0.00E+00
  27.00  77 190  1.25E+01  8.12E-01  2.96E+00  3.95E-01  6.32E+00  5.78E-01  3.21E+00  3.21E+00  5.06E-01  0.00E+00
  28.00  77 190  1.56E+01  9.16E-01  3.63E+00  4.41E-01  9.12E+00  7.00E-01  2.89E+00  2.89E+00  5.83E-01  0.00E+00
  29.00  77 190  1.97E+01  1.04E+00  4.66E+00  5.04E-01  1.10E+01  7.74E-01  4.03E+00  4.03E+00  5.58E-01  0.00E+00
  30.00  77 190  2.18E+01  1.10E+00  4.11E+00  4.77E-01  1.36E+01  8.66E-01  4.11E+00  4.11E+00  6.23E-01  0.00E+00
  31.00  77 190  2.39E+01  1.16E+00  4.24E+00  4.88E-01  1.47E+01  9.07E-01  5.00E+00  5.00E+00  6.14E-01  0.00E+00
  32.00  77 190  2.58E+01  1.21E+00  5.28E+00  5.47E-01  1.55E+01  9.36E-01  5.05E+00  5.05E+00  5.99E-01  0.00E+00
  33.00  77 190  2.84E+01  1.28E+00  4.80E+00  5.24E-01  1.84E+01  1.03E+00  5.23E+00  5.23E+00  6.47E-01  0.00E+00
  34.00  77 190  3.09E+01  1.34E+00  5.67E+00  5.73E-01  1.98E+01  1.07E+00  5.44E+00  5.44E+00  6.41E-01  0.00E+00
  35.00  77 190  3.25E+01  1.38E+00  5.59E+00  5.71E-01  2.06E+01  1.09E+00  6.40E+00  6.40E+00  6.32E-01  0.00E+00
  36.00  77 190  3.39E+01  1.41E+00  5.17E+00  5.51E-01  2.19E+01  1.13E+00  6.86E+00  6.86E+00  6.45E-01  0.00E+00
  37.00  77 190  3.47E+01  1.43E+00  5.61E+00  5.77E-01  2.25E+01  1.15E+00  6.63E+00  6.63E+00  6.47E-01  0.00E+00
  38.00  77 190  3.61E+01  1.47E+00  6.16E+00  6.06E-01  2.31E+01  1.17E+00  6.81E+00  6.81E+00  6.41E-01  0.00E+00
  39.00  77 190  4.03E+01  1.56E+00  5.93E+00  5.97E-01  2.76E+01  1.29E+00  6.79E+00  6.79E+00  6.85E-01  0.00E+00
  40.00  77 190  4.14E+01  1.58E+00  5.81E+00  5.92E-01  2.80E+01  1.30E+00  7.50E+00  7.50E+00  6.78E-01  0.00E+00
  16.00  77 189  1.23E-02  2.01E-02  0.00E+00  5.92E-01  0.00E+00  1.30E+00  1.23E-02  1.23E-02  0.00E+00  0.00E+00
  17.00  77 189  1.34E-02  2.20E-02  1.34E-02  2.20E-02  0.00E+00  1.30E+00  0.00E+00  1.23E-02  0.00E+00  0.00E+00
  19.00  77 189  3.06E-02  3.55E-02  3.06E-02  3.55E-02  0.00E+00  1.30E+00  0.00E+00  1.23E-02  0.00E+00  0.00E+00
  20.00  77 189  4.83E-02  4.57E-02  4.83E-02  4.57E-02  0.00E+00  1.30E+00  0.00E+00  1.23E-02  0.00E+00  0.00E+00
  21.00  77 189  1.18E-01  7.27E-02  1.18E-01  7.27E-02  0.00E+00  1.30E+00  0.00E+00  1.23E-02  0.00E+00  0.00E+00
  22.00  77 189  1.22E-01  7.55E-02  1.05E-01  6.99E-02  1.74E-02  2.85E-02  0.00E+00  1.23E-02  1.43E-01  0.00E+00
  23.00  77 189  1.44E-01  8.32E-02  1.44E-01  8.32E-02  0.00E+00  2.85E-02  0.00E+00  1.23E-02  0.00E+00  0.00E+00
  24.00  77 189  1.11E-01  7.41E-02  8.31E-02  6.42E-02  2.77E-02  3.70E-02  ********  1.23E-02  2.50E-01  0.00E+00
  25.00  77 189  2.27E-01  1.07E-01  1.99E-01  1.00E-01  8.51E-02  6.57E-02  ********  1.23E-02  3.75E-01  0.00E+00
  26.00  77 189  4.25E-01  1.49E-01  2.51E-01  1.14E-01  1.55E-01  8.96E-02  1.93E-02  1.93E-02  3.64E-01  0.00E+00
  27.00  77 189  7.49E-01  1.99E-01  4.33E-01  1.51E-01  3.94E-01  1.44E-01  ********  1.93E-02  5.26E-01  0.00E+00
  28.00  77 189  1.26E+00  2.60E-01  6.01E-01  1.80E-01  6.61E-01  1.88E-01  7.77E-16  7.77E-16  5.24E-01  0.00E+00
  29.00  77 189  1.95E+00  3.27E-01  7.84E-01  2.07E-01  9.06E-01  2.22E-01  2.65E-01  2.65E-01  4.64E-01  0.00E+00
  30.00  77 189  3.47E+00  4.38E-01  1.09E+00  2.46E-01  1.63E+00  3.00E-01  7.43E-01  7.43E-01  4.70E-01  0.00E+00
  31.00  77 189  5.00E+00  5.29E-01  1.52E+00  2.91E-01  2.52E+00  3.76E-01  9.62E-01  9.62E-01  5.04E-01  0.00E+00
  32.00  77 189  6.91E+00  6.26E-01  1.82E+00  3.21E-01  3.57E+00  4.50E-01  1.52E+00  1.52E+00  5.17E-01  0.00E+00
  33.00  77 189  9.44E+00  7.35E-01  2.10E+00  3.47E-01  5.07E+00  5.39E-01  2.26E+00  2.26E+00  5.37E-01  0.00E+00
  34.00  77 189  1.25E+01  8.49E-01  2.78E+00  4.01E-01  6.04E+00  5.91E-01  3.64E+00  3.64E+00  4.84E-01  0.00E+00
  35.00  77 189  1.57E+01  9.57E-01  3.46E+00  4.49E-01  8.68E+00  7.11E-01  3.57E+00  3.57E+00  5.53E-01  0.00E+00
  36.00  77 189  1.75E+01  1.01E+00  3.53E+00  4.55E-01  9.40E+00  7.43E-01  4.60E+00  4.60E+00  5.36E-01  0.00E+00
  37.00  77 189  2.09E+01  1.11E+00  3.92E+00  4.82E-01  1.11E+01  8.10E-01  5.88E+00  5.88E+00  5.31E-01  0.00E+00
  38.00  77 189  2.39E+01  1.19E+00  4.17E+00  4.99E-01  1.25E+01  8.64E-01  7.23E+00  7.23E+00  5.24E-01  0.00E+00
  39.00  77 189  2.71E+01  1.27E+00  4.34E+00  5.10E-01  1.30E+01  8.84E-01  9.71E+00  9.71E+00  4.81E-01  0.00E+00
  40.00  77 189  2.98E+01  1.34E+00  5.29E+00  5.65E-01  1.54E+01  9.65E-01  9.07E+00  9.07E+00  5.18E-01  0.00E+00
  20.00  77 188  1.61E-02  2.64E-02
  24.00  77 188  1.85E-02  3.02E-02
  25.00  77 188  1.89E-02  3.10E-02
  28.00  77 188  4.01E-02  4.64E-02
  29.00  77 188  8.14E-02  6.67E-02
  30.00  77 188  4.13E-02  4.78E-02
  31.00  77 188  2.09E-02  3.42E-02
  32.00  77 188  2.11E-01  1.09E-01
  33.00  77 188  1.49E-01  9.25E-02
  34.00  77 188  3.02E-01  1.32E-01
  35.00  77 188  5.65E-01  1.82E-01
  36.00  77 188  8.11E-01  2.18E-01
  37.00  77 188  1.21E+00  2.68E-01
  38.00  77 188  1.85E+00  3.32E-01
  39.00  77 188  3.13E+00  4.33E-01
  40.00  77 188  4.07E+00  4.96E-01
  36.00  77 187  4.38E-02  5.07E-02  4.38E-02  5.07E-02  0.00E+00  9.65E-01  0.00E+00
  37.00  77 187  2.21E-02  3.62E-02  2.21E-02  3.62E-02  0.00E+00  9.65E-01  0.00E+00
  38.00  77 187  2.22E-02  3.64E-02  2.22E-02  3.64E-02  0.00E+00  9.65E-01  0.00E+00
  39.00  77 187  8.95E-02  7.33E-02  8.95E-02  7.33E-02  0.00E+00  9.65E-01  0.00E+00
  40.00  77 187  1.35E-01  9.03E-02  1.13E-01  8.25E-02  2.25E-02  3.69E-02  1.67E-01
  38.00  77 186  2.22E-02  3.64E-02  0.00E+00  8.25E-02  2.22E-02  3.64E-02  1.00E+00
  17.00  76 193  1.35E-02  2.21E-02
  20.00  76 193  3.24E-02  3.74E-02
  21.00  76 193  1.69E-02  2.76E-02
  24.00  76 193  5.58E-02  5.26E-02
  25.00  76 193  3.81E-02  4.39E-02
  26.00  76 193  5.84E-02  5.50E-02
  27.00  76 193  3.96E-02  4.58E-02
  28.00  76 193  8.06E-02  6.58E-02
  29.00  76 193  8.19E-02  6.69E-02
  30.00  76 193  6.23E-02  5.87E-02
  31.00  76 193  6.31E-02  5.94E-02
  32.00  76 193  1.70E-01  9.82E-02
  33.00  76 193  1.72E-01  9.92E-02
  34.00  76 193  1.95E-01  1.06E-01
  35.00  76 193  1.75E-01  1.01E-01
  36.00  76 193  2.20E-01  1.14E-01
  37.00  76 193  1.33E-01  8.88E-02
  38.00  76 193  3.35E-01  1.41E-01
  39.00  76 193  2.02E-01  1.10E-01
  40.00  76 193  3.17E-01  1.38E-01
  14.00  76 192  1.92E-02  2.21E-02  1.92E-02  2.21E-02  0.00E+00  3.64E-02  0.00E+00
  15.00  76 192  3.33E-02  3.13E-02  3.33E-02  3.13E-02  0.00E+00  3.64E-02  0.00E+00
  16.00  76 192  7.44E-02  4.95E-02  7.44E-02  4.95E-02  0.00E+00  3.64E-02  0.00E+00
  17.00  76 192  9.48E-02  5.85E-02  9.48E-02  5.85E-02  0.00E+00  3.64E-02  0.00E+00
  18.00  76 192  2.04E-01  8.88E-02  2.04E-01  8.88E-02  0.00E+00  3.64E-02  0.00E+00
  19.00  76 192  1.54E-01  7.96E-02  1.54E-01  7.96E-02  0.00E+00  3.64E-02  0.00E+00
  20.00  76 192  1.30E-01  7.48E-02  1.30E-01  7.48E-02  0.00E+00  3.64E-02  0.00E+00
  21.00  76 192  3.89E-01  1.32E-01  3.89E-01  1.32E-01  0.00E+00  3.64E-02  0.00E+00
  22.00  76 192  4.21E-01  1.40E-01  4.21E-01  1.40E-01  0.00E+00  3.64E-02  0.00E+00
  23.00  76 192  5.42E-01  1.62E-01  5.42E-01  1.62E-01  0.00E+00  3.64E-02  0.00E+00
  24.00  76 192  7.99E-01  1.99E-01  7.99E-01  1.99E-01  0.00E+00  3.64E-02  0.00E+00
  25.00  76 192  7.42E-01  1.94E-01  7.42E-01  1.94E-01  0.00E+00  3.64E-02  0.00E+00
  26.00  76 192  1.15E+00  2.44E-01  1.15E+00  2.44E-01  0.00E+00  3.64E-02  0.00E+00
  27.00  76 192  1.21E+00  2.53E-01  1.21E+00  2.53E-01  0.00E+00  3.64E-02  0.00E+00
  28.00  76 192  1.31E+00  2.65E-01  1.31E+00  2.65E-01  0.00E+00  3.64E-02  0.00E+00
  29.00  76 192  1.29E+00  2.65E-01  1.29E+00  2.65E-01  0.00E+00  3.64E-02  0.00E+00
  30.00  76 192  1.33E+00  2.71E-01  1.33E+00  2.71E-01  0.00E+00  3.64E-02  0.00E+00
  31.00  76 192  1.56E+00  2.95E-01  1.56E+00  2.95E-01  0.00E+00  3.64E-02  0.00E+00
  32.00  76 192  2.19E+00  3.52E-01  2.17E+00  3.51E-01  2.13E-02  3.47E-02  9.71E-03
  33.00  76 192  1.85E+00  3.25E-01  1.85E+00  3.25E-01  0.00E+00  3.47E-02  0.00E+00
  34.00  76 192  2.43E+00  3.75E-01  2.41E+00  3.73E-01  2.17E-02  3.54E-02  8.93E-03
  35.00  76 192  2.41E+00  3.74E-01  2.41E+00  3.74E-01  0.00E+00  3.54E-02  0.00E+00
  36.00  76 192  2.56E+00  3.88E-01  2.56E+00  3.88E-01  0.00E+00  3.54E-02  0.00E+00
  37.00  76 192  3.26E+00  4.40E-01  3.26E+00  4.40E-01  0.00E+00  3.54E-02  0.00E+00
  38.00  76 192  3.40E+00  4.50E-01  3.35E+00  4.47E-01  4.47E-02  5.16E-02  1.32E-02
  39.00  76 192  3.17E+00  4.36E-01  3.15E+00  4.35E-01  2.25E-02  3.67E-02  7.09E-03
  40.00  76 192  3.60E+00  4.66E-01  3.54E+00  4.62E-01  5.66E-02  5.84E-02  1.57E-02
   9.00  76 191  7.40E-04  1.19E-03  0.00E+00  4.62E-01  7.40E-04  1.19E-03  1.00E+00
  10.00  76 191  2.06E-03  3.32E-03  0.00E+00  4.62E-01  2.06E-03  3.32E-03  1.00E+00
  12.00  76 191  5.96E-03  9.70E-03  0.00E+00  4.62E-01  5.96E-03  9.70E-03  1.00E+00
  13.00  76 191  7.88E-03  1.28E-02  0.00E+00  4.62E-01  7.88E-03  1.28E-02  1.00E+00
  14.00  76 191  9.60E-03  1.56E-02  0.00E+00  4.62E-01  9.60E-03  1.56E-02  1.00E+00
  16.00  76 191  1.24E-02  2.02E-02  0.00E+00  4.62E-01  1.24E-02  2.02E-02  1.00E+00
  17.00  76 191  2.71E-02  3.12E-02  0.00E+00  4.62E-01  2.71E-02  3.12E-02  1.00E+00
  18.00  76 191  1.44E-02  2.37E-02  0.00E+00  4.62E-01  1.44E-02  2.37E-02  1.00E+00
  19.00  76 191  4.62E-02  4.35E-02  1.53E-02  2.51E-02  3.09E-02  3.56E-02  6.68E-01
  20.00  76 191  1.62E-02  2.65E-02  0.00E+00  2.51E-02  1.62E-02  2.65E-02  1.00E+00
  21.00  76 191  3.37E-02  3.89E-02  1.68E-02  2.75E-02  1.69E-02  2.76E-02  5.02E-01
  22.00  76 191  3.51E-02  4.05E-02  0.00E+00  2.75E-02  3.51E-02  4.05E-02  1.00E+00
  23.00  76 191  1.62E-01  8.85E-02  1.80E-02  2.94E-02  1.45E-01  8.34E-02  8.89E-01
  24.00  76 191  7.44E-02  6.07E-02  1.86E-02  3.03E-02  5.58E-02  5.26E-02  7.50E-01
  25.00  76 191  2.09E-01  1.03E-01  5.69E-02  5.37E-02  1.52E-01  8.78E-02  7.28E-01
  26.00  76 191  1.36E-01  8.40E-02  5.82E-02  5.49E-02  7.78E-02  6.35E-02  5.72E-01
  27.00  76 191  2.97E-01  1.25E-01  1.38E-01  8.55E-02  1.58E-01  9.15E-02  5.34E-01
  28.00  76 191  2.41E-01  1.14E-01  1.40E-01  8.69E-02  1.01E-01  7.36E-02  4.18E-01
  29.00  76 191  4.71E-01  1.60E-01  1.02E-01  7.47E-02  3.68E-01  1.42E-01  7.83E-01
  30.00  76 191  5.81E-01  1.79E-01  2.90E-01  1.27E-01  2.91E-01  1.27E-01  5.00E-01
  31.00  76 191  4.62E-01  1.61E-01  1.26E-01  8.40E-02  3.36E-01  1.37E-01  7.28E-01
  32.00  76 191  8.70E-01  2.22E-01  3.18E-01  1.34E-01  5.52E-01  1.77E-01  6.35E-01
  33.00  76 191  6.65E-01  1.95E-01  3.21E-01  1.36E-01  3.44E-01  1.40E-01  5.17E-01
  34.00  76 191  9.54E-01  2.35E-01  3.25E-01  1.37E-01  6.29E-01  1.91E-01  6.59E-01
  35.00  76 191  1.22E+00  2.67E-01  3.49E-01  1.43E-01  8.75E-01  2.26E-01  7.15E-01
  36.00  76 191  1.08E+00  2.52E-01  2.63E-01  1.24E-01  8.15E-01  2.19E-01  7.56E-01
  37.00  76 191  1.84E+00  3.30E-01  3.55E-01  1.45E-01  1.49E+00  2.97E-01  8.07E-01
  38.00  76 191  1.97E+00  3.42E-01  8.70E-01  2.28E-01  1.10E+00  2.56E-01  5.57E-01
  39.00  76 191  1.66E+00  3.16E-01  4.94E-01  1.72E-01  1.17E+00  2.65E-01  7.03E-01
  40.00  76 191  2.56E+00  3.93E-01  7.69E-01  2.15E-01  1.79E+00  3.28E-01  6.99E-01
  13.00  76 190  1.58E-02  1.82E-02  1.58E-02  1.82E-02  0.00E+00  3.28E-01  0.00E+00
  14.00  76 190  6.70E-02  4.13E-02  6.70E-02  4.13E-02  0.00E+00  3.28E-01  0.00E+00
  15.00  76 190  1.22E-01  6.00E-02  1.22E-01  6.00E-02  0.00E+00  3.28E-01  0.00E+00
  16.00  76 190  8.65E-02  5.34E-02  8.65E-02  5.34E-02  0.00E+00  3.28E-01  0.00E+00
  17.00  76 190  2.30E-01  9.10E-02  2.30E-01  9.10E-02  0.00E+00  3.28E-01  0.00E+00
  18.00  76 190  2.33E-01  9.49E-02  2.33E-01  9.49E-02  0.00E+00  3.28E-01  0.00E+00
  19.00  76 190  3.54E-01  1.21E-01  3.54E-01  1.21E-01  0.00E+00  3.28E-01  0.00E+00
  20.00  76 190  4.04E-01  1.32E-01  4.04E-01  1.32E-01  0.00E+00  3.28E-01  0.00E+00
  21.00  76 190  5.73E-01  1.61E-01  5.73E-01  1.61E-01  0.00E+00  3.28E-01  0.00E+00
  22.00  76 190  8.74E-01  2.02E-01  8.74E-01  2.02E-01  0.00E+00  3.28E-01  0.00E+00
  23.00  76 190  9.01E-01  2.08E-01  9.01E-01  2.08E-01  0.00E+00  3.28E-01  0.00E+00
  24.00  76 190  1.04E+00  2.27E-01  1.04E+00  2.27E-01  0.00E+00  3.28E-01  0.00E+00
  25.00  76 190  1.21E+00  2.48E-01  1.21E+00  2.48E-01  0.00E+00  3.28E-01  0.00E+00
  26.00  76 190  1.18E+00  2.48E-01  1.18E+00  2.48E-01  0.00E+00  3.28E-01  0.00E+00
  27.00  76 190  1.34E+00  2.66E-01  1.34E+00  2.66E-01  0.00E+00  3.28E-01  0.00E+00
  28.00  76 190  1.57E+00  2.90E-01  1.55E+00  2.88E-01  2.00E-02  3.28E-02  1.28E-02
  29.00  76 190  1.30E+00  2.67E-01  1.30E+00  2.67E-01  0.00E+00  3.28E-02  0.00E+00
  30.00  76 190  1.90E+00  3.24E-01  1.90E+00  3.24E-01  0.00E+00  3.28E-02  0.00E+00
  31.00  76 190  2.07E+00  3.41E-01  2.07E+00  3.41E-01  0.00E+00  3.28E-02  0.00E+00
  32.00  76 190  2.16E+00  3.50E-01  2.16E+00  3.50E-01  0.00E+00  3.28E-02  0.00E+00
  33.00  76 190  2.14E+00  3.50E-01  2.14E+00  3.50E-01  0.00E+00  3.28E-02  0.00E+00
  34.00  76 190  2.72E+00  3.97E-01  2.70E+00  3.95E-01  2.16E-02  3.53E-02  7.92E-03
  35.00  76 190  2.90E+00  4.11E-01  2.88E+00  4.10E-01  2.17E-02  3.56E-02  7.50E-03
  36.00  76 190  3.25E+00  4.37E-01  3.23E+00  4.36E-01  2.19E-02  3.59E-02  6.74E-03
  37.00  76 190  3.30E+00  4.42E-01  3.27E+00  4.40E-01  3.31E-02  4.43E-02  1.00E-02
  38.00  76 190  3.36E+00  4.48E-01  3.30E+00  4.43E-01  6.67E-02  6.31E-02  1.98E-02
  39.00  76 190  3.59E+00  4.64E-01  3.49E+00  4.57E-01  1.01E-01  7.77E-02  2.81E-02
  40.00  76 190  4.44E+00  5.18E-01  4.43E+00  5.17E-01  1.13E-02  2.61E-02  2.53E-03
  11.00  76 189  3.88E-03  6.35E-03  3.88E-03  6.35E-03  0.00E+00  2.61E-02  0.00E+00
  14.00  76 189  9.50E-03  1.56E-02  9.50E-03  1.56E-02  0.00E+00  2.61E-02  0.00E+00
  15.00  76 189  3.30E-02  3.12E-02  3.30E-02  3.12E-02  0.00E+00  2.61E-02  0.00E+00
  18.00  76 189  1.44E-02  2.37E-02  1.44E-02  2.37E-02  0.00E+00  2.61E-02  0.00E+00
  19.00  76 189  4.61E-02  4.35E-02  4.61E-02  4.35E-02  0.00E+00  2.61E-02  0.00E+00
  20.00  76 189  3.23E-02  3.74E-02  3.23E-02  3.74E-02  0.00E+00  2.61E-02  0.00E+00
  21.00  76 189  3.37E-02  3.89E-02  3.37E-02  3.89E-02  0.00E+00  2.61E-02  0.00E+00
  22.00  76 189  1.22E-01  7.56E-02  1.05E-01  7.00E-02  1.74E-02  2.85E-02  1.42E-01
  23.00  76 189  1.99E-01  9.78E-02  1.99E-01  9.78E-02  0.00E+00  2.85E-02  0.00E+00
  24.00  76 189  4.46E-01  1.49E-01  4.46E-01  1.49E-01  0.00E+00  2.85E-02  0.00E+00
  25.00  76 189  4.56E-01  1.52E-01  4.37E-01  1.49E-01  1.89E-02  3.10E-02  4.15E-02
  26.00  76 189  7.19E-01  1.93E-01  7.19E-01  1.93E-01  0.00E+00  3.10E-02  0.00E+00
  27.00  76 189  6.93E-01  1.91E-01  6.53E-01  1.86E-01  3.94E-02  4.56E-02  5.69E-02
  28.00  76 189  1.09E+00  2.42E-01  9.86E-01  2.30E-01  1.00E-01  7.34E-02  9.22E-02
  29.00  76 189  1.13E+00  2.48E-01  1.10E+00  2.46E-01  2.04E-02  3.33E-02  1.81E-02
  30.00  76 189  1.58E+00  2.95E-01  1.51E+00  2.89E-01  6.19E-02  5.85E-02  3.93E-02
  31.00  76 189  1.20E+00  2.59E-01  1.20E+00  2.59E-01  0.00E+00  5.85E-02  0.00E+00
  32.00  76 189  1.19E+00  2.60E-01  1.17E+00  2.57E-01  2.11E-02  3.46E-02  1.78E-02
  33.00  76 189  1.50E+00  2.93E-01  1.31E+00  2.74E-01  1.92E-01  1.05E-01  1.28E-01
  34.00  76 189  1.56E+00  3.00E-01  1.41E+00  2.85E-01  1.51E-01  9.34E-02  9.69E-02
  35.00  76 189  1.70E+00  3.15E-01  1.57E+00  3.03E-01  1.30E-01  8.72E-02  7.67E-02
  36.00  76 189  2.09E+00  3.50E-01  1.87E+00  3.31E-01  2.19E-01  1.13E-01  1.05E-01
  37.00  76 189  1.88E+00  3.34E-01  1.71E+00  3.18E-01  1.77E-01  1.02E-01  9.38E-02
  38.00  76 189  2.19E+00  3.61E-01  1.90E+00  3.36E-01  2.89E-01  1.31E-01  1.32E-01
  39.00  76 189  2.06E+00  3.52E-01  1.71E+00  3.20E-01  3.58E-01  1.47E-01  1.73E-01
  40.00  76 189  2.12E+00  3.58E-01  1.76E+00  3.26E-01  3.60E-01  1.47E-01  1.70E-01
  11.00  76 188  3.88E-03  6.35E-03
  13.00  76 188  1.56E-02  1.81E-02
  14.00  76 188  2.85E-02  2.70E-02
  15.00  76 188  6.60E-02  4.41E-02
  16.00  76 188  4.92E-02  4.03E-02
  17.00  76 188  2.15E-01  8.80E-02
  18.00  76 188  2.02E-01  8.85E-02
  19.00  76 188  1.84E-01  8.69E-02
  20.00  76 188  3.70E-01  1.26E-01
  21.00  76 188  3.53E-01  1.26E-01
  22.00  76 188  5.57E-01  1.61E-01
  23.00  76 188  4.85E-01  1.53E-01
  24.00  76 188  4.25E-01  1.45E-01
  25.00  76 188  5.68E-01  1.70E-01
  26.00  76 188  4.83E-01  1.58E-01
  27.00  76 188  7.49E-01  1.99E-01
  28.00  76 188  4.61E-01  1.57E-01
  29.00  76 188  7.95E-01  2.08E-01
  30.00  76 188  9.51E-01  2.29E-01
  31.00  76 188  1.03E+00  2.40E-01
  32.00  76 188  1.21E+00  2.62E-01
  33.00  76 188  1.41E+00  2.84E-01
  34.00  76 188  1.77E+00  3.20E-01
  35.00  76 188  2.23E+00  3.60E-01
  36.00  76 188  2.27E+00  3.65E-01
  37.00  76 188  2.77E+00  4.05E-01
  38.00  76 188  2.81E+00  4.09E-01
  39.00  76 188  3.35E+00  4.48E-01
  40.00  76 188  3.12E+00  4.34E-01
  14.00  76 187  9.50E-03  1.56E-02
  18.00  76 187  1.44E-02  2.37E-02
  20.00  76 187  1.61E-02  2.64E-02
  21.00  76 187  1.68E-02  2.75E-02
  22.00  76 187  1.39E-01  8.07E-02
  23.00  76 187  1.26E-01  7.78E-02
  24.00  76 187  2.22E-01  1.05E-01
  25.00  76 187  3.41E-01  1.31E-01
  26.00  76 187  4.25E-01  1.49E-01
  27.00  76 187  5.71E-01  1.74E-01
  28.00  76 187  6.81E-01  1.91E-01
  29.00  76 187  5.50E-01  1.73E-01
  30.00  76 187  6.40E-01  1.88E-01
  31.00  76 187  9.41E-01  2.30E-01
  32.00  76 187  9.09E-01  2.27E-01
  33.00  76 187  9.39E-01  2.32E-01
  34.00  76 187  8.84E-01  2.26E-01
  35.00  76 187  9.35E-01  2.34E-01
  36.00  76 187  9.21E-01  2.33E-01
  37.00  76 187  7.73E-01  2.14E-01
  38.00  76 187  1.02E+00  2.47E-01
  39.00  76 187  1.10E+00  2.57E-01
  40.00  76 187  1.67E+00  3.17E-01
  27.00  76 186  3.94E-02  4.56E-02
  28.00  76 186  6.01E-02  5.68E-02
  29.00  76 186  1.22E-01  8.16E-02
  30.00  76 186  1.03E-01  7.55E-02
  31.00  76 186  2.51E-01  1.19E-01
  32.00  76 186  5.28E-01  1.73E-01
  33.00  76 186  5.34E-01  1.75E-01
  34.00  76 186  6.25E-01  1.90E-01
  35.00  76 186  8.92E-01  2.28E-01
  36.00  76 186  8.99E-01  2.30E-01
  37.00  76 186  1.52E+00  3.00E-01
  38.00  76 186  1.45E+00  2.94E-01
  39.00  76 186  1.52E+00  3.02E-01
  40.00  76 186  1.46E+00  2.97E-01
  37.00  76 185  8.84E-02  7.23E-02
  38.00  76 185  6.67E-02  6.31E-02
  39.00  76 185  6.71E-02  6.34E-02
  40.00  76 185  3.83E-01  1.52E-01
  28.00  75 191  2.01E-02  3.29E-02
  30.00  75 191  2.08E-02  3.39E-02
  31.00  75 191  4.20E-02  4.85E-02
  33.00  75 191  2.15E-02  3.51E-02
  34.00  75 191  1.30E-01  8.67E-02
  35.00  75 191  8.75E-02  7.14E-02
  36.00  75 191  4.41E-02  5.09E-02
  37.00  75 191  6.66E-02  6.28E-02
  38.00  75 191  8.94E-02  7.30E-02
  39.00  75 191  9.00E-02  7.35E-02
  40.00  75 191  9.05E-02  7.39E-02
  12.00  75 190  5.96E-03  9.70E-03  5.96E-03  9.70E-03  0.00E+00  1.47E-01  0.00E+00
  16.00  75 190  1.24E-02  2.02E-02  1.24E-02  2.02E-02  0.00E+00  1.47E-01  0.00E+00
  20.00  75 190  6.49E-02  5.29E-02  6.49E-02  5.29E-02  0.00E+00  1.47E-01  0.00E+00
  21.00  75 190  5.07E-02  4.78E-02  5.07E-02  4.78E-02  0.00E+00  1.47E-01  0.00E+00
  22.00  75 190  8.76E-02  6.40E-02  8.76E-02  6.40E-02  0.00E+00  1.47E-01  0.00E+00
  23.00  75 190  3.62E-02  4.17E-02  3.62E-02  4.17E-02  0.00E+00  1.47E-01  0.00E+00
  24.00  75 190  5.58E-02  5.26E-02  5.58E-02  5.26E-02  0.00E+00  1.47E-01  0.00E+00
  25.00  75 190  1.33E-01  8.22E-02  1.33E-01  8.22E-02  0.00E+00  1.47E-01  0.00E+00
  26.00  75 190  1.17E-01  7.78E-02  1.17E-01  7.78E-02  0.00E+00  1.47E-01  0.00E+00
  27.00  75 190  1.59E-01  9.15E-02  1.59E-01  9.15E-02  0.00E+00  1.47E-01  0.00E+00
  28.00  75 190  1.01E-01  7.36E-02  1.01E-01  7.36E-02  0.00E+00  1.47E-01  0.00E+00
  29.00  75 190  2.66E-01  1.21E-01  2.66E-01  1.21E-01  0.00E+00  1.47E-01  0.00E+00
  30.00  75 190  3.32E-01  1.36E-01  3.32E-01  1.36E-01  0.00E+00  1.47E-01  0.00E+00
  31.00  75 190  2.31E-01  1.14E-01  2.31E-01  1.14E-01  0.00E+00  1.47E-01  0.00E+00
  32.00  75 190  2.76E-01  1.25E-01  2.76E-01  1.25E-01  0.00E+00  1.47E-01  0.00E+00
  33.00  75 190  1.72E-01  9.92E-02  1.72E-01  9.92E-02  0.00E+00  1.47E-01  0.00E+00
  34.00  75 190  2.60E-01  1.23E-01  2.60E-01  1.23E-01  0.00E+00  1.47E-01  0.00E+00
  35.00  75 190  3.28E-01  1.38E-01  3.28E-01  1.38E-01  0.00E+00  1.47E-01  0.00E+00
  36.00  75 190  3.31E-01  1.39E-01  3.31E-01  1.39E-01  0.00E+00  1.47E-01  0.00E+00
  37.00  75 190  4.89E-01  1.70E-01  4.66E-01  1.66E-01  2.22E-02  3.63E-02  4.55E-02
  38.00  75 190  6.26E-01  1.93E-01  6.26E-01  1.93E-01  0.00E+00  3.63E-02  0.00E+00
  39.00  75 190  5.62E-01  1.84E-01  5.62E-01  1.84E-01  0.00E+00  3.63E-02  0.00E+00
  40.00  75 190  5.43E-01  1.81E-01  5.43E-01  1.81E-01  0.00E+00  3.63E-02  0.00E+00
  21.00  75 189  1.69E-02  2.76E-02
  26.00  75 189  1.95E-02  3.18E-02
  27.00  75 189  3.96E-02  4.58E-02
  28.00  75 189  2.01E-02  3.29E-02
  29.00  75 189  6.13E-02  5.78E-02
  30.00  75 189  6.21E-02  5.86E-02
  31.00  75 189  1.47E-01  9.08E-02
  32.00  75 189  1.28E-01  8.50E-02
  33.00  75 189  1.93E-01  1.05E-01
  34.00  75 189  2.17E-01  1.12E-01
  35.00  75 189  1.31E-01  8.73E-02
  36.00  75 189  1.10E-01  8.03E-02
  37.00  75 189  3.33E-01  1.40E-01
  38.00  75 189  2.90E-01  1.32E-01
  39.00  75 189  1.80E-01  1.04E-01
  40.00  75 189  2.94E-01  1.33E-01
  12.00  75 188  5.88E-03  9.64E-03  5.88E-03  9.64E-03  0.00E+00  3.63E-02  0.00E+00
  17.00  75 188  1.34E-02  2.20E-02  1.34E-02  2.20E-02  0.00E+00  3.63E-02  0.00E+00
  19.00  75 188  1.53E-02  2.51E-02  1.53E-02  2.51E-02  0.00E+00  3.63E-02  0.00E+00
  20.00  75 188  3.22E-02  3.73E-02  3.22E-02  3.73E-02  0.00E+00  3.63E-02  0.00E+00
  21.00  75 188  5.04E-02  4.76E-02  5.04E-02  4.76E-02  0.00E+00  3.63E-02  0.00E+00
  22.00  75 188  1.74E-02  2.85E-02  1.74E-02  2.85E-02  0.00E+00  3.63E-02  0.00E+00
  23.00  75 188  3.59E-02  4.16E-02  3.59E-02  4.16E-02  0.00E+00  3.63E-02  0.00E+00
  24.00  75 188  7.39E-02  6.05E-02  7.39E-02  6.05E-02  0.00E+00  3.63E-02  0.00E+00
  25.00  75 188  5.68E-02  5.37E-02  5.68E-02  5.37E-02  0.00E+00  3.63E-02  0.00E+00
  26.00  75 188  7.75E-02  6.34E-02  7.75E-02  6.34E-02  0.00E+00  3.63E-02  0.00E+00
  27.00  75 188  1.58E-01  9.12E-02  1.58E-01  9.12E-02  0.00E+00  3.63E-02  0.00E+00
  28.00  75 188  1.20E-01  8.04E-02  1.20E-01  8.04E-02  0.00E+00  3.63E-02  0.00E+00
  29.00  75 188  1.63E-01  9.43E-02  1.63E-01  9.43E-02  0.00E+00  3.63E-02  0.00E+00
  30.00  75 188  1.86E-01  1.01E-01  1.86E-01  1.01E-01  0.00E+00  3.63E-02  0.00E+00
  31.00  75 188  1.46E-01  9.06E-02  1.46E-01  9.06E-02  0.00E+00  3.63E-02  0.00E+00
  32.00  75 188  1.90E-01  1.04E-01  1.90E-01  1.04E-01  0.00E+00  3.63E-02  0.00E+00
  33.00  75 188  2.14E-01  1.11E-01  2.14E-01  1.11E-01  0.00E+00  3.63E-02  0.00E+00
  34.00  75 188  3.02E-01  1.32E-01  3.02E-01  1.32E-01  0.00E+00  3.63E-02  0.00E+00
  35.00  75 188  2.83E-01  1.28E-01  2.83E-01  1.28E-01  0.00E+00  3.63E-02  0.00E+00
  36.00  75 188  3.07E-01  1.34E-01  3.07E-01  1.34E-01  0.00E+00  3.63E-02  0.00E+00
  37.00  75 188  3.76E-01  1.49E-01  3.76E-01  1.49E-01  0.00E+00  3.63E-02  0.00E+00
  38.00  75 188  4.00E-01  1.54E-01  4.00E-01  1.54E-01  0.00E+00  3.63E-02  0.00E+00
  39.00  75 188  3.58E-01  1.47E-01  3.58E-01  1.47E-01  0.00E+00  3.63E-02  0.00E+00
  40.00  75 188  3.83E-01  1.52E-01  3.83E-01  1.52E-01  0.00E+00  3.63E-02  0.00E+00
  23.00  75 187  3.59E-02  4.16E-02
  24.00  75 187  3.69E-02  4.28E-02
  25.00  75 187  1.89E-02  3.10E-02
  26.00  75 187  1.93E-02  3.17E-02
  27.00  75 187  3.94E-02  4.56E-02
  28.00  75 187  4.01E-02  4.64E-02
  30.00  75 187  6.19E-02  5.85E-02
  31.00  75 187  2.09E-02  3.42E-02
  32.00  75 187  4.23E-02  4.89E-02
  33.00  75 187  8.54E-02  6.99E-02
  34.00  75 187  1.08E-01  7.90E-02
  35.00  75 187  8.70E-02  7.12E-02
  36.00  75 187  8.78E-02  7.18E-02
  37.00  75 187  1.55E-01  9.57E-02
  38.00  75 187  2.00E-01  1.09E-01
  39.00  75 187  1.34E-01  8.98E-02
  40.00  75 187  2.48E-01  1.22E-01
  28.00  75 186  2.00E-02  3.28E-02  2.00E-02  3.28E-02  0.00E+00  3.63E-02  0.00E+00
  35.00  75 186  2.17E-02  3.56E-02  2.17E-02  3.56E-02  0.00E+00  3.63E-02  0.00E+00
  36.00  75 186  2.19E-02  3.59E-02  2.19E-02  3.59E-02  0.00E+00  3.63E-02  0.00E+00
  37.00  75 186  2.21E-02  3.62E-02  2.21E-02  3.62E-02  0.00E+00  3.63E-02  0.00E+00
  39.00  75 186  6.71E-02  6.34E-02  6.71E-02  6.34E-02  0.00E+00  3.63E-02  0.00E+00
  40.00  75 186  4.50E-02  5.21E-02  4.50E-02  5.21E-02  0.00E+00  3.63E-02  0.00E+00
  34.00  74 188  2.17E-02  3.54E-02
  26.00  74 187  1.95E-02  3.18E-02
  36.00  74 186  2.20E-02  3.60E-02
  39.00  74 186  4.49E-02  5.19E-02
  40.00  74 186  2.26E-02  3.70E-02
  39.00  74 185  2.24E-02  3.66E-02  2.24E-02  3.66E-02  0.00E+00  3.63E-02  0.00E+00

 Ebeam =    1.000 sum yields =    0.000
 Ebeam =    2.000 sum yields =    0.000
 Ebeam =    3.000 sum yields =    0.000
 Ebeam =    4.000 sum yields =    0.000
 Ebeam =    5.000 sum yields =    0.000
 Ebeam =    6.000 sum yields =    0.000
 Ebeam =    7.000 sum yields =    0.847
 Ebeam =    8.000 sum yields =   17.065
 Ebeam =    9.000 sum yields =   73.239
 Ebeam =   10.000 sum yields =  203.610
 Ebeam =   11.000 sum yields =  391.901
 Ebeam =   12.000 sum yields =  593.418
 Ebeam =   13.000 sum yields =  785.229
 Ebeam =   14.000 sum yields =  956.193
 Ebeam =   15.000 sum yields = 1106.320
 Ebeam =   16.000 sum yields = 1235.615
 Ebeam =   17.000 sum yields = 1350.770
 Ebeam =   18.000 sum yields = 1451.601
 Ebeam =   19.000 sum yields = 1538.692
 Ebeam =   20.000 sum yields = 1617.298
 Ebeam =   21.000 sum yields = 1685.771
 Ebeam =   22.000 sum yields = 1748.705
 Ebeam =   23.000 sum yields = 1803.569
 Ebeam =   24.000 sum yields = 1854.553
 Ebeam =   25.000 sum yields = 1899.055
 Ebeam =   26.000 sum yields = 1940.837
 Ebeam =   27.000 sum yields = 1977.504
 Ebeam =   28.000 sum yields = 2010.687
 Ebeam =   29.000 sum yields = 2042.878
 Ebeam =   30.000 sum yields = 2070.662
 Ebeam =   31.000 sum yields = 2097.684
 Ebeam =   32.000 sum yields = 2121.138
 Ebeam =   33.000 sum yields = 2142.518
 Ebeam =   34.000 sum yields = 2163.924
 Ebeam =   35.000 sum yields = 2182.223
 Ebeam =   36.000 sum yields = 2199.031
 Ebeam =   37.000 sum yields = 2216.410
 Ebeam =   38.000 sum yields = 2230.998
 Ebeam =   39.000 sum yields = 2244.831
 Ebeam =   40.000 sum yields = 2258.391
