
  An isotopic target is assumed:
  At# Mass# % abundance % uncertainty
  26  54 Fe    5.845000  0.035000
  26  56 Fe   91.754000  0.036000
  26  57 Fe    2.119000  0.010000
  26  58 Fe    0.282000  0.004000
 ldopt set internally =           1
 Kataria-Ramamurthy shell dependent ld

  ZP  1.0  AP  2.0  ZT 26.0  AT  58.0  ISOT  1  LEVNO  1
 
 
1Deuterons on natural Iron                                                       
  Ebeam  Rx.cs used  Rx. cs algo fiss cs (mb) capture cs (mb)
   1.00  0.000E+00    0.00E+00    0.00E+00    0.00E+00
   2.00  0.000E+00    0.00E+00    0.00E+00    0.00E+00
   3.00  2.306E+01    0.00E+00    0.00E+00    0.00E+00
   4.00  1.712E+02    0.00E+00    0.00E+00    0.00E+00
   5.00  4.258E+02    0.00E+00    0.00E+00    0.00E+00
   6.00  6.696E+02    0.00E+00    0.00E+00    0.00E+00
   7.00  8.640E+02    0.00E+00    0.00E+00    0.00E+00
   8.00  1.009E+03    0.00E+00    0.00E+00    0.00E+00
   9.00  1.124E+03    0.00E+00    0.00E+00    0.00E+00
  10.00  1.213E+03    0.00E+00    0.00E+00    0.00E+00
  11.00  1.282E+03    0.00E+00    0.00E+00    0.00E+00
  12.00  1.339E+03    0.00E+00    0.00E+00    0.00E+00
  13.00  1.383E+03    0.00E+00    0.00E+00    0.00E+00
  14.00  1.421E+03    0.00E+00    0.00E+00    0.00E+00
  15.00  1.451E+03    0.00E+00    0.00E+00    0.00E+00
  16.00  1.477E+03    0.00E+00    0.00E+00    0.00E+00
  17.00  1.498E+03    0.00E+00    0.00E+00    0.00E+00
  18.00  1.515E+03    0.00E+00    0.00E+00    0.00E+00
  19.00  1.532E+03    0.00E+00    0.00E+00    0.00E+00
  20.00  1.544E+03    0.00E+00    0.00E+00    0.00E+00
  21.00  1.554E+03    0.00E+00    0.00E+00    0.00E+00
  22.00  1.565E+03    0.00E+00    0.00E+00    0.00E+00
  23.00  1.573E+03    0.00E+00    0.00E+00    0.00E+00
  24.00  1.579E+03    0.00E+00    0.00E+00    0.00E+00
  25.00  1.586E+03    0.00E+00    0.00E+00    0.00E+00
  26.00  1.590E+03    0.00E+00    0.00E+00    0.00E+00
  27.00  1.594E+03    0.00E+00    0.00E+00    0.00E+00
  28.00  1.599E+03    0.00E+00    0.00E+00    0.00E+00
  29.00  1.601E+03    0.00E+00    0.00E+00    0.00E+00
  30.00  1.603E+03    0.00E+00    0.00E+00    0.00E+00
  31.00  1.606E+03    0.00E+00    0.00E+00    0.00E+00
  32.00  1.607E+03    0.00E+00    0.00E+00    0.00E+00
  33.00  1.608E+03    0.00E+00    0.00E+00    0.00E+00
  34.00  1.609E+03    0.00E+00    0.00E+00    0.00E+00
  35.00  1.611E+03    0.00E+00    0.00E+00    0.00E+00
  36.00  1.611E+03    0.00E+00    0.00E+00    0.00E+00
  37.00  1.610E+03    0.00E+00    0.00E+00    0.00E+00
  38.00  1.611E+03    0.00E+00    0.00E+00    0.00E+00
  39.00  1.611E+03    0.00E+00    0.00E+00    0.00E+00
  40.00  1.610E+03    0.00E+00    0.00E+00    0.00E+00

 Note: product cross sections have a statistical uncertainty due to Monte Carlo computation
      One  SD will be [sqrt(N)/N]*yield where N is number of events in yield

 Ebeam   Z   A    Total    +/-1 SD   grnd st   +/- 1SD   isomer1   +/- 1SD   isomer2   +/- 1SD   isomer1   isomer2
 (MeV)            cs.      cs.       cs.        cs        cs        cs         cs       cs       m1 to tot m2 to tot 
   3.00  27  59  7.09E-02  1.67E-02
   4.00  27  59  4.56E-01  1.16E-01
   5.00  27  59  1.03E+00  2.74E-01
   6.00  27  59  1.44E+00  4.06E-01
   7.00  27  59  1.35E+00  4.46E-01
   8.00  27  59  1.23E+00  4.62E-01
   9.00  27  59  1.32E+00  5.04E-01
  10.00  27  59  9.30E-01  4.39E-01
  11.00  27  59  1.25E+00  5.23E-01
  12.00  27  59  1.23E+00  5.31E-01
  13.00  27  59  1.20E+00  5.33E-01
  14.00  27  59  9.82E-01  4.89E-01
  15.00  27  59  9.57E-01  4.88E-01
  16.00  27  59  9.59E-01  4.92E-01
  17.00  27  59  8.18E-01  4.58E-01
  18.00  27  59  7.81E-01  4.50E-01
  19.00  27  59  8.21E-01  4.64E-01
  20.00  27  59  1.03E+00  5.23E-01
  21.00  27  59  8.33E-01  4.71E-01
  22.00  27  59  8.38E-01  4.74E-01
  23.00  27  59  7.12E-01  4.38E-01
  24.00  27  59  7.16E-01  4.40E-01
  25.00  27  59  8.16E-01  4.71E-01
  26.00  27  59  6.71E-01  4.27E-01
  27.00  27  59  6.24E-01  4.12E-01
  28.00  27  59  6.58E-01  4.24E-01
  29.00  27  59  6.26E-01  4.14E-01
  30.00  27  59  5.61E-01  3.92E-01
  31.00  27  59  6.44E-01  4.21E-01
  32.00  27  59  6.45E-01  4.21E-01
  33.00  27  59  4.30E-01  3.44E-01
  34.00  27  59  5.30E-01  3.82E-01
  35.00  27  59  5.63E-01  3.94E-01
  36.00  27  59  5.47E-01  3.88E-01
  37.00  27  59  5.30E-01  3.82E-01
  38.00  27  59  5.14E-01  3.76E-01
  39.00  27  59  5.14E-01  3.76E-01
  40.00  27  59  5.30E-01  3.82E-01
   3.00  27  58  4.30E-01  4.12E-02  3.91E-01  3.93E-02  3.92E-02  1.24E-02  9.11E-02
   4.00  27  58  3.08E+00  3.00E-01  2.54E+00  2.73E-01  5.45E-01  1.26E-01  1.77E-01
   5.00  27  58  7.28E+00  7.29E-01  5.52E+00  6.34E-01  1.76E+00  3.58E-01  2.42E-01
   6.00  27  58  8.71E+00  9.99E-01  6.06E+00  8.33E-01  2.66E+00  5.52E-01  3.05E-01
   7.00  27  58  9.22E+00  1.17E+00  6.03E+00  9.44E-01  3.19E+00  6.87E-01  3.46E-01
   8.00  27  58  8.62E+00  1.22E+00  5.54E+00  9.78E-01  3.08E+00  7.30E-01  3.58E-01
   9.00  27  58  8.15E+00  1.25E+00  5.10E+00  9.90E-01  3.05E+00  7.66E-01  3.74E-01
  10.00  27  58  7.90E+00  1.28E+00  4.94E+00  1.01E+00  2.96E+00  7.84E-01  3.75E-01
  11.00  27  58  7.30E+00  1.26E+00  4.84E+00  1.03E+00  2.46E+00  7.34E-01  3.37E-01
  12.00  27  58  6.94E+00  1.26E+00  4.07E+00  9.65E-01  2.87E+00  8.11E-01  4.14E-01
  13.00  27  58  6.80E+00  1.27E+00  4.08E+00  9.83E-01  2.71E+00  8.01E-01  3.99E-01
  14.00  27  58  6.62E+00  1.27E+00  3.71E+00  9.49E-01  2.91E+00  8.41E-01  4.40E-01
  15.00  27  58  6.32E+00  1.25E+00  3.34E+00  9.10E-01  2.98E+00  8.61E-01  4.72E-01
  16.00  27  58  6.45E+00  1.28E+00  3.15E+00  8.92E-01  3.30E+00  9.14E-01  5.12E-01
  17.00  27  58  6.34E+00  1.27E+00  3.19E+00  9.04E-01  3.15E+00  8.98E-01  4.97E-01
  18.00  27  58  5.90E+00  1.24E+00  2.81E+00  8.53E-01  3.09E+00  8.95E-01  5.24E-01
  19.00  27  58  5.41E+00  1.19E+00  2.33E+00  7.81E-01  3.08E+00  8.99E-01  5.70E-01
  20.00  27  58  5.38E+00  1.19E+00  2.03E+00  7.33E-01  3.35E+00  9.40E-01  6.22E-01
  21.00  27  58  4.99E+00  1.15E+00  1.99E+00  7.28E-01  3.00E+00  8.93E-01  6.01E-01
  22.00  27  58  5.64E+00  1.23E+00  2.50E+00  8.18E-01  3.14E+00  9.17E-01  5.57E-01
  23.00  27  58  5.21E+00  1.18E+00  1.91E+00  7.18E-01  3.30E+00  9.42E-01  6.33E-01
  24.00  27  58  4.87E+00  1.15E+00  2.05E+00  7.43E-01  2.82E+00  8.73E-01  5.80E-01
  25.00  27  58  4.69E+00  1.13E+00  1.65E+00  6.70E-01  3.03E+00  9.07E-01  6.47E-01
  26.00  27  58  4.52E+00  1.11E+00  1.58E+00  6.55E-01  2.94E+00  8.95E-01  6.51E-01
  27.00  27  58  4.31E+00  1.08E+00  1.35E+00  6.08E-01  2.95E+00  8.98E-01  6.86E-01
  28.00  27  58  4.38E+00  1.09E+00  1.39E+00  6.16E-01  2.99E+00  9.05E-01  6.83E-01
  29.00  27  58  4.08E+00  1.06E+00  1.39E+00  6.17E-01  2.69E+00  8.58E-01  6.59E-01
  30.00  27  58  4.15E+00  1.07E+00  1.29E+00  5.94E-01  2.86E+00  8.86E-01  6.90E-01
  31.00  27  58  3.68E+00  1.01E+00  1.14E+00  5.60E-01  2.54E+00  8.35E-01  6.90E-01
  32.00  27  58  3.78E+00  1.02E+00  9.28E-01  5.05E-01  2.85E+00  8.86E-01  7.54E-01
  33.00  27  58  3.47E+00  9.77E-01  9.37E-01  5.08E-01  2.53E+00  8.35E-01  7.30E-01
  34.00  27  58  4.31E+00  1.09E+00  1.16E+00  5.65E-01  3.15E+00  9.32E-01  7.31E-01
  35.00  27  58  3.69E+00  1.01E+00  9.22E-01  5.04E-01  2.77E+00  8.73E-01  7.50E-01
  36.00  27  58  3.77E+00  1.02E+00  8.56E-01  4.86E-01  2.91E+00  8.96E-01  7.73E-01
  37.00  27  58  3.26E+00  9.48E-01  7.65E-01  4.59E-01  2.49E+00  8.29E-01  7.65E-01
  38.00  27  58  3.33E+00  9.58E-01  8.31E-01  4.79E-01  2.50E+00  8.30E-01  7.50E-01
  39.00  27  58  2.98E+00  9.06E-01  7.49E-01  4.54E-01  2.23E+00  7.84E-01  7.49E-01
  40.00  27  58  3.54E+00  9.87E-01  8.31E-01  4.79E-01  2.71E+00  8.64E-01  7.65E-01
   3.00  27  57  1.43E+01  2.38E-01
   4.00  27  57  1.00E+02  1.71E+00
   5.00  27  57  2.37E+02  4.16E+00
   6.00  27  57  3.25E+02  6.10E+00
   7.00  27  57  3.40E+02  7.09E+00
   8.00  27  57  3.50E+02  7.78E+00
   9.00  27  57  3.29E+02  7.96E+00
  10.00  27  57  3.09E+02  8.01E+00
  11.00  27  57  2.96E+02  8.05E+00
  12.00  27  57  2.85E+02  8.08E+00
  13.00  27  57  2.72E+02  8.03E+00
  14.00  27  57  2.66E+02  8.04E+00
  15.00  27  57  2.57E+02  7.98E+00
  16.00  27  57  2.47E+02  7.91E+00
  17.00  27  57  2.44E+02  7.90E+00
  18.00  27  57  2.33E+02  7.78E+00
  19.00  27  57  2.25E+02  7.68E+00
  20.00  27  57  2.18E+02  7.59E+00
  21.00  27  57  2.12E+02  7.51E+00
  22.00  27  57  2.07E+02  7.45E+00
  23.00  27  57  2.04E+02  7.41E+00
  24.00  27  57  1.95E+02  7.26E+00
  25.00  27  57  1.93E+02  7.24E+00
  26.00  27  57  1.86E+02  7.12E+00
  27.00  27  57  1.78E+02  6.98E+00
  28.00  27  57  1.77E+02  6.95E+00
  29.00  27  57  1.72E+02  6.87E+00
  30.00  27  57  1.68E+02  6.80E+00
  31.00  27  57  1.63E+02  6.68E+00
  32.00  27  57  1.58E+02  6.59E+00
  33.00  27  57  1.59E+02  6.61E+00
  34.00  27  57  1.54E+02  6.52E+00
  35.00  27  57  1.50E+02  6.43E+00
  36.00  27  57  1.43E+02  6.27E+00
  37.00  27  57  1.44E+02  6.31E+00
  38.00  27  57  1.42E+02  6.25E+00
  39.00  27  57  1.37E+02  6.15E+00
  40.00  27  57  1.33E+02  6.05E+00
   6.00  27  56  1.38E-02  3.97E-02
   7.00  27  56  4.42E-02  8.09E-02
   8.00  27  56  5.68E-01  3.13E-01
   9.00  27  56  3.60E+01  2.63E+00
  10.00  27  56  8.56E+01  4.22E+00
  11.00  27  56  1.28E+02  5.29E+00
  12.00  27  56  1.53E+02  5.92E+00
  13.00  27  56  1.85E+02  6.61E+00
  14.00  27  56  2.03E+02  7.02E+00
  15.00  27  56  2.13E+02  7.27E+00
  16.00  27  56  2.26E+02  7.55E+00
  17.00  27  56  2.31E+02  7.70E+00
  18.00  27  56  2.32E+02  7.76E+00
  19.00  27  56  2.26E+02  7.69E+00
  20.00  27  56  2.10E+02  7.45E+00
  21.00  27  56  1.99E+02  7.28E+00
  22.00  27  56  1.81E+02  6.97E+00
  23.00  27  56  1.68E+02  6.72E+00
  24.00  27  56  1.59E+02  6.56E+00
  25.00  27  56  1.47E+02  6.31E+00
  26.00  27  56  1.38E+02  6.14E+00
  27.00  27  56  1.29E+02  5.94E+00
  28.00  27  56  1.21E+02  5.76E+00
  29.00  27  56  1.15E+02  5.62E+00
  30.00  27  56  1.10E+02  5.49E+00
  31.00  27  56  1.03E+02  5.32E+00
  32.00  27  56  1.01E+02  5.27E+00
  33.00  27  56  9.48E+01  5.11E+00
  34.00  27  56  9.21E+01  5.03E+00
  35.00  27  56  8.94E+01  4.96E+00
  36.00  27  56  8.63E+01  4.88E+00
  37.00  27  56  8.29E+01  4.78E+00
  38.00  27  56  8.30E+01  4.78E+00
  39.00  27  56  8.03E+01  4.71E+00
  40.00  27  56  7.68E+01  4.60E+00
   3.00  27  55  3.96E-01  3.95E-02
   4.00  27  55  2.85E+00  2.89E-01
   5.00  27  55  7.37E+00  7.33E-01
   6.00  27  55  1.14E+01  1.15E+00
   7.00  27  55  1.31E+01  1.39E+00
   8.00  27  55  1.36E+01  1.53E+00
   9.00  27  55  1.40E+01  1.64E+00
  10.00  27  55  1.42E+01  1.72E+00
  11.00  27  55  1.40E+01  1.75E+00
  12.00  27  55  1.36E+01  1.76E+00
  13.00  27  55  1.33E+01  1.78E+00
  14.00  27  55  1.34E+01  1.80E+00
  15.00  27  55  1.30E+01  1.80E+00
  16.00  27  55  1.26E+01  1.79E+00
  17.00  27  55  1.24E+01  1.78E+00
  18.00  27  55  1.25E+01  1.80E+00
  19.00  27  55  1.21E+01  1.78E+00
  20.00  27  55  1.38E+01  1.91E+00
  21.00  27  55  1.43E+01  1.95E+00
  22.00  27  55  1.83E+01  2.21E+00
  23.00  27  55  2.16E+01  2.41E+00
  24.00  27  55  2.39E+01  2.54E+00
  25.00  27  55  2.49E+01  2.60E+00
  26.00  27  55  2.93E+01  2.83E+00
  27.00  27  55  3.05E+01  2.88E+00
  28.00  27  55  3.35E+01  3.03E+00
  29.00  27  55  3.56E+01  3.12E+00
  30.00  27  55  3.41E+01  3.06E+00
  31.00  27  55  3.55E+01  3.12E+00
  32.00  27  55  3.33E+01  3.03E+00
  33.00  27  55  3.34E+01  3.03E+00
  34.00  27  55  3.29E+01  3.01E+00
  35.00  27  55  3.27E+01  3.00E+00
  36.00  27  55  3.04E+01  2.89E+00
  37.00  27  55  2.99E+01  2.87E+00
  38.00  27  55  2.64E+01  2.70E+00
  39.00  27  55  2.73E+01  2.74E+00
  40.00  27  55  2.65E+01  2.70E+00
  12.00  27  54  2.68E-02  7.83E-02  0.00E+00  4.79E-01  2.68E-02  7.83E-02  1.00E+00
  13.00  27  54  2.63E-01  2.49E-01  8.30E-02  1.40E-01  1.80E-01  2.06E-01  6.84E-01
  14.00  27  54  4.26E-01  3.22E-01  5.68E-02  1.18E-01  3.69E-01  3.00E-01  8.67E-01
  15.00  27  54  7.54E-01  4.33E-01  1.74E-01  2.08E-01  5.80E-01  3.80E-01  7.69E-01
  16.00  27  54  1.49E+00  6.14E-01  4.28E-01  3.29E-01  1.06E+00  5.18E-01  7.13E-01
  17.00  27  54  1.89E+00  6.96E-01  4.79E-01  3.51E-01  1.41E+00  6.01E-01  7.46E-01
  18.00  27  54  2.18E+00  7.52E-01  5.30E-01  3.71E-01  1.65E+00  6.54E-01  7.57E-01
  19.00  27  54  2.39E+00  7.91E-01  6.74E-01  4.20E-01  1.72E+00  6.71E-01  7.18E-01
  20.00  27  54  2.69E+00  8.43E-01  6.95E-01  4.29E-01  1.99E+00  7.26E-01  7.41E-01
  21.00  27  54  2.91E+00  8.79E-01  7.00E-01  4.31E-01  2.21E+00  7.66E-01  7.59E-01
  22.00  27  54  3.52E+00  9.71E-01  6.89E-01  4.30E-01  2.83E+00  8.71E-01  8.04E-01
  23.00  27  54  3.05E+00  9.06E-01  6.13E-01  4.06E-01  2.44E+00  8.10E-01  7.99E-01
  24.00  27  54  2.94E+00  8.91E-01  7.74E-01  4.57E-01  2.16E+00  7.64E-01  7.37E-01
  25.00  27  54  3.28E+00  9.44E-01  8.56E-01  4.82E-01  2.43E+00  8.11E-01  7.39E-01
  26.00  27  54  2.93E+00  8.92E-01  4.93E-01  3.66E-01  2.43E+00  8.14E-01  8.32E-01
  27.00  27  54  2.60E+00  8.42E-01  6.53E-01  4.22E-01  1.94E+00  7.28E-01  7.48E-01
  28.00  27  54  2.22E+00  7.80E-01  4.64E-01  3.56E-01  1.76E+00  6.94E-01  7.91E-01
  29.00  27  54  2.61E+00  8.46E-01  6.24E-01  4.14E-01  1.99E+00  7.38E-01  7.61E-01
  30.00  27  54  2.10E+00  7.59E-01  4.01E-01  3.32E-01  1.70E+00  6.83E-01  8.09E-01
  31.00  27  54  2.02E+00  7.46E-01  3.21E-01  2.97E-01  1.70E+00  6.84E-01  8.41E-01
  32.00  27  54  1.95E+00  7.31E-01  5.14E-01  3.76E-01  1.43E+00  6.27E-01  7.36E-01
  33.00  27  54  1.88E+00  7.20E-01  4.66E-01  3.58E-01  1.42E+00  6.24E-01  7.52E-01
  34.00  27  54  1.74E+00  6.92E-01  4.67E-01  3.58E-01  1.27E+00  5.91E-01  7.31E-01
  35.00  27  54  2.19E+00  7.77E-01  3.87E-01  3.26E-01  1.80E+00  7.05E-01  8.24E-01
  36.00  27  54  2.18E+00  7.74E-01  3.70E-01  3.20E-01  1.81E+00  7.05E-01  8.30E-01
  37.00  27  54  1.71E+00  6.86E-01  3.70E-01  3.19E-01  1.34E+00  6.07E-01  7.83E-01
  38.00  27  54  2.00E+00  7.43E-01  4.03E-01  3.33E-01  1.60E+00  6.64E-01  7.99E-01
  39.00  27  54  1.78E+00  7.00E-01  4.68E-01  3.59E-01  1.31E+00  6.01E-01  7.37E-01
  40.00  27  54  2.17E+00  7.72E-01  4.52E-01  3.53E-01  1.71E+00  6.87E-01  7.91E-01
  22.00  27  53  1.57E-02  6.48E-02  1.57E-02  6.48E-02  0.00E+00  6.87E-01  0.00E+00
  23.00  27  53  1.57E-02  6.51E-02  1.57E-02  6.51E-02  0.00E+00  6.87E-01  0.00E+00
  25.00  27  53  1.59E-02  6.56E-02  1.59E-02  6.56E-02  0.00E+00  6.87E-01  0.00E+00
  26.00  27  53  1.59E-02  6.58E-02  1.59E-02  6.58E-02  0.00E+00  6.87E-01  0.00E+00
  27.00  27  53  1.59E-02  6.59E-02  1.59E-02  6.59E-02  0.00E+00  6.87E-01  0.00E+00
  30.00  27  53  1.60E-02  6.63E-02  1.60E-02  6.63E-02  0.00E+00  6.87E-01  0.00E+00
  31.00  27  53  4.82E-02  1.15E-01  3.21E-02  9.40E-02  1.61E-02  6.64E-02  3.33E-01
  32.00  27  53  8.04E-02  1.49E-01  6.43E-02  1.33E-01  1.61E-02  6.65E-02  2.00E-01
  33.00  27  53  8.04E-02  1.49E-01  6.43E-02  1.33E-01  1.61E-02  6.65E-02  2.00E-01
  34.00  27  53  1.93E-01  2.31E-01  1.37E-01  1.94E-01  5.63E-02  1.24E-01  2.92E-01
  35.00  27  53  1.77E-01  2.21E-01  1.61E-01  2.11E-01  1.61E-02  6.66E-02  9.09E-02
  36.00  27  53  2.42E-01  2.58E-01  1.69E-01  2.16E-01  7.25E-02  1.41E-01  3.00E-01
  37.00  27  53  1.61E-01  2.11E-01  1.29E-01  1.88E-01  3.22E-02  9.42E-02  2.00E-01
  38.00  27  53  1.93E-01  2.31E-01  1.45E-01  2.00E-01  4.83E-02  1.15E-01  2.50E-01
  39.00  27  53  2.09E-01  2.40E-01  8.86E-02  1.56E-01  1.21E-01  1.82E-01  5.77E-01
  40.00  27  53  1.93E-01  2.31E-01  8.05E-02  1.49E-01  1.13E-01  1.76E-01  5.83E-01
   3.00  26  59  1.08E-02  6.53E-03
   4.00  26  59  6.41E-02  4.33E-02
   5.00  26  59  1.87E-01  1.17E-01
   6.00  26  59  2.83E-01  1.80E-01
   7.00  26  59  4.16E-01  2.48E-01
   8.00  26  59  4.53E-01  2.80E-01
   9.00  26  59  5.37E-01  3.21E-01
  10.00  26  59  6.29E-01  3.61E-01
  11.00  26  59  4.77E-01  3.24E-01
  12.00  26  59  4.01E-01  3.03E-01
  13.00  26  59  4.71E-01  3.34E-01
  14.00  26  59  4.69E-01  3.38E-01
  15.00  26  59  4.94E-01  3.50E-01
  16.00  26  59  3.35E-01  2.91E-01
  17.00  26  59  4.63E-01  3.45E-01
  18.00  26  59  4.84E-01  3.54E-01
  19.00  26  59  4.58E-01  3.46E-01
  20.00  26  59  3.98E-01  3.24E-01
  21.00  26  59  5.45E-01  3.81E-01
  22.00  26  59  3.06E-01  2.86E-01
  23.00  26  59  3.56E-01  3.10E-01
  24.00  26  59  4.23E-01  3.38E-01
  25.00  26  59  2.94E-01  2.82E-01
  26.00  26  59  5.56E-01  3.89E-01
  27.00  26  59  3.45E-01  3.07E-01
  28.00  26  59  4.28E-01  3.42E-01
  29.00  26  59  4.61E-01  3.55E-01
  30.00  26  59  4.13E-01  3.36E-01
  31.00  26  59  3.30E-01  3.01E-01
  32.00  26  59  3.80E-01  3.23E-01
  33.00  26  59  3.64E-01  3.16E-01
  34.00  26  59  3.31E-01  3.02E-01
  35.00  26  59  3.15E-01  2.95E-01
  36.00  26  59  3.15E-01  2.94E-01
  37.00  26  59  2.65E-01  2.70E-01
  38.00  26  59  2.15E-01  2.44E-01
  39.00  26  59  2.65E-01  2.70E-01
  40.00  26  59  2.65E-01  2.70E-01
   3.00  26  58  8.92E-02  1.88E-02
   4.00  26  58  7.22E-01  1.45E-01
   5.00  26  58  1.89E+00  3.71E-01
   6.00  26  58  3.13E+00  5.99E-01
   7.00  26  58  3.80E+00  7.50E-01
   8.00  26  58  5.00E+00  9.29E-01
   9.00  26  58  5.11E+00  9.92E-01
  10.00  26  58  5.49E+00  1.07E+00
  11.00  26  58  5.66E+00  1.11E+00
  12.00  26  58  5.49E+00  1.12E+00
  13.00  26  58  5.67E+00  1.16E+00
  14.00  26  58  5.75E+00  1.18E+00
  15.00  26  58  5.69E+00  1.19E+00
  16.00  26  58  6.34E+00  1.27E+00
  17.00  26  58  6.14E+00  1.25E+00
  18.00  26  58  5.57E+00  1.20E+00
  19.00  26  58  6.15E+00  1.27E+00
  20.00  26  58  5.55E+00  1.21E+00
  21.00  26  58  5.15E+00  1.17E+00
  22.00  26  58  5.51E+00  1.22E+00
  23.00  26  58  5.42E+00  1.21E+00
  24.00  26  58  5.68E+00  1.24E+00
  25.00  26  58  5.21E+00  1.19E+00
  26.00  26  58  5.56E+00  1.23E+00
  27.00  26  58  4.93E+00  1.16E+00
  28.00  26  58  5.14E+00  1.19E+00
  29.00  26  58  4.34E+00  1.09E+00
  30.00  26  58  4.32E+00  1.09E+00
  31.00  26  58  4.80E+00  1.15E+00
  32.00  26  58  4.34E+00  1.09E+00
  33.00  26  58  4.21E+00  1.08E+00
  34.00  26  58  4.68E+00  1.13E+00
  35.00  26  58  4.07E+00  1.06E+00
  36.00  26  58  4.53E+00  1.12E+00
  37.00  26  58  4.02E+00  1.05E+00
  38.00  26  58  4.15E+00  1.07E+00
  39.00  26  58  4.14E+00  1.07E+00
  40.00  26  58  3.77E+00  1.02E+00
   3.00  26  57  7.10E+00  1.67E-01
   4.00  26  57  5.56E+01  1.28E+00
   5.00  26  57  1.43E+02  3.23E+00
   6.00  26  57  2.20E+02  5.02E+00
   7.00  26  57  2.58E+02  6.18E+00
   8.00  26  57  2.84E+02  7.01E+00
   9.00  26  57  2.70E+02  7.20E+00
  10.00  26  57  2.53E+02  7.25E+00
  11.00  26  57  2.34E+02  7.17E+00
  12.00  26  57  2.24E+02  7.16E+00
  13.00  26  57  2.16E+02  7.14E+00
  14.00  26  57  2.06E+02  7.08E+00
  15.00  26  57  1.99E+02  7.02E+00
  16.00  26  57  1.92E+02  6.97E+00
  17.00  26  57  1.88E+02  6.94E+00
  18.00  26  57  1.87E+02  6.96E+00
  19.00  26  57  1.83E+02  6.93E+00
  20.00  26  57  1.78E+02  6.87E+00
  21.00  26  57  1.75E+02  6.83E+00
  22.00  26  57  1.71E+02  6.77E+00
  23.00  26  57  1.67E+02  6.70E+00
  24.00  26  57  1.62E+02  6.61E+00
  25.00  26  57  1.56E+02  6.51E+00
  26.00  26  57  1.54E+02  6.46E+00
  27.00  26  57  1.51E+02  6.41E+00
  28.00  26  57  1.44E+02  6.27E+00
  29.00  26  57  1.42E+02  6.25E+00
  30.00  26  57  1.39E+02  6.18E+00
  31.00  26  57  1.35E+02  6.10E+00
  32.00  26  57  1.34E+02  6.07E+00
  33.00  26  57  1.33E+02  6.05E+00
  34.00  26  57  1.29E+02  5.97E+00
  35.00  26  57  1.27E+02  5.91E+00
  36.00  26  57  1.22E+02  5.80E+00
  37.00  26  57  1.22E+02  5.79E+00
  38.00  26  57  1.19E+02  5.74E+00
  39.00  26  57  1.19E+02  5.73E+00
  40.00  26  57  1.14E+02  5.61E+00
   3.00  26  56  9.77E-04  1.96E-03
   4.00  26  56  5.39E-03  1.26E-02
   5.00  26  56  4.37E-01  1.78E-01
   6.00  26  56  4.93E+01  2.38E+00
   7.00  26  56  1.63E+02  4.92E+00
   8.00  26  56  2.56E+02  6.65E+00
   9.00  26  56  3.54E+02  8.25E+00
  10.00  26  56  4.19E+02  9.33E+00
  11.00  26  56  4.70E+02  1.02E+01
  12.00  26  56  5.14E+02  1.09E+01
  13.00  26  56  5.42E+02  1.13E+01
  14.00  26  56  5.62E+02  1.17E+01
  15.00  26  56  5.84E+02  1.20E+01
  16.00  26  56  5.97E+02  1.23E+01
  17.00  26  56  6.03E+02  1.24E+01
  18.00  26  56  6.08E+02  1.26E+01
  19.00  26  56  6.13E+02  1.27E+01
  20.00  26  56  6.00E+02  1.26E+01
  21.00  26  56  5.77E+02  1.24E+01
  22.00  26  56  5.57E+02  1.22E+01
  23.00  26  56  5.28E+02  1.19E+01
  24.00  26  56  5.14E+02  1.18E+01
  25.00  26  56  5.00E+02  1.16E+01
  26.00  26  56  4.77E+02  1.14E+01
  27.00  26  56  4.64E+02  1.12E+01
  28.00  26  56  4.55E+02  1.12E+01
  29.00  26  56  4.42E+02  1.10E+01
  30.00  26  56  4.27E+02  1.08E+01
  31.00  26  56  4.22E+02  1.08E+01
  32.00  26  56  4.17E+02  1.07E+01
  33.00  26  56  4.11E+02  1.06E+01
  34.00  26  56  4.10E+02  1.06E+01
  35.00  26  56  4.04E+02  1.06E+01
  36.00  26  56  4.01E+02  1.05E+01
  37.00  26  56  3.98E+02  1.05E+01
  38.00  26  56  3.98E+02  1.05E+01
  39.00  26  56  3.90E+02  1.04E+01
  40.00  26  56  3.88E+02  1.03E+01
   3.00  26  55  8.90E-01  5.92E-02
   4.00  26  55  6.53E+00  4.38E-01
   5.00  26  55  1.58E+01  1.07E+00
   6.00  26  55  2.29E+01  1.62E+00
   7.00  26  55  2.53E+01  1.93E+00
   8.00  26  55  2.75E+01  2.18E+00
   9.00  26  55  2.59E+01  2.23E+00
  10.00  26  55  2.29E+01  2.18E+00
  11.00  26  55  2.08E+01  2.13E+00
  12.00  26  55  1.95E+01  2.11E+00
  13.00  26  55  1.83E+01  2.08E+00
  14.00  26  55  1.82E+01  2.10E+00
  15.00  26  55  1.82E+01  2.13E+00
  16.00  26  55  1.73E+01  2.09E+00
  17.00  26  55  1.74E+01  2.11E+00
  18.00  26  55  2.32E+01  2.45E+00
  19.00  26  55  3.91E+01  3.20E+00
  20.00  26  55  6.88E+01  4.26E+00
  21.00  26  55  1.06E+02  5.30E+00
  22.00  26  55  1.41E+02  6.15E+00
  23.00  26  55  1.79E+02  6.94E+00
  24.00  26  55  1.97E+02  7.29E+00
  25.00  26  55  2.29E+02  7.88E+00
  26.00  26  55  2.51E+02  8.27E+00
  27.00  26  55  2.68E+02  8.55E+00
  28.00  26  55  2.83E+02  8.80E+00
  29.00  26  55  2.96E+02  9.00E+00
  30.00  26  55  2.99E+02  9.05E+00
  31.00  26  55  3.01E+02  9.09E+00
  32.00  26  55  3.00E+02  9.08E+00
  33.00  26  55  2.90E+02  8.93E+00
  34.00  26  55  2.85E+02  8.85E+00
  35.00  26  55  2.74E+02  8.70E+00
  36.00  26  55  2.67E+02  8.58E+00
  37.00  26  55  2.57E+02  8.42E+00
  38.00  26  55  2.46E+02  8.23E+00
  39.00  26  55  2.35E+02  8.04E+00
  40.00  26  55  2.25E+02  7.87E+00
   5.00  26  54  3.83E-02  5.28E-02
   6.00  26  54  1.61E+00  4.29E-01
   7.00  26  54  7.26E+00  1.04E+00
   8.00  26  54  1.19E+01  1.43E+00
   9.00  26  54  1.90E+01  1.91E+00
  10.00  26  54  2.49E+01  2.27E+00
  11.00  26  54  2.81E+01  2.48E+00
  12.00  26  54  3.05E+01  2.64E+00
  13.00  26  54  3.16E+01  2.73E+00
  14.00  26  54  3.17E+01  2.77E+00
  15.00  26  54  3.14E+01  2.79E+00
  16.00  26  54  3.19E+01  2.84E+00
  17.00  26  54  3.18E+01  2.85E+00
  18.00  26  54  3.10E+01  2.83E+00
  19.00  26  54  3.14E+01  2.87E+00
  20.00  26  54  3.14E+01  2.88E+00
  21.00  26  54  3.15E+01  2.90E+00
  22.00  26  54  2.88E+01  2.78E+00
  23.00  26  54  3.01E+01  2.85E+00
  24.00  26  54  2.91E+01  2.80E+00
  25.00  26  54  2.79E+01  2.75E+00
  26.00  26  54  2.77E+01  2.75E+00
  27.00  26  54  2.80E+01  2.76E+00
  28.00  26  54  2.83E+01  2.78E+00
  29.00  26  54  2.87E+01  2.80E+00
  30.00  26  54  3.20E+01  2.96E+00
  31.00  26  54  3.66E+01  3.17E+00
  32.00  26  54  4.54E+01  3.53E+00
  33.00  26  54  5.37E+01  3.84E+00
  34.00  26  54  6.33E+01  4.17E+00
  35.00  26  54  7.42E+01  4.52E+00
  36.00  26  54  8.18E+01  4.75E+00
  37.00  26  54  8.53E+01  4.85E+00
  38.00  26  54  9.28E+01  5.06E+00
  39.00  26  54  9.81E+01  5.20E+00
  40.00  26  54  1.05E+02  5.38E+00
   6.00  26  53  1.34E-02  3.92E-02  1.34E-02  3.92E-02  0.00E+00  1.76E-01  0.00E+00
   8.00  26  53  2.02E-02  5.91E-02  2.02E-02  5.91E-02  0.00E+00  1.76E-01  0.00E+00
   9.00  26  53  1.12E-02  4.65E-02  1.12E-02  4.65E-02  0.00E+00  1.76E-01  0.00E+00
  10.00  26  53  2.43E-02  7.10E-02  2.43E-02  7.10E-02  0.00E+00  1.76E-01  0.00E+00
  12.00  26  53  2.68E-02  7.83E-02  2.68E-02  7.83E-02  0.00E+00  1.76E-01  0.00E+00
  13.00  26  53  5.53E-02  1.14E-01  5.53E-02  1.14E-01  0.00E+00  1.76E-01  0.00E+00
  14.00  26  53  9.95E-02  1.56E-01  9.95E-02  1.56E-01  0.00E+00  1.76E-01  0.00E+00
  15.00  26  53  7.25E-02  1.34E-01  7.25E-02  1.34E-01  0.00E+00  1.76E-01  0.00E+00
  16.00  26  53  1.18E-01  1.73E-01  1.18E-01  1.73E-01  0.00E+00  1.76E-01  0.00E+00
  17.00  26  53  1.35E-01  1.86E-01  1.35E-01  1.86E-01  0.00E+00  1.76E-01  0.00E+00
  18.00  26  53  1.52E-01  1.98E-01  1.52E-01  1.98E-01  0.00E+00  1.76E-01  0.00E+00
  19.00  26  53  1.84E-01  2.19E-01  1.84E-01  2.19E-01  0.00E+00  1.76E-01  0.00E+00
  20.00  26  53  2.16E-01  2.39E-01  2.16E-01  2.39E-01  0.00E+00  1.76E-01  0.00E+00
  21.00  26  53  5.29E-01  3.75E-01  5.29E-01  3.75E-01  0.00E+00  1.76E-01  0.00E+00
  22.00  26  53  6.42E-01  4.15E-01  6.42E-01  4.15E-01  0.00E+00  1.76E-01  0.00E+00
  23.00  26  53  1.35E+00  6.03E-01  1.35E+00  6.03E-01  0.00E+00  1.76E-01  0.00E+00
  24.00  26  53  1.91E+00  7.18E-01  1.88E+00  7.12E-01  3.16E-02  9.24E-02  1.65E-02
  25.00  26  53  2.70E+00  8.55E-01  2.60E+00  8.40E-01  9.52E-02  1.61E-01  3.53E-02
  26.00  26  53  3.71E+00  1.00E+00  3.45E+00  9.69E-01  2.54E-01  2.63E-01  6.87E-02
  27.00  26  53  4.13E+00  1.06E+00  3.80E+00  1.02E+00  3.27E-01  2.98E-01  7.91E-02
  28.00  26  53  4.22E+00  1.07E+00  3.76E+00  1.01E+00  4.64E-01  3.56E-01  1.10E-01
  29.00  26  53  5.16E+00  1.19E+00  4.53E+00  1.11E+00  6.24E-01  4.14E-01  1.21E-01
  30.00  26  53  5.77E+00  1.26E+00  4.76E+00  1.14E+00  1.01E+00  5.26E-01  1.75E-01
  31.00  26  53  6.44E+00  1.33E+00  5.08E+00  1.18E+00  1.37E+00  6.13E-01  2.12E-01
  32.00  26  53  6.17E+00  1.30E+00  4.83E+00  1.15E+00  1.34E+00  6.08E-01  2.17E-01
  33.00  26  53  6.95E+00  1.38E+00  5.08E+00  1.18E+00  1.87E+00  7.17E-01  2.69E-01
  34.00  26  53  7.13E+00  1.40E+00  5.07E+00  1.18E+00  2.06E+00  7.53E-01  2.89E-01
  35.00  26  53  6.99E+00  1.39E+00  4.83E+00  1.15E+00  2.16E+00  7.71E-01  3.09E-01
  36.00  26  53  7.57E+00  1.44E+00  5.41E+00  1.22E+00  2.16E+00  7.71E-01  2.85E-01
  37.00  26  53  7.25E+00  1.41E+00  4.82E+00  1.15E+00  2.43E+00  8.19E-01  3.36E-01
  38.00  26  53  7.17E+00  1.41E+00  4.79E+00  1.15E+00  2.38E+00  8.11E-01  3.33E-01
  39.00  26  53  7.27E+00  1.42E+00  5.01E+00  1.18E+00  2.26E+00  7.88E-01  3.10E-01
  40.00  26  53  6.67E+00  1.36E+00  4.48E+00  1.11E+00  2.19E+00  7.77E-01  3.28E-01
  17.00  26  52  3.00E-02  8.76E-02  3.00E-02  8.76E-02  0.00E+00  7.77E-01  0.00E+00
  19.00  26  52  1.53E-02  6.34E-02  1.53E-02  6.34E-02  0.00E+00  7.77E-01  0.00E+00
  22.00  26  52  1.57E-02  6.48E-02  1.57E-02  6.48E-02  0.00E+00  7.77E-01  0.00E+00
  25.00  26  52  3.17E-02  9.28E-02  3.17E-02  9.28E-02  0.00E+00  7.77E-01  0.00E+00
  26.00  26  52  3.18E-02  9.30E-02  3.18E-02  9.30E-02  0.00E+00  7.77E-01  0.00E+00
  27.00  26  52  1.59E-02  6.59E-02  1.59E-02  6.59E-02  0.00E+00  7.77E-01  0.00E+00
  28.00  26  52  1.60E-02  6.61E-02  1.60E-02  6.61E-02  0.00E+00  7.77E-01  0.00E+00
  29.00  26  52  3.20E-02  9.37E-02  3.20E-02  9.37E-02  0.00E+00  7.77E-01  0.00E+00
  30.00  26  52  1.60E-02  6.63E-02  1.60E-02  6.63E-02  0.00E+00  7.77E-01  0.00E+00
  31.00  26  52  6.42E-02  1.33E-01  6.42E-02  1.33E-01  0.00E+00  7.77E-01  0.00E+00
  32.00  26  52  4.82E-02  1.15E-01  4.82E-02  1.15E-01  0.00E+00  7.77E-01  0.00E+00
  33.00  26  52  1.61E-02  6.65E-02  1.61E-02  6.65E-02  0.00E+00  7.77E-01  0.00E+00
  34.00  26  52  9.65E-02  1.63E-01  9.65E-02  1.63E-01  0.00E+00  7.77E-01  0.00E+00
  35.00  26  52  1.29E-01  1.88E-01  1.29E-01  1.88E-01  0.00E+00  7.77E-01  0.00E+00
  36.00  26  52  2.58E-01  2.67E-01  2.58E-01  2.67E-01  0.00E+00  7.77E-01  0.00E+00
  37.00  26  52  1.77E-01  2.21E-01  1.77E-01  2.21E-01  0.00E+00  7.77E-01  0.00E+00
  38.00  26  52  4.03E-01  3.33E-01  4.03E-01  3.33E-01  0.00E+00  7.77E-01  0.00E+00
  39.00  26  52  5.32E-01  3.83E-01  5.32E-01  3.83E-01  0.00E+00  7.77E-01  0.00E+00
  40.00  26  52  6.12E-01  4.11E-01  6.12E-01  4.11E-01  0.00E+00  7.77E-01  0.00E+00
  20.00  25  58  1.59E-02  6.48E-02  1.59E-02  6.48E-02  0.00E+00  7.77E-01  0.00E+00
  21.00  25  58  1.60E-02  6.53E-02  1.60E-02  6.53E-02  0.00E+00  7.77E-01  0.00E+00
  22.00  25  58  1.61E-02  6.57E-02  1.61E-02  6.57E-02  0.00E+00  7.77E-01  0.00E+00
  23.00  25  58  1.62E-02  6.60E-02  1.62E-02  6.60E-02  0.00E+00  7.77E-01  0.00E+00
  24.00  25  58  3.25E-02  9.37E-02  3.25E-02  9.37E-02  0.00E+00  7.77E-01  0.00E+00
  25.00  25  58  6.53E-02  1.33E-01  6.53E-02  1.33E-01  0.00E+00  7.77E-01  0.00E+00
  26.00  25  58  3.27E-02  9.44E-02  3.27E-02  9.44E-02  0.00E+00  7.77E-01  0.00E+00
  27.00  25  58  1.64E-02  6.69E-02  1.64E-02  6.69E-02  0.00E+00  7.77E-01  0.00E+00
  28.00  25  58  3.29E-02  9.49E-02  3.29E-02  9.49E-02  0.00E+00  7.77E-01  0.00E+00
  29.00  25  58  8.24E-02  1.50E-01  8.24E-02  1.50E-01  0.00E+00  7.77E-01  0.00E+00
  30.00  25  58  6.60E-02  1.35E-01  6.60E-02  1.35E-01  0.00E+00  7.77E-01  0.00E+00
  32.00  25  58  1.65E-02  6.74E-02  1.65E-02  6.74E-02  0.00E+00  7.77E-01  0.00E+00
  33.00  25  58  1.65E-02  6.75E-02  1.65E-02  6.75E-02  0.00E+00  7.77E-01  0.00E+00
  34.00  25  58  4.97E-02  1.17E-01  4.97E-02  1.17E-01  0.00E+00  7.77E-01  0.00E+00
  35.00  25  58  1.66E-02  6.76E-02  0.00E+00  1.17E-01  1.66E-02  6.76E-02  1.00E+00
  36.00  25  58  1.66E-02  6.76E-02  1.66E-02  6.76E-02  0.00E+00  6.76E-02  0.00E+00
  37.00  25  58  3.31E-02  9.56E-02  3.31E-02  9.56E-02  0.00E+00  6.76E-02  0.00E+00
  12.00  25  57  1.38E-02  5.63E-02
  14.00  25  57  1.47E-02  5.97E-02
  15.00  25  57  2.97E-02  8.59E-02
  17.00  25  57  4.61E-02  1.09E-01
  18.00  25  57  6.21E-02  1.27E-01
  19.00  25  57  1.57E-02  6.41E-02
  20.00  25  57  1.26E-01  1.83E-01
  21.00  25  57  7.96E-02  1.45E-01
  22.00  25  57  1.60E-02  6.55E-02
  23.00  25  57  4.82E-02  1.14E-01
  24.00  25  57  1.62E-01  2.09E-01
  25.00  25  57  9.73E-02  1.63E-01
  26.00  25  57  3.09E-01  2.90E-01
  27.00  25  57  1.47E-01  2.00E-01
  28.00  25  57  9.83E-02  1.64E-01
  29.00  25  57  1.97E-01  2.32E-01
  30.00  25  57  2.30E-01  2.51E-01
  31.00  25  57  2.47E-01  2.61E-01
  32.00  25  57  2.14E-01  2.43E-01
  33.00  25  57  3.63E-01  3.16E-01
  34.00  25  57  2.64E-01  2.70E-01
  35.00  25  57  3.14E-01  2.94E-01
  36.00  25  57  2.31E-01  2.52E-01
  37.00  25  57  2.48E-01  2.61E-01
  38.00  25  57  2.81E-01  2.78E-01
  39.00  25  57  3.64E-01  3.17E-01
  40.00  25  57  1.32E-01  1.91E-01
   3.00  25  56  2.92E-04  1.07E-03
   4.00  25  56  9.42E-03  1.66E-02
   5.00  25  56  6.39E-02  6.82E-02
   6.00  25  56  1.13E-01  1.14E-01
   7.00  25  56  1.45E-01  1.46E-01
   8.00  25  56  1.79E-01  1.76E-01
   9.00  25  56  1.40E-01  1.64E-01
  10.00  25  56  3.01E-01  2.50E-01
  11.00  25  56  4.08E-01  2.99E-01
  12.00  25  56  1.23E+00  5.30E-01
  13.00  25  56  4.25E+00  1.00E+00
  14.00  25  56  9.72E+00  1.54E+00
  15.00  25  56  1.67E+01  2.04E+00
  16.00  25  56  2.68E+01  2.60E+00
  17.00  25  56  3.88E+01  3.15E+00
  18.00  25  56  4.82E+01  3.54E+00
  19.00  25  56  5.91E+01  3.94E+00
  20.00  25  56  6.89E+01  4.27E+00
  21.00  25  56  7.78E+01  4.55E+00
  22.00  25  56  8.39E+01  4.74E+00
  23.00  25  56  8.37E+01  4.75E+00
  24.00  25  56  8.38E+01  4.76E+00
  25.00  25  56  8.08E+01  4.68E+00
  26.00  25  56  7.66E+01  4.56E+00
  27.00  25  56  7.11E+01  4.40E+00
  28.00  25  56  6.40E+01  4.18E+00
  29.00  25  56  5.60E+01  3.92E+00
  30.00  25  56  5.21E+01  3.78E+00
  31.00  25  56  4.61E+01  3.56E+00
  32.00  25  56  4.14E+01  3.38E+00
  33.00  25  56  3.89E+01  3.27E+00
  34.00  25  56  3.49E+01  3.10E+00
  35.00  25  56  3.37E+01  3.05E+00
  36.00  25  56  3.11E+01  2.93E+00
  37.00  25  56  2.95E+01  2.85E+00
  38.00  25  56  2.79E+01  2.77E+00
  39.00  25  56  2.76E+01  2.76E+00
  40.00  25  56  2.61E+01  2.68E+00
   3.00  25  55  1.31E-02  7.18E-03
   4.00  25  55  9.94E-02  5.40E-02
   5.00  25  55  2.83E-01  1.43E-01
   6.00  25  55  3.28E-01  1.94E-01
   7.00  25  55  6.08E-01  3.00E-01
   8.00  25  55  7.71E-01  3.65E-01
   9.00  25  55  8.20E-01  3.97E-01
  10.00  25  55  1.24E+00  5.08E-01
  11.00  25  55  9.57E-01  4.58E-01
  12.00  25  55  1.14E+00  5.10E-01
  13.00  25  55  1.64E+00  6.22E-01
  14.00  25  55  1.51E+00  6.06E-01
  15.00  25  55  2.11E+00  7.24E-01
  16.00  25  55  2.35E+00  7.70E-01
  17.00  25  55  2.58E+00  8.13E-01
  18.00  25  55  3.22E+00  9.14E-01
  19.00  25  55  3.38E+00  9.41E-01
  20.00  25  55  5.32E+00  1.19E+00
  21.00  25  55  8.79E+00  1.53E+00
  22.00  25  55  1.59E+01  2.06E+00
  23.00  25  55  2.68E+01  2.68E+00
  24.00  25  55  4.24E+01  3.38E+00
  25.00  25  55  5.32E+01  3.80E+00
  26.00  25  55  7.10E+01  4.40E+00
  27.00  25  55  9.06E+01  4.97E+00
  28.00  25  55  1.07E+02  5.40E+00
  29.00  25  55  1.23E+02  5.80E+00
  30.00  25  55  1.43E+02  6.27E+00
  31.00  25  55  1.55E+02  6.54E+00
  32.00  25  55  1.63E+02  6.69E+00
  33.00  25  55  1.73E+02  6.90E+00
  34.00  25  55  1.76E+02  6.96E+00
  35.00  25  55  1.82E+02  7.08E+00
  36.00  25  55  1.84E+02  7.13E+00
  37.00  25  55  1.80E+02  7.04E+00
  38.00  25  55  1.72E+02  6.89E+00
  39.00  25  55  1.69E+02  6.83E+00
  40.00  25  55  1.67E+02  6.79E+00
   3.00  25  54  9.98E-01  6.28E-02
   4.00  25  54  9.21E+00  5.19E-01
   5.00  25  54  2.39E+01  1.32E+00
   6.00  25  54  3.96E+01  2.13E+00
   7.00  25  54  5.52E+01  2.86E+00
   8.00  25  54  6.35E+01  3.31E+00
   9.00  25  54  7.35E+01  3.76E+00
  10.00  25  54  7.92E+01  4.05E+00
  11.00  25  54  8.20E+01  4.24E+00
  12.00  25  54  7.78E+01  4.22E+00
  13.00  25  54  6.34E+01  3.87E+00
  14.00  25  54  5.63E+01  3.70E+00
  15.00  25  54  4.52E+01  3.35E+00
  16.00  25  54  3.82E+01  3.11E+00
  17.00  25  54  3.30E+01  2.91E+00
  18.00  25  54  3.06E+01  2.82E+00
  19.00  25  54  2.64E+01  2.63E+00
  20.00  25  54  2.58E+01  2.61E+00
  21.00  25  54  2.43E+01  2.54E+00
  22.00  25  54  2.28E+01  2.47E+00
  23.00  25  54  2.09E+01  2.37E+00
  24.00  25  54  1.88E+01  2.26E+00
  25.00  25  54  1.67E+01  2.13E+00
  26.00  25  54  1.57E+01  2.06E+00
  27.00  25  54  1.46E+01  2.00E+00
  28.00  25  54  1.37E+01  1.94E+00
  29.00  25  54  1.37E+01  1.94E+00
  30.00  25  54  1.19E+01  1.81E+00
  31.00  25  54  1.26E+01  1.86E+00
  32.00  25  54  1.48E+01  2.02E+00
  33.00  25  54  1.61E+01  2.10E+00
  34.00  25  54  2.07E+01  2.39E+00
  35.00  25  54  2.71E+01  2.73E+00
  36.00  25  54  3.94E+01  3.29E+00
  37.00  25  54  5.20E+01  3.79E+00
  38.00  25  54  6.64E+01  4.28E+00
  39.00  25  54  8.15E+01  4.74E+00
  40.00  25  54  9.52E+01  5.12E+00
   6.00  25  53  1.34E-02  3.92E-02
   7.00  25  53  8.84E-03  3.62E-02
   8.00  25  53  2.06E-02  5.97E-02
   9.00  25  53  8.00E-02  1.24E-01
  10.00  25  53  5.19E-01  3.28E-01
  11.00  25  53  4.95E+00  1.04E+00
  12.00  25  53  1.63E+01  1.93E+00
  13.00  25  53  3.02E+01  2.67E+00
  14.00  25  53  4.61E+01  3.35E+00
  15.00  25  53  5.80E+01  3.80E+00
  16.00  25  53  6.43E+01  4.03E+00
  17.00  25  53  6.80E+01  4.18E+00
  18.00  25  53  7.18E+01  4.31E+00
  19.00  25  53  7.12E+01  4.32E+00
  20.00  25  53  7.55E+01  4.47E+00
  21.00  25  53  7.19E+01  4.37E+00
  22.00  25  53  7.12E+01  4.37E+00
  23.00  25  53  6.82E+01  4.28E+00
  24.00  25  53  6.58E+01  4.22E+00
  25.00  25  53  5.95E+01  4.02E+00
  26.00  25  53  5.34E+01  3.81E+00
  27.00  25  53  5.19E+01  3.76E+00
  28.00  25  53  4.82E+01  3.63E+00
  29.00  25  53  4.19E+01  3.39E+00
  30.00  25  53  4.00E+01  3.31E+00
  31.00  25  53  3.85E+01  3.25E+00
  32.00  25  53  3.41E+01  3.06E+00
  33.00  25  53  3.22E+01  2.98E+00
  34.00  25  53  3.12E+01  2.93E+00
  35.00  25  53  2.87E+01  2.81E+00
  36.00  25  53  2.76E+01  2.76E+00
  37.00  25  53  2.79E+01  2.77E+00
  38.00  25  53  2.54E+01  2.65E+00
  39.00  25  53  2.48E+01  2.62E+00
  40.00  25  53  2.31E+01  2.52E+00
   3.00  25  52  6.20E-02  1.56E-02  2.29E-02  9.51E-03  3.91E-02  1.24E-02  6.30E-01
   4.00  25  52  6.20E-01  1.35E-01  2.54E-01  8.63E-02  3.66E-01  1.03E-01  5.90E-01
   5.00  25  52  1.71E+00  3.53E-01  7.00E-01  2.26E-01  1.01E+00  2.71E-01  5.90E-01
   6.00  25  52  3.18E+00  6.04E-01  1.41E+00  4.01E-01  1.77E+00  4.51E-01  5.58E-01
   7.00  25  52  4.79E+00  8.41E-01  2.32E+00  5.86E-01  2.46E+00  6.03E-01  5.14E-01
   8.00  25  52  5.82E+00  1.00E+00  2.89E+00  7.06E-01  2.94E+00  7.12E-01  5.04E-01
   9.00  25  52  5.79E+00  1.05E+00  3.07E+00  7.69E-01  2.71E+00  7.22E-01  4.69E-01
  10.00  25  52  6.65E+00  1.17E+00  3.86E+00  8.95E-01  2.79E+00  7.61E-01  4.20E-01
  11.00  25  52  7.16E+00  1.25E+00  3.97E+00  9.33E-01  3.20E+00  8.37E-01  4.46E-01
  12.00  25  52  6.26E+00  1.20E+00  3.54E+00  9.01E-01  2.72E+00  7.90E-01  4.35E-01
  13.00  25  52  6.10E+00  1.20E+00  3.70E+00  9.35E-01  2.40E+00  7.53E-01  3.93E-01
  14.00  25  52  4.86E+00  1.09E+00  3.18E+00  8.79E-01  1.68E+00  6.40E-01  3.46E-01
  15.00  25  52  3.28E+00  9.02E-01  2.20E+00  7.39E-01  1.08E+00  5.18E-01  3.30E-01
  16.00  25  52  2.22E+00  7.48E-01  1.58E+00  6.32E-01  6.35E-01  4.01E-01  2.87E-01
  17.00  25  52  1.71E+00  6.62E-01  1.23E+00  5.61E-01  4.79E-01  3.51E-01  2.81E-01
  18.00  25  52  1.24E+00  5.68E-01  8.26E-01  4.63E-01  4.17E-01  3.29E-01  3.35E-01
  19.00  25  52  1.15E+00  5.49E-01  8.27E-01  4.66E-01  3.22E-01  2.90E-01  2.80E-01
  20.00  25  52  6.80E-01  4.24E-01  5.10E-01  3.67E-01  1.70E-01  2.12E-01  2.50E-01
  21.00  25  52  3.89E-01  3.22E-01  3.19E-01  2.91E-01  7.00E-02  1.36E-01  1.80E-01
  22.00  25  52  3.60E-01  3.11E-01  2.43E-01  2.55E-01  1.17E-01  1.77E-01  3.26E-01
  23.00  25  52  4.28E-01  3.39E-01  3.17E-01  2.92E-01  1.11E-01  1.73E-01  2.60E-01
  24.00  25  52  1.23E+00  5.77E-01  9.52E-01  5.07E-01  2.80E-01  2.75E-01  2.27E-01
  25.00  25  52  3.23E+00  9.36E-01  2.38E+00  8.04E-01  8.52E-01  4.81E-01  2.64E-01
  26.00  25  52  5.97E+00  1.27E+00  4.19E+00  1.07E+00  1.77E+00  6.95E-01  2.97E-01
  27.00  25  52  1.07E+01  1.71E+00  7.70E+00  1.45E+00  3.02E+00  9.08E-01  2.82E-01
  28.00  25  52  1.66E+01  2.13E+00  1.19E+01  1.80E+00  4.75E+00  1.14E+00  2.86E-01
  29.00  25  52  2.10E+01  2.40E+00  1.49E+01  2.02E+00  6.13E+00  1.30E+00  2.91E-01
  30.00  25  52  2.59E+01  2.67E+00  1.86E+01  2.26E+00  7.27E+00  1.41E+00  2.81E-01
  31.00  25  52  3.14E+01  2.94E+00  2.22E+01  2.47E+00  9.20E+00  1.59E+00  2.93E-01
  32.00  25  52  3.65E+01  3.17E+00  2.60E+01  2.67E+00  1.06E+01  1.70E+00  2.89E-01
  33.00  25  52  3.90E+01  3.28E+00  2.78E+01  2.77E+00  1.12E+01  1.76E+00  2.87E-01
  34.00  25  52  4.28E+01  3.43E+00  3.07E+01  2.91E+00  1.20E+01  1.82E+00  2.82E-01
  35.00  25  52  4.36E+01  3.47E+00  3.08E+01  2.92E+00  1.28E+01  1.88E+00  2.93E-01
  36.00  25  52  4.72E+01  3.61E+00  3.40E+01  3.06E+00  1.32E+01  1.91E+00  2.80E-01
  37.00  25  52  4.91E+01  3.68E+00  3.51E+01  3.11E+00  1.40E+01  1.96E+00  2.85E-01
  38.00  25  52  5.05E+01  3.73E+00  3.70E+01  3.19E+00  1.35E+01  1.93E+00  2.67E-01
  39.00  25  52  4.90E+01  3.68E+00  3.50E+01  3.11E+00  1.40E+01  1.96E+00  2.85E-01
  40.00  25  52  5.00E+01  3.71E+00  3.59E+01  3.15E+00  1.41E+01  1.97E+00  2.82E-01
  13.00  25  51  2.63E-01  2.49E-01
  14.00  25  51  7.10E-01  4.16E-01
  15.00  25  51  1.61E+00  6.32E-01
  16.00  25  51  2.08E+00  7.26E-01
  17.00  25  51  3.53E+00  9.52E-01
  18.00  25  51  3.77E+00  9.89E-01
  19.00  25  51  4.84E+00  1.13E+00
  20.00  25  51  4.88E+00  1.14E+00
  21.00  25  51  5.01E+00  1.15E+00
  22.00  25  51  6.17E+00  1.29E+00
  23.00  25  51  5.33E+00  1.20E+00
  24.00  25  51  6.08E+00  1.28E+00
  25.00  25  51  5.20E+00  1.19E+00
  26.00  25  51  4.45E+00  1.10E+00
  27.00  25  51  4.46E+00  1.10E+00
  28.00  25  51  4.19E+00  1.07E+00
  29.00  25  51  2.88E+00  8.89E-01
  30.00  25  51  3.24E+00  9.42E-01
  31.00  25  51  3.05E+00  9.16E-01
  32.00  25  51  2.80E+00  8.77E-01
  33.00  25  51  2.43E+00  8.18E-01
  34.00  25  51  2.33E+00  8.01E-01
  35.00  25  51  2.08E+00  7.57E-01
  36.00  25  51  1.92E+00  7.27E-01
  37.00  25  51  2.28E+00  7.92E-01
  38.00  25  51  2.90E+00  8.94E-01
  39.00  25  51  3.04E+00  9.15E-01
  40.00  25  51  3.79E+00  1.02E+00
  28.00  25  50  1.60E-02  6.61E-02  0.00E+00  3.15E+00  1.60E-02  6.61E-02  1.00E+00
  29.00  25  50  6.40E-02  1.32E-01  1.60E-02  6.62E-02  4.80E-02  1.15E-01  7.50E-01
  30.00  25  50  1.12E-01  1.75E-01  0.00E+00  6.62E-02  1.12E-01  1.75E-01  1.00E+00
  31.00  25  50  2.41E-01  2.57E-01  4.82E-02  1.15E-01  1.93E-01  2.30E-01  8.00E-01
  32.00  25  50  2.73E-01  2.74E-01  1.61E-02  6.65E-02  2.57E-01  2.66E-01  9.41E-01
  33.00  25  50  6.11E-01  4.10E-01  6.43E-02  1.33E-01  5.47E-01  3.88E-01  8.95E-01
  34.00  25  50  5.95E-01  4.05E-01  1.77E-01  2.21E-01  4.18E-01  3.39E-01  7.03E-01
  35.00  25  50  8.37E-01  4.80E-01  2.09E-01  2.40E-01  6.28E-01  4.16E-01  7.50E-01
  36.00  25  50  1.19E+00  5.73E-01  1.61E-01  2.11E-01  1.03E+00  5.33E-01  8.65E-01
  37.00  25  50  1.24E+00  5.85E-01  1.77E-01  2.21E-01  1.06E+00  5.41E-01  8.57E-01
  38.00  25  50  1.82E+00  7.09E-01  3.71E-01  3.20E-01  1.45E+00  6.32E-01  7.96E-01
  39.00  25  50  1.90E+00  7.24E-01  3.22E-01  2.98E-01  1.58E+00  6.60E-01  8.31E-01
  40.00  25  50  1.88E+00  7.20E-01  2.25E-01  2.49E-01  1.66E+00  6.76E-01  8.80E-01
  19.00  24  55  1.56E-02  6.38E-02
  20.00  24  55  1.59E-02  6.48E-02
  21.00  24  55  6.41E-02  1.31E-01
  22.00  24  55  1.61E-02  6.57E-02
  23.00  24  55  3.24E-02  9.33E-02
  24.00  24  55  8.09E-02  1.48E-01
  25.00  24  55  6.48E-02  1.33E-01
  26.00  24  55  6.50E-02  1.33E-01
  27.00  24  55  1.46E-01  2.00E-01
  28.00  24  55  2.27E-01  2.49E-01
  29.00  24  55  5.20E-01  3.78E-01
  30.00  24  55  8.62E-01  4.86E-01
  31.00  24  55  1.58E+00  6.59E-01
  32.00  24  55  2.37E+00  8.07E-01
  33.00  24  55  3.03E+00  9.14E-01
  34.00  24  55  4.03E+00  1.05E+00
  35.00  24  55  5.39E+00  1.22E+00
  36.00  24  55  6.55E+00  1.34E+00
  37.00  24  55  7.33E+00  1.42E+00
  38.00  24  55  7.16E+00  1.40E+00
  39.00  24  55  8.19E+00  1.50E+00
  40.00  24  55  8.28E+00  1.51E+00
  13.00  24  54  1.42E-02  5.79E-02
  14.00  24  54  4.35E-02  1.03E-01
  15.00  24  54  5.93E-02  1.21E-01
  16.00  24  54  7.54E-02  1.38E-01
  17.00  24  54  7.64E-02  1.40E-01
  18.00  24  54  7.71E-02  1.41E-01
  19.00  24  54  1.25E-01  1.81E-01
  20.00  24  54  1.42E-01  1.93E-01
  21.00  24  54  1.90E-01  2.25E-01
  22.00  24  54  1.27E-01  1.85E-01
  23.00  24  54  2.08E-01  2.37E-01
  24.00  24  54  3.54E-01  3.09E-01
  25.00  24  54  2.91E-01  2.81E-01
  26.00  24  54  4.70E-01  3.58E-01
  27.00  24  54  5.85E-01  3.99E-01
  28.00  24  54  4.72E-01  3.59E-01
  29.00  24  54  5.21E-01  3.78E-01
  30.00  24  54  7.04E-01  4.39E-01
  31.00  24  54  6.71E-01  4.29E-01
  32.00  24  54  9.01E-01  4.98E-01
  33.00  24  54  9.66E-01  5.15E-01
  34.00  24  54  1.41E+00  6.23E-01
  35.00  24  54  1.82E+00  7.08E-01
  36.00  24  54  2.46E+00  8.23E-01
  37.00  24  54  4.17E+00  1.07E+00
  38.00  24  54  5.24E+00  1.20E+00
  39.00  24  54  7.14E+00  1.40E+00
  40.00  24  54  1.02E+01  1.68E+00
   6.00  24  53  6.88E-03  2.81E-02
   8.00  24  53  1.03E-02  4.22E-02
   9.00  24  53  3.44E-02  8.13E-02
  10.00  24  53  3.71E-02  8.77E-02
  11.00  24  53  1.30E-01  1.69E-01
  12.00  24  53  5.58E-01  3.58E-01
  13.00  24  53  1.86E+00  6.62E-01
  14.00  24  53  4.71E+00  1.07E+00
  15.00  24  53  9.24E+00  1.51E+00
  16.00  24  53  1.58E+01  2.00E+00
  17.00  24  53  2.17E+01  2.36E+00
  18.00  24  53  2.88E+01  2.73E+00
  19.00  24  53  3.49E+01  3.02E+00
  20.00  24  53  4.02E+01  3.26E+00
  21.00  24  53  4.79E+01  3.57E+00
  22.00  24  53  4.96E+01  3.65E+00
  23.00  24  53  5.22E+01  3.75E+00
  24.00  24  53  5.17E+01  3.74E+00
  25.00  24  53  4.71E+01  3.58E+00
  26.00  24  53  4.54E+01  3.51E+00
  27.00  24  53  4.51E+01  3.51E+00
  28.00  24  53  3.88E+01  3.26E+00
  29.00  24  53  3.60E+01  3.14E+00
  30.00  24  53  3.24E+01  2.98E+00
  31.00  24  53  3.08E+01  2.91E+00
  32.00  24  53  2.70E+01  2.72E+00
  33.00  24  53  2.45E+01  2.60E+00
  34.00  24  53  2.14E+01  2.43E+00
  35.00  24  53  2.09E+01  2.40E+00
  36.00  24  53  1.93E+01  2.31E+00
  37.00  24  53  1.80E+01  2.23E+00
  38.00  24  53  1.80E+01  2.23E+00
  39.00  24  53  1.72E+01  2.18E+00
  40.00  24  53  1.63E+01  2.12E+00
  13.00  24  52  1.41E-02  5.77E-02
  15.00  24  52  2.92E-02  8.52E-02
  16.00  24  52  3.00E-02  8.71E-02
  17.00  24  52  4.54E-02  1.08E-01
  18.00  24  52  7.69E-02  1.41E-01
  19.00  24  52  9.28E-02  1.56E-01
  20.00  24  52  4.23E-01  3.34E-01
  21.00  24  52  1.67E+00  6.67E-01
  22.00  24  52  4.64E+00  1.11E+00
  23.00  24  52  1.13E+01  1.74E+00
  24.00  24  52  2.02E+01  2.34E+00
  25.00  24  52  2.91E+01  2.81E+00
  26.00  24  52  3.89E+01  3.25E+00
  27.00  24  52  4.16E+01  3.37E+00
  28.00  24  52  4.77E+01  3.61E+00
  29.00  24  52  5.62E+01  3.92E+00
  30.00  24  52  6.36E+01  4.18E+00
  31.00  24  52  6.81E+01  4.33E+00
  32.00  24  52  7.22E+01  4.46E+00
  33.00  24  52  7.62E+01  4.58E+00
  34.00  24  52  7.70E+01  4.60E+00
  35.00  24  52  7.78E+01  4.63E+00
  36.00  24  52  7.77E+01  4.63E+00
  37.00  24  52  7.60E+01  4.58E+00
  38.00  24  52  7.62E+01  4.58E+00
  39.00  24  52  7.82E+01  4.64E+00
  40.00  24  52  7.30E+01  4.49E+00
   8.00  24  51  1.01E-02  4.18E-02
  10.00  24  51  1.21E-02  5.02E-02
  11.00  24  51  1.54E-01  1.84E-01
  12.00  24  51  7.76E-01  4.22E-01
  13.00  24  51  1.69E+00  6.32E-01
  14.00  24  51  2.81E+00  8.27E-01
  15.00  24  51  4.02E+00  9.99E-01
  16.00  24  51  4.48E+00  1.06E+00
  17.00  24  51  4.91E+00  1.12E+00
  18.00  24  51  4.79E+00  1.11E+00
  19.00  24  51  5.45E+00  1.20E+00
  20.00  24  51  5.57E+00  1.21E+00
  21.00  24  51  5.86E+00  1.25E+00
  22.00  24  51  5.68E+00  1.23E+00
  23.00  24  51  5.85E+00  1.25E+00
  24.00  24  51  5.54E+00  1.22E+00
  25.00  24  51  6.26E+00  1.30E+00
  26.00  24  51  4.83E+00  1.15E+00
  27.00  24  51  4.81E+00  1.15E+00
  28.00  24  51  4.01E+00  1.05E+00
  29.00  24  51  3.44E+00  9.71E-01
  30.00  24  51  3.05E+00  9.14E-01
  31.00  24  51  2.83E+00  8.82E-01
  32.00  24  51  2.72E+00  8.64E-01
  33.00  24  51  2.37E+00  8.07E-01
  34.00  24  51  2.11E+00  7.62E-01
  35.00  24  51  2.49E+00  8.28E-01
  36.00  24  51  3.21E+00  9.41E-01
  37.00  24  51  4.28E+00  1.09E+00
  38.00  24  51  6.75E+00  1.36E+00
  39.00  24  51  9.20E+00  1.59E+00
  40.00  24  51  1.37E+01  1.95E+00
  21.00  24  50  1.55E-02  6.43E-02
  22.00  24  50  1.10E-01  1.71E-01
  23.00  24  50  3.62E-01  3.12E-01
  24.00  24  50  1.04E+00  5.31E-01
  25.00  24  50  1.59E+00  6.56E-01
  26.00  24  50  2.46E+00  8.19E-01
  27.00  24  50  3.63E+00  9.95E-01
  28.00  24  50  4.57E+00  1.12E+00
  29.00  24  50  5.54E+00  1.23E+00
  30.00  24  50  6.83E+00  1.37E+00
  31.00  24  50  6.92E+00  1.38E+00
  32.00  24  50  7.07E+00  1.39E+00
  33.00  24  50  7.61E+00  1.45E+00
  34.00  24  50  8.03E+00  1.49E+00
  35.00  24  50  7.91E+00  1.48E+00
  36.00  24  50  7.55E+00  1.44E+00
  37.00  24  50  7.49E+00  1.44E+00
  38.00  24  50  7.65E+00  1.45E+00
  39.00  24  50  7.57E+00  1.44E+00
  40.00  24  50  7.36E+00  1.42E+00
  32.00  24  49  1.61E-02  6.65E-02
  35.00  24  49  3.22E-02  9.42E-02
  36.00  24  49  1.61E-02  6.66E-02
  37.00  24  49  3.22E-02  9.42E-02
  38.00  24  49  6.45E-02  1.33E-01
  39.00  24  49  2.09E-01  2.40E-01
  40.00  24  49  3.70E-01  3.19E-01
  37.00  23  54  1.66E-02  6.76E-02
  38.00  23  54  3.31E-02  9.56E-02
  39.00  23  54  1.66E-02  6.76E-02
  40.00  23  54  1.66E-02  6.75E-02
  30.00  23  53  1.63E-02  6.68E-02
  31.00  23  53  1.63E-02  6.69E-02
  35.00  23  53  1.63E-02  6.71E-02
  37.00  23  53  1.64E-02  6.73E-02
  38.00  23  53  1.63E-02  6.71E-02
  39.00  23  53  1.63E-02  6.71E-02
  40.00  23  53  3.27E-02  9.49E-02
  21.00  23  52  1.58E-02  6.48E-02
  23.00  23  52  1.62E-02  6.60E-02
  24.00  23  52  1.63E-02  6.63E-02
  25.00  23  52  3.24E-02  9.38E-02
  26.00  23  52  8.14E-02  1.49E-01
  27.00  23  52  4.86E-02  1.15E-01
  28.00  23  52  8.15E-02  1.49E-01
  29.00  23  52  1.79E-01  2.22E-01
  30.00  23  52  6.83E-01  4.33E-01
  31.00  23  52  1.42E+00  6.24E-01
  32.00  23  52  2.72E+00  8.66E-01
  33.00  23  52  4.03E+00  1.05E+00
  34.00  23  52  5.85E+00  1.27E+00
  35.00  23  52  8.61E+00  1.54E+00
  36.00  23  52  1.09E+01  1.74E+00
  37.00  23  52  1.31E+01  1.90E+00
  38.00  23  52  1.69E+01  2.16E+00
  39.00  23  52  1.74E+01  2.19E+00
  40.00  23  52  2.13E+01  2.43E+00
  19.00  23  51  3.12E-02  9.05E-02
  20.00  23  51  3.16E-02  9.13E-02
  22.00  23  51  1.59E-02  6.52E-02
  23.00  23  51  1.61E-02  6.58E-02
  29.00  23  51  4.91E-02  1.16E-01
  31.00  23  51  1.64E-02  6.72E-02
  32.00  23  51  1.64E-02  6.72E-02
  33.00  23  51  6.55E-02  1.34E-01
  34.00  23  51  3.29E-02  9.52E-02
  35.00  23  51  3.29E-02  9.52E-02
  36.00  23  51  1.15E-01  1.78E-01
  37.00  23  51  4.58E-01  3.55E-01
  38.00  23  51  7.04E-01  4.40E-01
  39.00  23  51  1.31E+00  6.00E-01
  40.00  23  51  2.71E+00  8.64E-01
  16.00  23  50  4.50E-02  1.07E-01
  17.00  23  50  1.37E-01  1.87E-01
  18.00  23  50  3.85E-01  3.16E-01
  19.00  23  50  7.78E-01  4.51E-01
  20.00  23  50  1.18E+00  5.57E-01
  21.00  23  50  2.29E+00  7.81E-01
  22.00  23  50  3.18E+00  9.22E-01
  23.00  23  50  3.89E+00  1.02E+00
  24.00  23  50  5.31E+00  1.20E+00
  25.00  23  50  6.77E+00  1.36E+00
  26.00  23  50  8.08E+00  1.48E+00
  27.00  23  50  9.06E+00  1.57E+00
  28.00  23  50  9.49E+00  1.61E+00
  29.00  23  50  1.02E+01  1.68E+00
  30.00  23  50  9.83E+00  1.64E+00
  31.00  23  50  9.70E+00  1.63E+00
  32.00  23  50  9.30E+00  1.60E+00
  33.00  23  50  9.87E+00  1.65E+00
  34.00  23  50  8.78E+00  1.55E+00
  35.00  23  50  7.96E+00  1.48E+00
  36.00  23  50  7.62E+00  1.45E+00
  37.00  23  50  6.93E+00  1.38E+00
  38.00  23  50  6.52E+00  1.34E+00
  39.00  23  50  6.02E+00  1.29E+00
  40.00  23  50  5.26E+00  1.20E+00
  25.00  23  49  1.61E-02  6.61E-02
  27.00  23  49  8.09E-02  1.49E-01
  28.00  23  49  1.46E-01  2.00E-01
  29.00  23  49  4.55E-01  3.53E-01
  30.00  23  49  8.46E-01  4.82E-01
  31.00  23  49  1.86E+00  7.15E-01
  32.00  23  49  2.48E+00  8.26E-01
  33.00  23  49  3.82E+00  1.02E+00
  34.00  23  49  5.06E+00  1.18E+00
  35.00  23  49  6.42E+00  1.33E+00
  36.00  23  49  7.60E+00  1.45E+00
  37.00  23  49  9.13E+00  1.59E+00
  38.00  23  49  9.02E+00  1.58E+00
  39.00  23  49  1.08E+01  1.73E+00
  40.00  23  49  1.11E+01  1.75E+00
  17.00  23  48  1.50E-02  6.20E-02
  18.00  23  48  3.03E-02  8.86E-02
  19.00  23  48  6.13E-02  1.27E-01
  20.00  23  48  1.39E-01  1.92E-01
  21.00  23  48  3.26E-01  2.95E-01
  22.00  23  48  5.01E-01  3.66E-01
  23.00  23  48  5.82E-01  3.96E-01
  24.00  23  48  7.58E-01  4.52E-01
  25.00  23  48  8.25E-01  4.73E-01
  26.00  23  48  1.34E+00  6.03E-01
  27.00  23  48  1.27E+00  5.90E-01
  28.00  23  48  1.50E+00  6.41E-01
  29.00  23  48  1.42E+00  6.25E-01
  30.00  23  48  1.72E+00  6.86E-01
  31.00  23  48  1.40E+00  6.20E-01
  32.00  23  48  1.30E+00  5.98E-01
  33.00  23  48  1.33E+00  6.06E-01
  34.00  23  48  1.09E+00  5.49E-01
  35.00  23  48  1.08E+00  5.45E-01
  36.00  23  48  8.05E-01  4.71E-01
  37.00  23  48  5.96E-01  4.05E-01
  38.00  23  48  7.25E-01  4.47E-01
  39.00  23  48  5.80E-01  4.00E-01
  40.00  23  48  5.16E-01  3.77E-01
  30.00  23  47  1.60E-02  6.63E-02
  31.00  23  47  8.03E-02  1.49E-01
  32.00  23  47  3.21E-02  9.40E-02
  33.00  23  47  1.61E-01  2.10E-01
  34.00  23  47  3.38E-01  3.05E-01
  35.00  23  47  2.74E-01  2.75E-01
  36.00  23  47  5.48E-01  3.88E-01
  37.00  23  47  7.89E-01  4.66E-01
  38.00  23  47  9.18E-01  5.03E-01
  39.00  23  47  6.93E-01  4.37E-01
  40.00  23  47  1.27E+00  5.92E-01
  38.00  22  51  1.66E-02  6.76E-02
  28.00  22  50  1.62E-02  6.66E-02
  36.00  22  50  1.63E-02  6.71E-02
  39.00  22  50  1.63E-02  6.71E-02
  30.00  22  49  1.63E-02  6.68E-02
  31.00  22  49  1.14E-01  1.77E-01
  32.00  22  49  3.10E-01  2.92E-01
  33.00  22  49  4.40E-01  3.48E-01
  34.00  22  49  6.37E-01  4.19E-01
  35.00  22  49  1.18E+00  5.69E-01
  36.00  22  49  1.57E+00  6.57E-01
  37.00  22  49  1.93E+00  7.29E-01
  38.00  22  49  2.52E+00  8.33E-01
  39.00  22  49  3.51E+00  9.84E-01
  40.00  22  49  4.33E+00  1.09E+00
  37.00  22  48  4.90E-02  1.16E-01
  38.00  22  48  3.27E-02  9.49E-02
  39.00  22  48  8.17E-02  1.50E-01
  40.00  22  48  2.45E-01  2.60E-01
  29.00  22  47  1.60E-02  6.62E-02
  30.00  22  47  1.12E-01  1.75E-01
  31.00  22  47  1.45E-01  1.99E-01
  32.00  22  47  2.25E-01  2.49E-01
  33.00  22  47  2.25E-01  2.49E-01
  34.00  22  47  3.54E-01  3.12E-01
  35.00  22  47  4.51E-01  3.53E-01
  36.00  22  47  6.44E-01  4.21E-01
  37.00  22  47  7.57E-01  4.57E-01
  38.00  22  47  8.38E-01  4.81E-01
  39.00  22  47  9.66E-01  5.16E-01
  40.00  22  47  9.02E-01  4.98E-01
  39.00  22  46  1.61E-02  6.66E-02
  40.00  22  46  1.61E-02  6.66E-02
  36.00  21  46  1.63E-02  6.71E-02  1.63E-02  6.71E-02  0.00E+00  6.76E-01  0.00E+00
  37.00  21  46  1.63E-02  6.71E-02  0.00E+00  6.71E-02  1.63E-02  6.71E-02  1.00E+00
  39.00  21  46  4.90E-02  1.16E-01  4.90E-02  1.16E-01  0.00E+00  6.71E-02  0.00E+00
  40.00  21  46  8.17E-02  1.50E-01  8.17E-02  1.50E-01  0.00E+00  6.71E-02  0.00E+00
  35.00  21  44  1.61E-02  6.66E-02  0.00E+00  1.50E-01  1.61E-02  6.66E-02  1.00E+00
  37.00  21  44  1.61E-02  6.66E-02  0.00E+00  1.50E-01  1.61E-02  6.66E-02  1.00E+00
  39.00  21  44  1.61E-02  6.66E-02  0.00E+00  1.50E-01  1.61E-02  6.66E-02  1.00E+00
  40.00  21  44  1.61E-02  6.66E-02  0.00E+00  1.50E-01  1.61E-02  6.66E-02  1.00E+00

 Ebeam =    1.000 sum yields =    0.000
 Ebeam =    2.000 sum yields =    0.000
 Ebeam =    3.000 sum yields =   24.367
 Ebeam =    4.000 sum yields =  179.401
 Ebeam =    5.000 sum yields =  440.328
 Ebeam =    6.000 sum yields =  687.358
 Ebeam =    7.000 sum yields =  882.964
 Ebeam =    8.000 sum yields = 1029.829
 Ebeam =    9.000 sum yields = 1143.151
 Ebeam =   10.000 sum yields = 1232.142
 Ebeam =   11.000 sum yields = 1300.946
 Ebeam =   12.000 sum yields = 1357.893
 Ebeam =   13.000 sum yields = 1401.742
 Ebeam =   14.000 sum yields = 1440.207
 Ebeam =   15.000 sum yields = 1469.765
 Ebeam =   16.000 sum yields = 1496.664
 Ebeam =   17.000 sum yields = 1517.684
 Ebeam =   18.000 sum yields = 1535.233
 Ebeam =   19.000 sum yields = 1552.004
 Ebeam =   20.000 sum yields = 1564.564
 Ebeam =   21.000 sum yields = 1576.052
 Ebeam =   22.000 sum yields = 1585.443
 Ebeam =   23.000 sum yields = 1592.964
 Ebeam =   24.000 sum yields = 1600.515
 Ebeam =   25.000 sum yields = 1606.103
 Ebeam =   26.000 sum yields = 1610.448
 Ebeam =   27.000 sum yields = 1615.502
 Ebeam =   28.000 sum yields = 1618.784
 Ebeam =   29.000 sum yields = 1621.541
 Ebeam =   30.000 sum yields = 1623.454
 Ebeam =   31.000 sum yields = 1626.579
 Ebeam =   32.000 sum yields = 1627.798
 Ebeam =   33.000 sum yields = 1628.553
 Ebeam =   34.000 sum yields = 1630.649
 Ebeam =   35.000 sum yields = 1631.041
 Ebeam =   36.000 sum yields = 1630.849
 Ebeam =   37.000 sum yields = 1630.659
 Ebeam =   38.000 sum yields = 1631.915
 Ebeam =   39.000 sum yields = 1631.411
 Ebeam =   40.000 sum yields = 1630.549
