#             0.000000e+00 1.172980e+00 2.048680e+00 2.301840e+00 2.336520e+00 2.890630e+00 3.058760e+00 3.157960e+00 3.176700e+00 3.257620e+00 3.262000e+00 3.269970e+00 3.277690e+00 3.369980e+00 3.378000e+00 3.462000e+00 3.486000e+00 3.518230e+00 3.522540e+00 3.524400e+00 3.756500e+00 3.849400e+00 3.859600e+00 3.967000e+00 3.972900e+00 4.000500e+00 4.011000e+00 4.018880e+00 4.035000e+00 4.055300e+00 4.062400e+00 4.146000e+00 4.151400e+00 4.154200e+00 4.161260e+00 4.179000e+00 4.201000e+00 4.208800e+00 4.230000e+00 4.317200e+00 4.393000e+00 4.394000e+00
 1.000000e+00 4.413788e-11 1.357566e-10 3.137721e-11 1.063100e-10 7.674064e-11 2.518656e-11 8.173801e-11 8.202739e-11 5.775924e-11 7.902574e-11 7.889300e-11 6.060780e-11 5.543231e-11 5.828586e-11 7.243890e-11 5.612402e-11 8.505831e-11 7.101885e-11 7.088477e-11 1.989488e-11 6.662570e-11 4.682686e-11 4.657948e-11 5.690131e-11 5.671507e-11 3.859948e-11 6.720178e-11 1.203585e-11 5.475681e-11 3.733470e-11 5.389427e-11 3.525545e-11 4.918046e-11 3.506847e-11 2.232946e-11 6.133005e-11 5.182987e-11 3.674427e-11 1.363789e-11 4.595405e-11 2.971840e-11 5.604127e-06
 3.500000e+00 2.516157e-02 8.874654e-02 2.066386e-02 7.673086e-02 6.830215e-02 1.845654e-02 7.025312e-02 6.699630e-02 5.807223e-02 6.585054e-02 6.580016e-02 4.845837e-02 5.686535e-02 4.765797e-02 6.621377e-02 4.691914e-02 6.563298e-02 6.284971e-02 6.280003e-02 1.671704e-02 6.239301e-02 4.378124e-02 4.369793e-02 5.766362e-02 5.759517e-02 4.845010e-02 5.986914e-02 2.208308e-02 5.687401e-02 4.782767e-02 5.655540e-02 4.680148e-02 5.654260e-02 4.670893e-02 3.320489e-02 5.799790e-02 5.697076e-02 4.678384e-02 1.470023e-02 5.357630e-02 4.402734e-02 1.667784e+01
 6.000000e+00 3.380707e-02 1.366264e-01 2.895312e-02 1.234896e-01 1.558637e-01 2.666541e-02 1.372327e-01 1.125381e-01 1.412596e-01 1.112020e-01 1.111430e-01 7.418485e-02 1.394395e-01 7.329862e-02 1.319448e-01 7.247587e-02 1.090199e-01 1.076487e-01 1.075893e-01 2.480330e-02 1.246503e-01 6.893892e-02 6.884429e-02 1.013429e-01 1.012585e-01 1.260371e-01 1.015864e-01 1.025975e-01 1.003689e-01 1.249977e-01 9.997527e-02 1.232716e-01 1.185722e-01 1.231152e-01 1.157414e-01 9.914885e-02 1.167634e-01 1.222323e-01 2.259829e-02 9.628441e-02 1.185408e-01 1.622820e+02
 8.500000e+00 8.469947e-03 3.762823e-02 7.268731e-03 3.433809e-02 5.509735e-02 6.749762e-03 4.312103e-02 3.175655e-02 5.107116e-02 3.145187e-02 3.143846e-02 1.955058e-02 5.057958e-02 1.935849e-02 4.180865e-02 1.918133e-02 3.100793e-02 3.065113e-02 3.063784e-02 6.351887e-03 4.000248e-02 1.843105e-02 1.841119e-02 2.925805e-02 2.923960e-02 4.701227e-02 2.935119e-02 5.531914e-02 2.904528e-02 4.673807e-02 2.895941e-02 4.628296e-02 3.857365e-02 4.624173e-02 5.188046e-02 2.881584e-02 3.813713e-02 4.631280e-02 5.901614e-03 2.815704e-02 4.503513e-02 2.083569e+02
 1.100000e+01 1.642777e-03 7.827656e-03 1.424695e-03 7.208392e-03 1.341218e-02 1.333441e-03 9.762951e-03 6.726848e-03 1.256148e-02 6.670048e-03 6.667548e-03 3.959274e-03 1.245749e-02 3.925182e-03 9.503108e-03 3.893743e-03 6.571716e-03 6.520800e-03 6.518323e-03 1.263696e-03 9.089167e-03 3.760659e-03 3.757140e-03 6.261510e-03 6.258083e-03 1.170303e-02 6.265776e-03 1.701204e-02 6.221991e-03 1.164516e-02 6.206051e-03 1.154919e-02 8.862879e-03 1.154051e-02 1.424547e-02 6.167185e-03 8.724976e-03 1.154310e-02 1.185041e-03 6.057424e-03 1.128675e-02 2.133076e+02
 1.350000e+01 3.201169e-04 1.595289e-03 2.785604e-04 1.474823e-03 3.026546e-03 2.621423e-04 2.096646e-03 1.385124e-03 2.853705e-03 1.374744e-03 1.374288e-03 7.913277e-04 2.832900e-03 7.853185e-04 2.047067e-03 7.797962e-04 1.356873e-03 1.347637e-03 1.347189e-03 2.499667e-04 1.970386e-03 7.566051e-04 7.559955e-04 1.301028e-03 1.300415e-03 2.683432e-03 1.301808e-03 4.473865e-03 1.293967e-03 2.672046e-03 1.291122e-03 2.653180e-03 1.926909e-03 2.651473e-03 3.496304e-03 1.284204e-03 1.902061e-03 2.661342e-03 2.365134e-04 1.264654e-03 2.601661e-03 2.205273e+02
 1.600000e+01 6.609923e-05 3.410413e-04 5.782048e-05 3.158875e-04 6.947930e-04 5.452158e-05 4.636529e-04 2.972506e-04 6.563172e-04 2.951129e-04 2.950191e-04 1.663157e-04 6.517345e-04 1.651080e-04 4.530911e-04 1.640008e-04 2.917161e-04 2.895562e-04 2.894647e-04 5.210119e-05 4.374760e-04 1.593834e-04 1.592628e-04 2.801036e-04 2.799803e-04 6.192248e-04 2.805367e-04 1.136836e-03 2.786842e-04 6.167811e-04 2.781132e-04 6.127427e-04 4.279177e-04 6.123780e-04 8.450270e-04 2.770039e-04 4.232638e-04 6.152949e-04 4.947606e-05 2.728292e-04 6.017842e-04 2.251350e+02
 1.850000e+01 1.446427e-05 7.697640e-05 1.281406e-05 7.175291e-05 1.663443e-04 1.213942e-05 1.081118e-04 6.779853e-05 1.576058e-04 6.734009e-05 6.731995e-05 3.736349e-05 1.565549e-04 3.710936e-05 1.057803e-04 3.687593e-05 6.663006e-05 6.614418e-05 6.612444e-05 1.163618e-05 1.022779e-04 3.589794e-05 3.587230e-05 6.409728e-05 6.407049e-05 1.490526e-04 6.420673e-05 2.930503e-04 6.378877e-05 1.484860e-04 6.366459e-05 1.475493e-04 1.001703e-04 1.474647e-04 2.100603e-04 6.343706e-05 9.909945e-05 1.480699e-04 1.108367e-05 6.251385e-05 1.450054e-04 2.241540e+02
 2.100000e+01 3.363454e-06 1.832405e-05 3.014053e-06 1.720178e-05 4.152487e-05 2.872515e-06 2.650188e-05 1.635267e-05 3.955318e-05 1.625386e-05 1.624952e-05 8.911073e-06 3.931501e-05 8.857121e-06 2.598892e-05 8.807500e-06 1.609750e-05 1.599550e-05 1.599123e-05 2.766436e-06 2.518652e-05 8.598829e-06 8.593340e-06 1.555077e-05 1.554493e-05 3.760339e-05 1.557158e-05 7.798494e-05 1.548342e-05 3.747318e-05 1.545628e-05 3.725755e-05 2.474380e-05 3.723805e-05 5.437533e-05 1.540345e-05 2.447783e-05 3.735690e-05 2.648797e-06 1.520404e-05 3.666964e-05 2.172603e+02
 2.350000e+01 8.126570e-07 4.498926e-06 7.333404e-07 4.241776e-06 1.055344e-05 7.018318e-07 6.640954e-06 4.050181e-06 1.009199e-05 4.028039e-06 4.027067e-06 2.189368e-06 1.003667e-05 2.177436e-06 6.524293e-06 2.166474e-06 3.992898e-06 3.970274e-06 3.969320e-06 6.784483e-07 6.342141e-06 2.120490e-06 2.119283e-06 3.871213e-06 3.869913e-06 9.641084e-06 3.875777e-06 2.089000e-05 3.856243e-06 9.611105e-06 3.850213e-06 9.561483e-06 6.242908e-06 9.556997e-06 1.426200e-05 3.838440e-06 6.182027e-06 9.593936e-06 6.526897e-07 3.794215e-06 9.426329e-06 2.194638e+02
 2.600000e+01 2.075990e-07 1.163218e-06 1.882712e-07 1.099636e-06 2.800397e-06 1.806358e-07 1.741214e-06 1.052588e-06 2.683389e-06 1.047177e-06 1.046939e-06 5.655735e-07 2.669439e-06 5.626904e-07 1.712319e-06 5.600459e-07 1.038693e-06 1.033090e-06 1.032858e-06 1.750059e-07 1.668221e-06 5.489784e-07 5.486886e-07 1.009037e-06 1.008723e-06 2.570290e-06 1.010293e-06 5.772094e-06 1.005415e-06 2.562820e-06 1.003957e-06 2.550471e-06 1.643140e-06 2.549356e-06 3.870984e-06 1.001282e-06 1.629014e-06 2.560510e-06 1.688505e-07 9.904438e-07 2.516928e-06 2.126171e+02
 2.850000e+01 5.611134e-08 3.174684e-07 5.113743e-08 3.008826e-07 7.803061e-07 4.916584e-08 4.806427e-07 2.885884e-07 7.489140e-07 2.871739e-07 2.871118e-07 1.543555e-07 7.451724e-07 1.536081e-07 4.730089e-07 1.529222e-07 2.849669e-07 2.834920e-07 2.834314e-07 4.771110e-08 4.614882e-07 1.500538e-07 1.499787e-07 2.772081e-07 2.771260e-07 7.185985e-07 2.775587e-07 1.660724e-06 2.762626e-07 7.165996e-07 2.758822e-07 7.132961e-07 4.547463e-07 7.129977e-07 1.096820e-06 2.752107e-07 4.511488e-07 7.159553e-07 4.612160e-08 2.723574e-07 7.043307e-07 2.045976e+02
 3.100000e+01 1.584020e-08 9.030800e-08 1.450589e-08 8.581761e-08 2.257121e-07 1.397596e-08 1.380742e-07 8.248429e-08 2.170244e-07 8.210034e-08 8.208349e-08 4.397126e-08 2.159879e-07 4.376947e-08 1.359855e-07 4.358425e-08 8.150893e-08 8.110044e-08 8.108395e-08 1.358420e-08 1.328558e-07 4.280914e-08 4.278884e-08 7.939269e-08 7.937036e-08 2.086209e-07 7.949702e-08 4.935659e-07 7.913550e-08 2.080661e-07 7.903198e-08 2.071491e-07 1.309824e-07 2.070663e-07 3.218358e-07 7.885856e-08 1.300194e-07 2.078614e-07 1.315537e-08 7.807265e-08 2.046605e-07 1.960395e+02
 3.350000e+01 4.655967e-09 2.670135e-08 4.282014e-09 2.543584e-08 6.763763e-08 4.133684e-09 4.116121e-08 2.449706e-08 6.515066e-08 2.438891e-08 2.438416e-08 1.302751e-08 6.485398e-08 1.297091e-08 4.056928e-08 1.291896e-08 2.422558e-08 2.410723e-08 2.410259e-08 4.023985e-09 3.968975e-08 1.270150e-08 1.269580e-08 2.362603e-08 2.361973e-08 6.274503e-08 2.365891e-08 1.513567e-07 2.355353e-08 6.258619e-08 2.352435e-08 6.232360e-08 3.915101e-08 6.229988e-08 9.765385e-08 2.347901e-08 3.888484e-08 6.252553e-08 3.903820e-09 2.325388e-08 6.161059e-08 1.865908e+02
 3.600000e+01 1.420329e-09 8.182700e-09 1.310875e-09 7.810744e-09 2.094703e-08 1.267527e-09 1.269662e-08 7.535181e-09 2.020735e-08 7.503482e-09 7.502090e-09 3.999953e-09 2.011926e-08 3.983425e-09 1.252228e-08 3.968255e-09 7.456325e-09 7.420942e-09 7.419582e-09 1.235525e-09 1.226490e-08 3.904773e-09 3.903110e-09 7.279999e-09 7.278155e-09 1.949354e-08 7.290420e-09 4.777025e-08 7.258772e-09 1.944644e-08 7.250229e-09 1.936859e-08 1.210490e-08 1.936156e-08 3.055699e-08 7.237768e-09 1.202798e-08 1.942755e-08 1.200494e-09 7.171046e-09 1.915725e-08 1.775168e+02
 3.850000e+01 4.530971e-10 2.619602e-09 4.194103e-10 2.504784e-09 6.760747e-09 4.061024e-10 4.085866e-09 2.419898e-09 6.530419e-09 2.410133e-09 2.409704e-09 1.282838e-09 6.502994e-09 1.277761e-09 4.031950e-09 1.273102e-09 2.395724e-09 2.384713e-09 2.384294e-09 3.962784e-10 3.952614e-09 1.253611e-09 1.253101e-09 2.341331e-09 2.340764e-09 6.308369e-09 2.344676e-09 1.565461e-08 2.334801e-09 6.293731e-09 2.332173e-09 6.269542e-09 3.903009e-09 6.267357e-09 9.944448e-09 2.328484e-09 3.879422e-09 6.287140e-09 3.855352e-10 2.307819e-09 6.203896e-09 1.686890e+02
 4.100000e+01 1.478762e-10 8.573366e-10 1.372314e-10 8.209625e-10 2.226606e-09 1.330238e-10 1.342691e-09 7.940649e-10 2.152991e-09 7.909756e-10 7.908400e-10 4.205366e-10 2.144241e-09 4.189338e-10 1.325584e-09 4.174629e-10 7.864382e-10 7.829352e-10 7.828027e-10 1.299236e-10 1.300454e-09 4.113114e-10 4.111503e-10 7.692183e-10 7.690390e-10 2.082178e-09 7.703002e-10 5.219480e-09 7.671539e-10 2.077513e-09 7.663231e-10 2.069805e-09 1.284697e-09 2.069109e-09 3.296789e-09 7.651834e-10 1.277242e-09 2.075096e-09 1.265351e-10 7.586263e-10 2.048891e-09 1.609020e+02
