###################################################################################################
#                                                                                    3.6.0-Cordelia
#
#                                                      .oooooo.             ooooo   ooooo        
#     Clair de Lune                                   d8P    Y8b             888     888         
#     =============                                  888           .ooooo.   888     888         
#                                                    888          d88   88b  888ooooo888         
# Votre ame est un paysage choisi                    888          888   888  888     888  dP^Y8b 
# Que vont charmant masques et bergamasques           88b    ooo  888   888  888     888      8P 
# Jouant du luth et dansant et quasi                   Y8bood8P    Y8bod8P' o888o   o888o   <8B  
# Tristes sous leurs deguisements fantasques.                                           8b    8b 
#                                                                                        Y8oo8P  
#
# Tout en chantant sur le mode mineur            Au calme clair de lune triste et beau,
# L'amour vainqueur et la vie opportune          Qui fait rever les oiseaux dans les arbres
# Ils n'ont pas l'air de croire a leur bonheur   Et sangloter d'extase les jets d'eau,
# Et leur chanson se mele au clair de lune,      Les grands jets d'eau sveltes parmi les marbres.
# 
#                                                                                   Paul Verlaine
#
######################################################################################## Moonage 11
###################################################################################################
#                                                                                    3.6.0-Cordelia
#          
#......................................................................../  029-065Cu //   1.000000
#                                                                                 SYSTEM PARAMETERS
#            AtomicNum    MassNum
#    Target         29         65
#  Incident          1          2
#            Ecms[MeV]  Elab[MeV] ReduceMass WaveNumber
     Energy 9.6991e-01 1.0000e+00 1.9535e+00 3.0109e-01
#......................................................................../  029-065Cu //   1.000000
#                                                                             ROTATIONAL STATE DATA
#             Energy       Spin   WaveNum Eout[MeV]   Coulomb   Sig0   
      Level   0.00000      -1.5   0.30109   0.96991   6.48155   6.40474
#......................................................................../  029-065Cu //   1.000000
#                                                                            DEFORMATION PARAMETERS
#              Lambda     Beta
#......................................................................../  029-065Cu //   1.000000
#                                                                           OPTICAL MODEL POTENTIAL
# OMP  0      V         Vs        Wv        Ws        Vso       Wso       Coul
      r[fm]   1.15007   0.00000   1.32980   1.37180   0.97200   0.00000      1.30
      a[fm]   0.76966   0.00000   0.45293   0.78028   1.01100   0.00000
 Depth[MeV]  96.23911   0.00000   1.16433  10.80032   7.11400   0.00000
#......................................................................../  029-065Cu //   1.000000
#                                                                      TOTAL REACTION CROSS SECTION
  Sigma[mb] 1.3510e-05
#......................................................................../  029-065Cu //   1.000000
#                                                                     DISCRETE DIRECT CROSS SECTION
#              Ex[MeV]     Spin    Eout[MeV]  Sigma[mb]
  Direct  0    0.00000     -1.5   9.6991e-01 2.0380e-14
#......................................................................../  029-065Cu //   1.000000
#                                                                                      TARGET STATE
#           Excitation  Spin
  029-065Cu 0.0000e+00  1.5-
#......................................................................../  029-065Cu //   1.000000
#                                                                             COMPOUND NUCLEUS DATA
#              Z     A  MassExess    Ex(max) Separation     N-cont    N-level
  030-067Zn              -67.8801    14.7224                   257         31
      gamma  030-067Zn     0.0000                0.0000
    neutron  030-066Zn     8.0714                7.0524
     proton  029-066Cu     7.2890                8.9110
      alpha  028-063Ni     2.4249                4.7927
   deuteron  029-065Cu    13.1358               13.7524
  030-066Zn              -68.8991     7.6699                    70         55
      gamma  030-066Zn     0.0000                0.0000
      alpha  028-062Ni     2.4249                4.5781
  029-066Cu              -66.2581     5.8113                    82         32
      gamma  029-066Cu     0.0000                0.0000
  028-063Ni              -65.5123     9.9297                   145         23
      gamma  028-063Ni     0.0000                0.0000
    neutron  028-062Ni     8.0714                6.8379
      alpha  026-059Fe     2.4249                7.2731
  029-065Cu              -67.2635     0.9699                     0         62
      gamma  029-065Cu     0.0000                0.0000
  028-062Ni              -66.7459     3.0918                     0         47
      gamma  028-062Ni     0.0000                0.0000
  026-059Fe              -60.6642     2.6566                     2         27
      gamma  026-059Fe     0.0000                0.0000
#......................................................................../  029-065Cu //   1.000000
#                                                                          LEVEL DENSITY PARAMETERS
#                 a       Pairing     T          E0         Em         Sigma2     Eshell
  030-067Zn     8.7918     1.5049     1.2127    -2.5794    10.3525     5.9395  -0.097200
  030-066Zn     8.6556     2.5250     1.1155    -0.3107     9.3992     5.0364  -0.222200
  029-066Cu     8.6556     0.0000     1.0766    -2.2222     5.9154     4.2812  -0.720900
  028-063Ni     8.2479     1.5421     1.2712    -1.4515     9.1042     4.8533  -1.875100
  026-059Fe     7.7065     1.5837     1.3802    -2.2119    10.4891     4.2269  -1.376600
#......................................................................../  029-065Cu //   1.000000
#                                                                       GIANT DIPOLE RESONANCE DATA
#          Energy[MeV] Width[MeV] Sigma0[mb]            Profile
         E1    16.7481     4.1724  55.881931                 GL
         E1    18.8504     6.2678  63.561653                 GL
         M1    10.0947     4.0000   0.649206                 SL
         E2    15.5113     5.3060   1.507207                 SL
         M2    10.0947     4.0000   0.000519                 SL
         E3    15.5113     5.3060   0.001206                 SL
         M1     2.4621     1.5000   0.441667                 SL
#......................................................................../  029-065Cu //   1.000000
#                                                                       SUM OF PRECOMPOUND EMISSION
#            030-067Zn      gamma    neutron     proton      alpha   deuteron
 SpcSum[mb]            0.0000e+00 1.1817e-05 5.5159e-07 1.1278e-06 0.0000e+00
 Emean[MeV]            0.0000e+00 2.2792e+00 3.6065e+00 6.8241e+00 0.0000e+00
#          
#           TotalPreEq   Compound   Fraction
  Sigma[mb] 1.3496e-05 1.3510e-05 9.9900e-01
#......................................................................../  029-065Cu //   1.000000
#                                                                          SUM SPECTRA FOR COMPOUND
#            030-067Zn      gamma    neutron     proton      alpha   deuteron
 SpcSum[mb]            1.0903e-11 1.2953e-08 3.8308e-10 1.7128e-10 2.5745e-19
 Emean[MeV]            3.9218e+00 1.8901e+00 4.3502e+00 8.8920e+00 9.5000e-01
#......................................................................../  029-065Cu //   1.000000
#                                                                   GAMMAS FROM DISCRETE TRANSITION
#           0 0 0 0 0 0             030-067Zn
#   Ex[MeV]     Jpi    FinalState  Branching Production    Egamma Production   T(1/2)[s]
 30  1.8754    2.5-                          2.9479e-14                       1.3000e-13
                       12  1.3636     0.0000               0.5118 0.0000e+00
                        5  0.8148     0.7874               1.0607 2.3207e-14
                        3  0.3935     0.2126               1.4819 6.2661e-15
                        1  0.0933     0.0000               1.7821 0.0000e+00
 29  1.8428    1.5-                          2.7800e-14                       1.7000e-13
                       11  1.1428     0.0985               0.7000 2.7362e-15
                        7  0.8877     0.0518               0.9551 1.4402e-15
                        3  0.3935     0.2901               1.4493 8.0638e-15
                        2  0.1846     0.5181               1.6582 1.4401e-14
                        1  0.0933     0.0415               1.7495 1.1521e-15
 28  1.8079    4.5+                          1.5739e-14                       7.0000e-13
                        8  0.9798     0.1219               0.8280 1.9175e-15
                        5  0.8148     0.1117               0.9931 1.7576e-15
                        4  0.6045     0.5075               1.2034 7.9868e-15
                        0  0.0000     0.2589               1.8079 4.0735e-15
 27  1.8020    0.5+                          2.0965e-14
                        1  0.0933     0.1250               1.7087 2.6207e-15
                        2  0.1846     0.1250               1.6174 2.6207e-15
                        3  0.3935     0.1250               1.4085 2.6207e-15
                        6  0.8709     0.1250               0.9311 2.6207e-15
                        9  0.9900     0.1250               0.8120 2.6207e-15
                       11  1.1428     0.1250               0.6592 2.6207e-15
                       14  1.4461     0.1250               0.3559 2.6207e-15
                       16  1.5435     0.1250               0.2585 2.6207e-15
 26  1.8005    3.5-                          2.6433e-14                       1.2000e-13
                        7  0.8877     0.2702               0.9128 7.1402e-15
                        3  0.3935     0.1801               1.4070 4.7597e-15
                        2  0.1846     0.2391               1.6159 6.3187e-15
                        0  0.0000     0.3106               1.8005 8.2081e-15
 25  1.7832    2.5+                          3.6922e-14                       2.9000e-13
                        8  0.9798     0.0129               0.8033 4.7793e-16
                        3  0.3935     0.0084               1.3896 3.1063e-16
                        2  0.1846     0.0039               1.5986 1.4339e-16
                        1  0.0933     0.9653               1.6898 3.5633e-14
                        0  0.0000     0.0095               1.7832 3.4888e-16
 24  1.7802    2.5+                          3.7061e-14
                        7  0.8877     0.1479               0.8925 5.4804e-15
                        5  0.8148     0.5102               0.9655 1.8906e-14
                        2  0.1846     0.3419               1.5957 1.2666e-14
 23  1.7327    5.5+                          1.0255e-14                       4.8000e-13
                        4  0.6045     1.0000               1.1282 1.0253e-14
 22  1.6868    2.5-                          3.6764e-14                       2.4000e-13
                        3  0.3935     0.3802               1.2933 1.3975e-14
                        2  0.1846     0.2586               1.5022 9.5055e-15
                        0  0.0000     0.3612               1.6868 1.3276e-14
 21  1.6775    0.5+                          2.4643e-14                       1.5000e-13
                        5  0.8148     0.2354               0.8628 5.7952e-15
                        3  0.3935     0.4201               1.2840 1.0350e-14
                        2  0.1846     0.0378               1.4930 9.3144e-16
                        1  0.0933     0.3067               1.5842 7.5549e-15
 20  1.6567    3.5-                          3.1640e-14                       4.2000e-13
                        7  0.8877     0.3279               0.7690 1.0370e-14
                        3  0.3935     0.3803               1.2632 1.2030e-14
                        2  0.1846     0.0885               1.4721 2.8001e-15
                        0  0.0000     0.2033               1.6567 6.4307e-15
 19  1.6430    4.5+                          1.9488e-14
                        5  0.8148     0.5000               0.8282 9.7439e-15
                       15  1.5171     0.5000               0.1259 9.7439e-15
 18  1.6401    6.5+                          5.6860e-15                       8.3000e-13
                        4  0.6045     1.0000               1.0356 5.6845e-15
 17  1.6037    3.5+                          3.6948e-14                       4.2000e-13
                        8  0.9798     0.1526               0.6238 5.6345e-15
                        4  0.6045     0.8474               0.9992 3.1302e-14
 16  1.5435    1.5-                          4.2169e-14                       1.9000e-13
                        3  0.3935     0.0435               1.1500 1.8331e-15
                        2  0.1846     0.3152               1.3589 1.3289e-14
                        1  0.0933     0.0978               1.4502 4.1246e-15
                        0  0.0000     0.5435               1.5435 2.2914e-14
 15  1.5171    4.5-                          3.4802e-14                       2.1000e-13
                        5  0.8148     0.0826               0.7024 2.8728e-15
                        0  0.0000     0.9174               1.5171 3.1920e-14
 14  1.4461    1.5-                          4.7110e-14                       5.0000e-13
                        7  0.8877     0.0902               0.5584 4.2432e-15
                        3  0.3935     0.0315               1.0526 1.4850e-15
                        2  0.1846     0.2387               1.2615 1.1243e-14
                        1  0.0933     0.4504               1.3528 2.1215e-14
                        0  0.0000     0.1892               1.4461 8.9116e-15
 13  1.4070    0.5+                          3.5716e-14
                        1  0.0933     0.1667               1.3137 5.9527e-15
                        2  0.1846     0.1667               1.2224 5.9527e-15
                        3  0.3935     0.1667               1.0135 5.9527e-15
                        6  0.8709     0.1667               0.5361 5.9527e-15
                        9  0.9900     0.1667               0.4170 5.9527e-15
                       11  1.1428     0.1667               0.2642 5.9527e-15
 12  1.3636    2.5-                          5.4633e-14                       1.8000e-13
                        7  0.8877     0.0778               0.4759 4.2461e-15
                        3  0.3935     0.3533               0.9701 1.9298e-14
                        2  0.1846     0.2579               1.1790 1.4088e-14
                        1  0.0933     0.0424               1.2703 2.3162e-15
                        0  0.0000     0.2685               1.3636 1.4668e-14
 11  1.1428    0.5-                          4.8533e-14                       4.2000e-13
                        3  0.3935     0.4496               0.7493 2.1808e-14
                        2  0.1846     0.4587               0.9582 2.2255e-14
                        0  0.0000     0.0917               1.1428 4.4508e-15
 10  1.0600    4.5+                          4.6057e-14
                        5  0.8148     1.0000               0.2452 4.6057e-14
  9  0.9900    0.5-                          5.3227e-14
                        1  0.0933     1.0000               0.8967 5.3227e-14
  8  0.9798    2.5+                          1.2422e-13                       1.5000e-12
                        4  0.6045     0.0395               0.3754 4.8355e-15
                        3  0.3935     0.6490               0.5863 8.0586e-14
                        0  0.0000     0.3115               0.9798 3.8690e-14
  7  0.8877    2.5-                          1.3248e-13                       1.6000e-12
                        3  0.3935     0.2501               0.4942 3.3095e-14
                        2  0.1846     0.0490               0.7031 6.4901e-15
                        1  0.0933     0.2108               0.7944 2.7912e-14
                        0  0.0000     0.4901               0.8877 6.4905e-14
  6  0.8709    1.5-                          9.8426e-14
                        0  0.0000     1.0000               0.8709 9.8389e-14
  5  0.8148    3.5-                          2.0947e-13                       2.0000e-12
                        3  0.3935     0.0070               0.4212 1.4596e-15
                        2  0.1846     0.0509               0.6302 1.0651e-14
                        0  0.0000     0.9421               0.8148 1.9725e-13
  4  0.6045    4.5+                          1.5722e-13                       3.3300e-07
                        0  0.0000     1.0000               0.6045 1.5686e-13
  3  0.3935    1.5-                          3.8236e-13                       2.4000e-12
                        2  0.1846     0.0991               0.2090 3.7546e-14
                        1  0.0933     0.7041               0.3002 2.6818e-13
                        0  0.0000     0.1968               0.3935 7.5104e-14
  2  0.1846    1.5-                          3.7149e-13                       1.0400e-09
                        1  0.0933     0.1335               0.0913 4.5793e-14
                        0  0.0000     0.8665               0.1846 3.1590e-13
  1  0.0933    0.5-                          6.0423e-13                       9.0700e-06
                        0  0.0000     1.0000               0.0933 3.2260e-13
  0  0.0000    2.5-                          1.9559e-12
#......................................................................../  029-065Cu //   1.000000
#                                                                          SUM SPECTRA FOR COMPOUND
#            030-066Zn      gamma      alpha
 SpcSum[mb]            3.5365e-05 1.4669e-14
 Emean[MeV]            1.8091e+00 2.9177e+00
#......................................................................../  029-065Cu //   1.000000
#                                                                   GAMMAS FROM DISCRETE TRANSITION
#           1 0 0 0 0 0             030-066Zn
#   Ex[MeV]     Jpi    FinalState  Branching Production    Egamma Production   T(1/2)[s]
 54  4.1860    3.0-                          3.6724e-08
                        1  1.0392     0.0476               3.1468 1.7488e-09
                        2  1.8728     0.0476               2.3132 1.7488e-09
                        4  2.4510     0.0476               1.7350 1.7488e-09
                        7  2.7656     0.0476               1.4204 1.7488e-09
                        8  2.7802     0.0476               1.4058 1.7488e-09
                       10  2.9381     0.0476               1.2479 1.7488e-09
                       12  3.0777     0.0476               1.1083 1.7488e-09
                       14  3.2126     0.0476               0.9734 1.7488e-09
                       18  3.3314     0.0476               0.8546 1.7488e-09
                       22  3.5072     0.0476               0.6788 1.7488e-09
                       23  3.5236     0.0476               0.6624 1.7488e-09
                       25  3.5764     0.0476               0.6096 1.7488e-09
                       26  3.6707     0.0476               0.5153 1.7488e-09
                       30  3.7316     0.0476               0.4544 1.7488e-09
                       32  3.7382     0.0476               0.4478 1.7488e-09
                       34  3.7530     0.0476               0.4330 1.7488e-09
                       40  3.8824     0.0476               0.3036 1.7488e-09
                       42  3.9247     0.0476               0.2613 1.7488e-09
                       44  3.9690     0.0476               0.2170 1.7488e-09
                       45  4.0050     0.0476               0.1810 1.7488e-09
                       47  4.0192     0.0476               0.1668 1.7488e-09
 53  4.1827    6.0+                          3.8185e-09                       1.5000e-13
                        4  2.4510     1.0000               1.7317 3.8174e-09
 52  4.1190    1.0-                          4.6605e-08
                        1  1.0392     1.0000               3.0798 4.6545e-08
 51  4.1085    3.0-                          4.3015e-08
                        1  1.0392     0.0476               3.0693 2.0483e-09
                        2  1.8728     0.0476               2.2357 2.0483e-09
                        4  2.4510     0.0476               1.6575 2.0483e-09
                        7  2.7656     0.0476               1.3429 2.0483e-09
                        8  2.7802     0.0476               1.3283 2.0483e-09
                       10  2.9381     0.0476               1.1704 2.0483e-09
                       12  3.0777     0.0476               1.0308 2.0483e-09
                       14  3.2126     0.0476               0.8959 2.0483e-09
                       18  3.3314     0.0476               0.7771 2.0483e-09
                       22  3.5072     0.0476               0.6013 2.0483e-09
                       23  3.5236     0.0476               0.5849 2.0483e-09
                       25  3.5764     0.0476               0.5321 2.0483e-09
                       26  3.6707     0.0476               0.4378 2.0483e-09
                       30  3.7316     0.0476               0.3769 2.0483e-09
                       32  3.7382     0.0476               0.3703 2.0483e-09
                       34  3.7530     0.0476               0.3555 2.0483e-09
                       40  3.8824     0.0476               0.2261 2.0483e-09
                       42  3.9247     0.0476               0.1838 2.0483e-09
                       44  3.9690     0.0476               0.1395 2.0483e-09
                       45  4.0050     0.0476               0.1035 2.0483e-09
                       47  4.0192     0.0476               0.0893 2.0483e-09
 50  4.0860    1.0+                          5.0729e-08
                       31  3.7382     0.0011               0.3478 5.4181e-11
                       24  3.5317     0.0027               0.5543 1.3542e-10
                       21  3.4324     0.0008               0.6536 3.8698e-11
                       20  3.4274     0.0045               0.6586 2.2830e-10
                       19  3.3809     0.0023               0.7050 1.1608e-10
                       16  3.2289     0.0092               0.8571 4.6433e-10
                       14  3.2126     0.0102               0.8734 5.1875e-10
                       13  3.1050     0.0290               0.9809 1.4702e-09
                       10  2.9381     0.0469               1.1479 2.3797e-09
                        8  2.7802     0.0024               1.3058 1.1995e-10
                        3  2.3724     0.0146               1.7136 7.4299e-10
                        2  1.8728     0.0786               2.2132 3.9855e-09
                        1  1.0392     0.0341               3.0468 1.7295e-09
                        0  0.0000     0.7637               4.0860 3.8697e-08
 49  4.0810    2.0-                          5.4186e-08
                        1  1.0392     0.0556               3.0418 3.0103e-09
                        2  1.8728     0.0556               2.2082 3.0103e-09
                        8  2.7802     0.0556               1.3008 3.0103e-09
                       10  2.9381     0.0556               1.1429 3.0103e-09
                       14  3.2126     0.0556               0.8684 3.0103e-09
                       16  3.2289     0.0556               0.8521 3.0103e-09
                       18  3.3314     0.0556               0.7496 3.0103e-09
                       22  3.5072     0.0556               0.5738 3.0103e-09
                       23  3.5236     0.0556               0.5574 3.0103e-09
                       26  3.6707     0.0556               0.4103 3.0103e-09
                       27  3.6890     0.0556               0.3920 3.0103e-09
                       29  3.7253     0.0556               0.3557 3.0103e-09
                       30  3.7316     0.0556               0.3494 3.0103e-09
                       31  3.7382     0.0556               0.3428 3.0103e-09
                       36  3.7911     0.0556               0.2899 3.0103e-09
                       40  3.8824     0.0556               0.1986 3.0103e-09
                       42  3.9247     0.0556               0.1563 3.0103e-09
                       47  4.0192     0.0556               0.0618 3.0103e-09
 48  4.0757    6.0-                          5.0397e-09                       2.9800e-11
                       33  3.7470     1.0000               0.3287 5.0247e-09
 47  4.0192    2.0+                          6.8690e-08
                        8  2.7802     1.0000               1.2390 6.8678e-08
 46  4.0117    2.0-                          6.1973e-08
                        1  1.0392     0.0588               2.9725 3.6455e-09
                        2  1.8728     0.0588               2.1389 3.6455e-09
                        8  2.7802     0.0588               1.2315 3.6455e-09
                       10  2.9381     0.0588               1.0736 3.6455e-09
                       14  3.2126     0.0588               0.7991 3.6455e-09
                       16  3.2289     0.0588               0.7828 3.6455e-09
                       18  3.3314     0.0588               0.6803 3.6455e-09
                       22  3.5072     0.0588               0.5045 3.6455e-09
                       23  3.5236     0.0588               0.4881 3.6455e-09
                       26  3.6707     0.0588               0.3410 3.6455e-09
                       27  3.6890     0.0588               0.3227 3.6455e-09
                       29  3.7253     0.0588               0.2864 3.6455e-09
                       30  3.7316     0.0588               0.2801 3.6455e-09
                       31  3.7382     0.0588               0.2735 3.6455e-09
                       36  3.7911     0.0588               0.2206 3.6455e-09
                       40  3.8824     0.0588               0.1293 3.6455e-09
                       42  3.9247     0.0588               0.0870 3.6455e-09
 45  4.0050    4.0+                          3.3015e-08
                        5  2.7036     0.1250               1.3014 4.1269e-09
                        9  2.8267     0.1250               1.1783 4.1269e-09
                       17  3.2412     0.1250               0.7638 4.1269e-09
                       28  3.7094     0.1250               0.2956 4.1269e-09
                       33  3.7470     0.1250               0.2580 4.1269e-09
                       37  3.8064     0.1250               0.1986 4.1269e-09
                       39  3.8740     0.1250               0.1310 4.1269e-09
                       41  3.8983     0.1250               0.1067 4.1269e-09
 44  3.9690    4.0+                          3.5254e-08
                        5  2.7036     0.1250               1.2654 4.4067e-09
                        9  2.8267     0.1250               1.1423 4.4067e-09
                       17  3.2412     0.1250               0.7278 4.4067e-09
                       28  3.7094     0.1250               0.2596 4.4067e-09
                       33  3.7470     0.1250               0.2220 4.4067e-09
                       37  3.8064     0.1250               0.1626 4.4067e-09
                       39  3.8740     0.1250               0.0950 4.4067e-09
                       41  3.8983     0.1250               0.0707 4.4067e-09
 43  3.9460    1.0-                          6.6153e-08
                        0  0.0000     0.0455               3.9460 3.0070e-09
                        1  1.0392     0.0455               2.9068 3.0070e-09
                        2  1.8728     0.0455               2.0732 3.0070e-09
                        3  2.3724     0.0455               1.5736 3.0070e-09
                        8  2.7802     0.0455               1.1658 3.0070e-09
                       10  2.9381     0.0455               1.0079 3.0070e-09
                       11  3.0300     0.0455               0.9160 3.0070e-09
                       13  3.1050     0.0455               0.8410 3.0070e-09
                       14  3.2126     0.0455               0.7334 3.0070e-09
                       16  3.2289     0.0455               0.7171 3.0070e-09
                       18  3.3314     0.0455               0.6146 3.0070e-09
                       22  3.5072     0.0455               0.4388 3.0070e-09
                       23  3.5236     0.0455               0.4224 3.0070e-09
                       24  3.5317     0.0455               0.4143 3.0070e-09
                       26  3.6707     0.0455               0.2753 3.0070e-09
                       27  3.6890     0.0455               0.2570 3.0070e-09
                       29  3.7253     0.0455               0.2207 3.0070e-09
                       31  3.7382     0.0455               0.2078 3.0070e-09
                       36  3.7911     0.0455               0.1549 3.0070e-09
                       38  3.8250     0.0455               0.1210 3.0070e-09
                       40  3.8824     0.0455               0.0636 3.0070e-09
                       42  3.9247     0.0455               0.0213 3.0070e-09
 42  3.9247    2.0+                          8.7487e-08
                        3  2.3724     0.7518               1.5524 6.5759e-08
                        1  1.0392     0.2482               2.8855 2.1699e-08
 41  3.8983    5.0-                          2.7665e-08
                        9  2.8267     1.0000               1.0716 2.7658e-08
 40  3.8824    2.0+                          9.3608e-08
                        3  2.3724     0.0000               1.5101 0.0000e+00
                        2  1.8728     0.6493               2.0097 6.0758e-08
                        1  1.0392     0.3507               2.8432 3.2805e-08
 39  3.8740    4.0-                          4.6663e-08
                        4  2.4510     0.1429               1.4230 6.6662e-09
                        7  2.7656     0.1429               1.1084 6.6662e-09
                       12  3.0777     0.1429               0.7963 6.6662e-09
                       25  3.5764     0.1429               0.2976 6.6662e-09
                       30  3.7316     0.1429               0.1424 6.6662e-09
                       32  3.7382     0.1429               0.1358 6.6662e-09
                       34  3.7530     0.1429               0.1210 6.6662e-09
 38  3.8250    0.0+                          3.0514e-08
                        1  1.0392     1.0000               2.7858 3.0492e-08
 37  3.8064    3.0-                          8.6988e-08
                        1  1.0392     0.0625               2.7672 5.4367e-09
                        2  1.8728     0.0625               1.9336 5.4367e-09
                        4  2.4510     0.0625               1.3554 5.4367e-09
                        7  2.7656     0.0625               1.0408 5.4367e-09
                        8  2.7802     0.0625               1.0262 5.4367e-09
                       10  2.9381     0.0625               0.8683 5.4367e-09
                       12  3.0777     0.0625               0.7287 5.4367e-09
                       14  3.2126     0.0625               0.5938 5.4367e-09
                       18  3.3314     0.0625               0.4750 5.4367e-09
                       22  3.5072     0.0625               0.2992 5.4367e-09
                       23  3.5236     0.0625               0.2828 5.4367e-09
                       25  3.5764     0.0625               0.2300 5.4367e-09
                       26  3.6707     0.0625               0.1357 5.4367e-09
                       30  3.7316     0.0625               0.0748 5.4367e-09
                       32  3.7382     0.0625               0.0682 5.4367e-09
                       34  3.7530     0.0625               0.0534 5.4367e-09
 36  3.7911    1.0+                          1.0190e-07
                       22  3.5072     0.0001               0.2839 1.3937e-11
                       19  3.3809     0.0025               0.4102 2.5164e-10
                       18  3.3314     0.0033               0.4597 3.3702e-10
                       16  3.2289     0.0002               0.5622 2.5254e-11
                       14  3.2126     0.0022               0.5785 2.2639e-10
                       13  3.1050     0.0095               0.6861 9.6661e-10
                       10  2.9381     0.0029               0.8530 2.9082e-10
                        8  2.7802     0.0010               1.0110 1.0361e-10
                        3  2.3724     0.0231               1.4188 2.3535e-09
                        2  1.8728     0.0749               1.9184 7.6281e-09
                        1  1.0392     0.8551               2.7519 8.7081e-08
                        0  0.0000     0.0252               3.7911 2.5612e-09
 35  3.7700    1.0-                          9.4087e-08
                        0  0.0000     0.0556               3.7700 5.2271e-09
                        1  1.0392     0.0556               2.7308 5.2271e-09
                        2  1.8728     0.0556               1.8972 5.2271e-09
                        3  2.3724     0.0556               1.3976 5.2271e-09
                        8  2.7802     0.0556               0.9898 5.2271e-09
                       10  2.9381     0.0556               0.8319 5.2271e-09
                       11  3.0300     0.0556               0.7400 5.2271e-09
                       13  3.1050     0.0556               0.6650 5.2271e-09
                       14  3.2126     0.0556               0.5574 5.2271e-09
                       16  3.2289     0.0556               0.5411 5.2271e-09
                       18  3.3314     0.0556               0.4386 5.2271e-09
                       22  3.5072     0.0556               0.2628 5.2271e-09
                       23  3.5236     0.0556               0.2464 5.2271e-09
                       24  3.5317     0.0556               0.2383 5.2271e-09
                       26  3.6707     0.0556               0.0993 5.2271e-09
                       27  3.6890     0.0556               0.0810 5.2271e-09
                       29  3.7253     0.0556               0.0447 5.2271e-09
                       31  3.7382     0.0556               0.0318 5.2271e-09
 34  3.7530    4.0+                          6.4603e-08
                        1  1.0392     1.0000               2.7138 6.4558e-08
 33  3.7470    5.0-                          4.1908e-08                       4.6000e-11
                       12  3.0777     0.1592               0.6693 6.6702e-09
                        9  2.8267     0.0372               0.9203 1.5564e-09
                        7  2.7656     0.0455               0.9815 1.9062e-09
                        4  2.4510     0.7581               1.2960 3.1766e-08
 32  3.7382    4.0+                          6.6058e-08
                        5  2.7036     0.2500               1.0346 1.6515e-08
                        9  2.8267     0.2500               0.9115 1.6515e-08
                       17  3.2412     0.2500               0.4970 1.6515e-08
                       28  3.7094     0.2500               0.0288 1.6515e-08
 31  3.7382    1.0+                          1.1753e-07                       1.4000e-14
                       10  2.9381     0.0522               0.8001 6.1350e-09
                        1  1.0392     0.2014               2.6990 2.3656e-08
                        0  0.0000     0.7464               3.7382 8.7629e-08
 30  3.7316    3.0+                          1.1381e-07
                        7  2.7656     1.0000               0.9660 1.1377e-07
 29  3.7253    1.0+                          1.2016e-07
                       21  3.4324     0.0993               0.2929 1.1903e-08
                        6  2.7628     0.9007               0.9625 1.0821e-07
 28  3.7094    5.0-                          5.6325e-08                       6.0000e-13
                        7  2.7656     1.0000               0.9438 5.6297e-08
 27  3.6890    1.0+                          1.2808e-07
                        2  1.8728     1.0000               1.8162 1.2804e-07
 26  3.6707    2.0+                          1.4256e-07
                       16  3.2289     0.5410               0.4418 7.6959e-08
                        4  2.4510     0.2106               1.2197 3.0018e-08
                        2  1.8728     0.0972               1.7980 1.3852e-08
                        1  1.0392     0.1512               2.6315 2.1543e-08
 25  3.5764    4.0+                          8.4860e-08
                        9  2.8267     0.0922               0.7497 7.8253e-09
                        8  2.7802     0.1956               0.7962 1.6591e-08
                        2  1.8728     0.3689               1.7036 3.1299e-08
                        1  1.0392     0.3432               2.5371 2.9108e-08
 24  3.5317    0.0+                          5.3666e-08
                        1  1.0392     1.0000               2.4925 5.3634e-08
 23  3.5236    2.0+                          1.7833e-07
                        7  2.7656     1.0000               0.7580 1.7822e-07
 22  3.5072    2.0+                          1.8287e-07
                        9  2.8267     0.1125               0.6806 2.0567e-08
                        2  1.8728     0.2624               1.6345 4.7974e-08
                        1  1.0392     0.6251               2.4680 1.1425e-07
 21  3.4324    1.0-                          1.9419e-07                       3.0000e-14
                       10  2.9381     0.1350               0.4943 2.6197e-08
                        3  2.3724     0.0649               1.0601 1.2605e-08
                        2  1.8728     0.0320               1.5596 6.2212e-09
                        1  1.0392     0.3460               2.3932 6.7124e-08
                        0  0.0000     0.4221               3.4324 8.1843e-08
 20  3.4274    1.0-                          1.8421e-07
                        2  1.8728     1.0000               1.5546 1.8415e-07
 19  3.3809    1.0-                          2.0150e-07                       2.0000e-14
                       10  2.9381     0.0074               0.4429 1.4816e-09
                        8  2.7802     0.0064               0.6008 1.2859e-09
                        3  2.3724     0.0277               1.0086 5.5909e-09
                        2  1.8728     0.2623               1.5082 5.2837e-08
                        1  1.0392     0.0015               2.3417 3.0742e-10
                        0  0.0000     0.6947               3.3809 1.3978e-07
 18  3.3314    2.0+                          2.3989e-07                       8.3000e-14
                        8  2.7802     0.0487               0.5513 1.1680e-08
                        2  1.8728     0.6765               1.4587 1.6225e-07
                        1  1.0392     0.1191               2.2922 2.8556e-08
                        0  0.0000     0.1557               3.3314 3.7313e-08
 17  3.2412    3.0-                          2.5068e-07
                        1  1.0392     0.1250               2.2020 3.1335e-08
                        2  1.8728     0.1250               1.3684 3.1335e-08
                        4  2.4510     0.1250               0.7902 3.1335e-08
                        7  2.7656     0.1250               0.4756 3.1335e-08
                        8  2.7802     0.1250               0.4610 3.1335e-08
                       10  2.9381     0.1250               0.3031 3.1335e-08
                       12  3.0777     0.1250               0.1635 3.1335e-08
                       14  3.2126     0.1250               0.0286 3.1335e-08
 16  3.2289    1.0+                          3.6801e-07                       1.2000e-13
                       10  2.9381     0.0066               0.2908 2.4168e-09
                        8  2.7802     0.0144               0.4487 5.2806e-09
                        3  2.3724     0.0149               0.8565 5.4886e-09
                        2  1.8728     0.0478               1.3561 1.7598e-08
                        1  1.0392     0.7141               2.1897 2.6268e-07
                        0  0.0000     0.2022               3.2289 7.4348e-08
 15  3.2262    1.0-                          2.6974e-07
                        0  0.0000     0.1111               3.2262 2.9971e-08
                        1  1.0392     0.1111               2.1870 2.9971e-08
                        2  1.8728     0.1111               1.3534 2.9971e-08
                        3  2.3724     0.1111               0.8538 2.9971e-08
                        8  2.7802     0.1111               0.4460 2.9971e-08
                       10  2.9381     0.1111               0.2881 2.9971e-08
                       11  3.0300     0.1111               0.1962 2.9971e-08
                       13  3.1050     0.1111               0.1212 2.9971e-08
                       14  3.2126     0.1111               0.0136 2.9971e-08
 14  3.2126    2.0+                          3.4938e-07                       8.3000e-14
                        1  1.0392     0.9785               2.1734 3.4171e-07
                        0  0.0000     0.0215               3.2126 7.5186e-09
 13  3.1050    0.0+                          1.3019e-07
                        2  1.8728     0.9416               1.2323 1.2256e-07
                        1  1.0392     0.0584               2.0658 7.5987e-09
                        0  0.0000     0.0000               3.1050 0.0000e+00
 12  3.0777    4.0+                          2.2683e-07                       1.0400e-12
                        7  2.7656     0.0703               0.3122 1.5847e-08
                        4  2.4510     0.6991               0.6267 1.5847e-07
                        2  1.8728     0.2306               1.2050 5.2297e-08
 11  3.0300    0.0+                          1.3852e-07
                        1  1.0392     1.0000               1.9908 1.3852e-07
 10  2.9381    2.0+                          5.3333e-07                       4.4000e-14
                        2  1.8728     0.0035               1.0653 1.8641e-09
                        1  1.0392     0.5826               1.8988 3.1063e-07
                        0  0.0000     0.4139               2.9381 2.2057e-07
  9  2.8267    3.0-                          5.4262e-07                       1.8000e-13
                        2  1.8728     0.1015               0.9539 5.5068e-08
                        1  1.0392     0.8985               1.7875 4.8729e-07
  8  2.7802    2.0+                          7.0747e-07                       2.6000e-13
                        4  2.4510     0.0730               0.3291 5.1208e-08
                        2  1.8728     0.1165               0.9074 8.2393e-08
                        1  1.0392     0.1520               1.7409 1.0751e-07
                        0  0.0000     0.6585               2.7802 4.6554e-07
  7  2.7656    4.0+                          7.0493e-07                       7.0000e-12
                        4  2.4510     0.1622               0.3145 1.1366e-07
                        2  1.8728     0.4480               0.8928 3.1568e-07
                        1  1.0392     0.3898               1.7263 2.7470e-07
  6  2.7628    2.0-                          6.4365e-07
                        0  0.0000     1.0000               2.7628 6.4336e-07
  5  2.7036    3.0-                          5.8594e-07
                        2  1.8728     0.9337               0.8308 5.4699e-07
                        1  1.0392     0.0663               1.6644 3.8839e-08
  4  2.4510    4.0+                          9.0393e-07                       3.4000e-13
                        1  1.0392     0.9804               1.4118 8.8603e-07
                        0  0.0000     0.0196               2.4510 1.7724e-08
  3  2.3724    0.0+                          3.6954e-07                       2.1000e-13
                        2  1.8728     0.0041               0.4996 1.5088e-09
                        1  1.0392     0.9959               1.3331 3.6796e-07
                        0  0.0000     0.0000               2.3724 0.0000e+00
  2  1.8728    2.0+                          3.3301e-06                       1.9000e-13
                        1  1.0392     0.9961               0.8335 3.3157e-06
                        0  0.0000     0.0039               1.8728 1.2930e-08
  1  1.0392    2.0+                          9.1306e-06                       1.6800e-12
                        0  0.0000     1.0000               1.0392 9.1281e-06
  0  0.0000    0.0+                          1.1830e-05
#......................................................................../  029-065Cu //   1.000000
#                                                                          SUM SPECTRA FOR COMPOUND
#            029-066Cu      gamma
 SpcSum[mb]            1.2179e-06
 Emean[MeV]            1.0014e+00
#......................................................................../  029-065Cu //   1.000000
#                                                                   GAMMAS FROM DISCRETE TRANSITION
#           0 1 0 0 0 0             029-066Cu
#   Ex[MeV]     Jpi    FinalState  Branching Production    Egamma Production   T(1/2)[s]
 31  1.7459    2.0-                          6.9689e-10
                        3  0.2750     0.1012               1.4709 7.0505e-11
                        1  0.1860     0.7553               1.5599 5.2618e-10
                        0  0.0000     0.1435               1.7459 9.9955e-11
 30  1.7360    4.0-                          2.4419e-10
                        8  0.7298     1.0000               1.0061 2.4416e-10
 29  1.7132    1.0+                          7.7811e-10
                       14  1.0521     0.3591               0.6611 2.7923e-10
                        8  0.7298     0.6409               0.9834 4.9855e-10
 28  1.6941    1.0+                          8.4378e-10
                       17  1.2125     1.0000               0.4816 8.4252e-10
 27  1.6780    2.0+                          9.8142e-10
                       25  1.5773     0.1268               0.1007 9.5736e-11
                       19  1.3440     0.1083               0.3340 1.0580e-10
                        8  0.7298     0.2512               0.9482 2.4649e-10
                        0  0.0000     0.5137               1.6780 5.0399e-10
 26  1.6300    2.0-                          1.1670e-09
                        0  0.0000     0.0556               1.6300 6.4836e-11
                        1  0.1860     0.0556               1.4440 6.4836e-11
                        3  0.2750     0.0556               1.3550 6.4836e-11
                        4  0.3858     0.0556               1.2442 6.4836e-11
                        5  0.4652     0.0556               1.1648 6.4836e-11
                        8  0.7298     0.0556               0.9002 6.4836e-11
                        9  0.8227     0.0556               0.8073 6.4836e-11
                       12  1.0085     0.0556               0.6215 6.4836e-11
                       13  1.0171     0.0556               0.6129 6.4836e-11
                       14  1.0521     0.0556               0.5779 6.4836e-11
                       16  1.1581     0.0556               0.4719 6.4836e-11
                       17  1.2125     0.0556               0.4175 6.4836e-11
                       19  1.3440     0.0556               0.2860 6.4836e-11
                       20  1.4322     0.0556               0.1978 6.4836e-11
                       21  1.4394     0.0556               0.1906 6.4836e-11
                       23  1.5474     0.0556               0.0826 6.4836e-11
                       24  1.5601     0.0556               0.0698 6.4836e-11
                       25  1.5773     0.0556               0.0527 6.4836e-11
 25  1.5773    2.0+                          1.6851e-09
                        8  0.7298     1.0000               0.8475 1.6845e-09
 24  1.5601    2.0+                          1.6699e-09
                       19  1.3440     0.1327               0.2161 2.1726e-10
                        2  0.2378     0.8673               1.3223 1.4481e-09
 23  1.5474    1.0+                          1.6139e-09
                        6  0.5907     0.4167               0.9566 6.7170e-10
                        4  0.3858     0.0877               1.1616 1.4154e-10
                        3  0.2750     0.4956               1.2724 7.9970e-10
 22  1.4980    3.0-                          1.4584e-09
                        1  0.1860     0.1000               1.3120 1.4584e-10
                        3  0.2750     0.1000               1.2230 1.4584e-10
                        5  0.4652     0.1000               1.0328 1.4584e-10
                        6  0.5907     0.1000               0.9073 1.4584e-10
                        8  0.7298     0.1000               0.7682 1.4584e-10
                        9  0.8227     0.1000               0.6753 1.4584e-10
                       12  1.0085     0.1000               0.4895 1.4584e-10
                       13  1.0171     0.1000               0.4809 1.4584e-10
                       16  1.1581     0.1000               0.3399 1.4584e-10
                       21  1.4394     0.1000               0.0586 1.4584e-10
 21  1.4394    3.0+                          2.0480e-09
                       13  1.0171     0.0495               0.4223 1.0120e-10
                        0  0.0000     0.9505               1.4394 1.9462e-09
 20  1.4322    1.0+                          2.4981e-09
                        7  0.6790     0.5000               0.7532 1.2490e-09
                       11  0.9160     0.5000               0.5162 1.2490e-09
 19  1.3440    1.0+                          3.7661e-09
                        5  0.4652     0.7200               0.8788 2.7106e-09
                        4  0.3858     0.2563               0.9582 9.6494e-10
                        0  0.0000     0.0237               1.3440 8.9425e-11
 18  1.2472    4.0-                          2.0487e-09
                        3  0.2750     1.0000               0.9721 2.0484e-09
 17  1.2125    1.0+                          6.2293e-09
                        3  0.2750     0.3899               0.9375 2.4280e-09
                        0  0.0000     0.6101               1.2125 3.7998e-09
 16  1.1581    3.0+                          5.2723e-09
                        9  0.8227     0.3218               0.3354 1.6889e-09
                        6  0.5907     0.2138               0.5673 1.1261e-09
                        3  0.2750     0.4644               0.8831 2.4476e-09
 15  1.1542    6.0-                          4.7939e-10                       6.0000e-07
                        6  0.5907     1.0000               0.5634 4.7801e-10
 14  1.0521    1.0+                          9.1957e-09
                        5  0.4652     0.1071               0.5869 9.8397e-10
                        2  0.2378     0.2519               0.8143 2.3156e-09
                        0  0.0000     0.6410               1.0521 5.8931e-09
 13  1.0171    3.0+                          8.2275e-09
                        9  0.8227     0.1730               0.1944 1.3819e-09
                        6  0.5907     0.1236               0.4264 1.0147e-09
                        5  0.4652     0.1074               0.5520 8.8266e-10
                        1  0.1860     0.5960               0.8312 4.9017e-09
 12  1.0085    2.0+                          1.1429e-08
                        4  0.3858     1.0000               0.6227 1.1420e-08
 11  0.9160    1.0-                          1.7976e-08
                        0  0.0000     0.1667               0.9160 2.9960e-09
                        1  0.1860     0.1667               0.7300 2.9960e-09
                        2  0.2378     0.1667               0.6782 2.9960e-09
                        4  0.3858     0.1667               0.5302 2.9960e-09
                        5  0.4652     0.1667               0.4508 2.9960e-09
                        9  0.8227     0.1667               0.0933 2.9960e-09
 10  0.8840    4.0-                          7.5207e-09
                        3  0.2750     0.3333               0.6090 2.5069e-09
                        6  0.5907     0.3333               0.2933 2.5069e-09
                        8  0.7298     0.3333               0.1542 2.5069e-09
  9  0.8227    2.0+                          2.5376e-08
                        5  0.4652     0.0734               0.3575 1.8551e-09
                        4  0.3858     0.2834               0.4369 7.1767e-09
                        1  0.1860     0.0438               0.6367 1.1099e-09
                        0  0.0000     0.5994               0.8227 1.5205e-08
  8  0.7298    3.0+                          2.3290e-08
                        3  0.2750     0.0910               0.4548 2.1150e-09
                        1  0.1860     0.9090               0.5439 2.1148e-08
  7  0.6790    2.0-                          3.9875e-08
                        0  0.0000     0.2000               0.6790 7.9749e-09
                        1  0.1860     0.2000               0.4930 7.9749e-09
                        3  0.2750     0.2000               0.4040 7.9749e-09
                        4  0.3858     0.2000               0.2932 7.9749e-09
                        5  0.4652     0.2000               0.2138 7.9749e-09
  6  0.5907    4.0+                          1.9951e-08
                        3  0.2750     1.0000               0.3157 1.9832e-08
  5  0.4652    2.0+                          6.4659e-08
                        3  0.2750     0.0371               0.1901 2.3246e-09
                        1  0.1860     0.0153               0.2792 9.7891e-10
                        0  0.0000     0.9476               0.4652 6.1169e-08
  4  0.3858    1.0+                          8.0504e-08
                        1  0.1860     0.0317               0.1998 2.4872e-09
                        0  0.0000     0.9683               0.3858 7.7716e-08
  3  0.2750    3.0+                          9.7212e-08
                        1  0.1860     0.9906               0.0891 6.4200e-08
                        0  0.0000     0.0094               0.2750 8.9884e-10
  2  0.2378    0.0+                          3.6202e-08
                        0  0.0000     1.0000               0.2378 3.5997e-08
  1  0.1860    2.0+                          2.2651e-07
                        0  0.0000     1.0000               0.1860 2.1885e-07
  0  0.0000    1.0+                          5.5198e-07                       3.0720e+02
#......................................................................../  029-065Cu //   1.000000
#                                                                          SUM SPECTRA FOR COMPOUND
#            028-063Ni      gamma    neutron      alpha
 SpcSum[mb]            2.5282e-06 1.3256e-15 0.0000e+00
 Emean[MeV]            1.3752e+00 1.3634e-01 0.0000e+00
#......................................................................../  029-065Cu //   1.000000
#                                                                   GAMMAS FROM DISCRETE TRANSITION
#           0 0 1 0 0 0             028-063Ni
#   Ex[MeV]     Jpi    FinalState  Branching Production    Egamma Production   T(1/2)[s]
 22  2.6966    0.5-                          3.7608e-10
                        2  0.1555     0.6757               2.5411 2.5397e-10
                        0  0.0000     0.3243               2.6966 1.2189e-10
 21  2.6750    2.5+                          9.2840e-10
                        1  0.0872     0.0909               2.5878 8.4400e-11
                        2  0.1555     0.0909               2.5194 8.4400e-11
                        3  0.5175     0.0909               2.1574 8.4400e-11
                        5  1.0690     0.0909               1.6060 8.4400e-11
                        8  1.3240     0.0909               1.3510 8.4400e-11
                        9  1.4517     0.0909               1.2233 8.4400e-11
                       12  1.7870     0.0909               0.8880 8.4400e-11
                       13  1.8990     0.0909               0.7760 8.4400e-11
                       14  2.1490     0.0909               0.5260 8.4400e-11
                       16  2.2617     0.0909               0.4133 8.4400e-11
                       18  2.3531     0.0909               0.3219 8.4400e-11
 20  2.5730    3.5+                          1.4123e-09
                        1  0.0872     0.1667               2.4859 2.3538e-10
                        5  1.0690     0.1667               1.5040 2.3538e-10
                        9  1.4517     0.1667               1.1213 2.3538e-10
                       12  1.7870     0.1667               0.7860 2.3538e-10
                       13  1.8990     0.1667               0.6740 2.3538e-10
                       16  2.2617     0.1667               0.3113 2.3538e-10
 19  2.5190    4.5+                          1.3969e-09
                        9  1.4517     1.0000               1.0673 1.3969e-09
 18  2.3531    1.5-                          2.6039e-09
                        1  0.0872     0.1870               2.2660 4.8671e-10
                        0  0.0000     0.8130               2.3531 2.1159e-09
 17  2.2970    2.5+                          3.9619e-09
                        1  0.0872     0.1000               2.2099 3.9619e-10
                        2  0.1555     0.1000               2.1415 3.9619e-10
                        3  0.5175     0.1000               1.7795 3.9619e-10
                        5  1.0690     0.1000               1.2280 3.9619e-10
                        8  1.3240     0.1000               0.9730 3.9619e-10
                        9  1.4517     0.1000               0.8453 3.9619e-10
                       12  1.7870     0.1000               0.5100 3.9619e-10
                       13  1.8990     0.1000               0.3980 3.9619e-10
                       14  2.1490     0.1000               0.1480 3.9619e-10
                       16  2.2617     0.1000               0.0353 3.9619e-10
 16  2.2617    2.5-                          5.2664e-09
                        2  0.1555     0.3865               2.1061 2.0347e-09
                        1  0.0872     0.6135               2.1745 3.2296e-09
 15  2.1835    6.5+                          2.4166e-09                       3.6000e-12
                        7  1.2918     1.0000               0.8917 2.4158e-09
 14  2.1490    1.5-                          5.3968e-09
                        6  1.2511     0.3333               0.8979 1.7989e-09
                       10  1.6570     0.3333               0.4920 1.7989e-09
                       11  1.6770     0.3333               0.4720 1.7989e-09
 13  1.8990    2.5-                          1.4307e-08
                        6  1.2511     0.3333               0.6479 4.7690e-09
                       10  1.6570     0.3333               0.2420 4.7690e-09
                       11  1.6770     0.3333               0.2220 4.7690e-09
 12  1.7870    2.5-                          1.8985e-08
                        6  1.2511     0.3333               0.5359 6.3283e-09
                       10  1.6570     0.3333               0.1300 6.3283e-09
                       11  1.6770     0.3333               0.1100 6.3283e-09
 11  1.6770    1.5+                          3.5265e-08
                        0  0.0000     0.1429               1.6770 5.0379e-09
                        1  0.0872     0.1429               1.5898 5.0379e-09
                        2  0.1555     0.1429               1.5214 5.0379e-09
                        3  0.5175     0.1429               1.1595 5.0379e-09
                        4  1.0011     0.1429               0.6759 5.0379e-09
                        5  1.0690     0.1429               0.6080 5.0379e-09
                        8  1.3240     0.1429               0.3530 5.0379e-09
 10  1.6570    1.5+                          3.6605e-08
                        0  0.0000     0.1429               1.6570 5.2293e-09
                        1  0.0872     0.1429               1.5698 5.2293e-09
                        2  0.1555     0.1429               1.5014 5.2293e-09
                        3  0.5175     0.1429               1.1395 5.2293e-09
                        4  1.0011     0.1429               0.6559 5.2293e-09
                        5  1.0690     0.1429               0.5880 5.2293e-09
                        8  1.3240     0.1429               0.3330 5.2293e-09
  9  1.4517    3.5-                          5.5016e-08
                        1  0.0872     1.0000               1.3645 5.5008e-08
  8  1.3240    1.5-                          4.9233e-08
                        2  0.1555     0.5988               1.1685 2.9476e-08
                        1  0.0872     0.1557               1.2369 7.6645e-09
                        0  0.0000     0.2455               1.3240 1.2085e-08
  7  1.2918    4.5+                          7.8044e-08                       3.3300e-09
                        1  0.0872     1.0000               1.2047 7.8020e-08
  6  1.2511    1.5+                          8.3753e-08
                        2  0.1555     0.2958               1.0956 2.4772e-08
                        1  0.0872     0.7042               1.1640 5.8972e-08
  5  1.0690    2.5-                          9.8658e-08
                        2  0.1555     0.1421               0.9134 1.4014e-08
                        1  0.0872     0.5681               0.9818 5.6039e-08
                        0  0.0000     0.2898               1.0690 2.8582e-08
  4  1.0011    0.5-                          4.5938e-08                       2.9000e-13
                        3  0.5175     0.4581               0.4836 2.1014e-08
                        2  0.1555     0.5084               0.8456 2.3346e-08
                        0  0.0000     0.0335               1.0011 1.5408e-09
  3  0.5175    1.5-                          1.6849e-07
                        2  0.1555     0.8743               0.3620 1.4684e-07
                        1  0.0872     0.0210               0.4304 3.5243e-09
                        0  0.0000     0.1047               0.5175 1.7621e-08
  2  0.1555    1.5-                          4.2822e-07
                        0  0.0000     1.0000               0.1555 4.2190e-07
  1  0.0872    2.5-                          5.3342e-07                       1.6700e-06
                        0  0.0000     1.0000               0.0872 2.6698e-07
  0  0.0000    0.5-                          1.1280e-06                       3.1940e+09
#......................................................................../  029-065Cu //   1.000000
#                                                                          SUM SPECTRA FOR COMPOUND
#            029-065Cu      gamma
 SpcSum[mb]            0.0000e+00
 Emean[MeV]            0.0000e+00
#......................................................................../  029-065Cu //   1.000000
#                                                                   GAMMAS FROM DISCRETE TRANSITION
#           0 0 0 1 0 0             029-065Cu
#   Ex[MeV]     Jpi    FinalState  Branching Production    Egamma Production   T(1/2)[s]
  0  0.0000    1.5-                          2.5745e-19
#......................................................................../  029-065Cu //   1.000000
#                                                                          SUM SPECTRA FOR COMPOUND
#            028-062Ni      gamma
 SpcSum[mb]            0.0000e+00
 Emean[MeV]            0.0000e+00
#......................................................................../  029-065Cu //   1.000000
#                                                                   GAMMAS FROM DISCRETE TRANSITION
#           1 0 1 0 0 0             028-062Ni
#   Ex[MeV]     Jpi    FinalState  Branching Production    Egamma Production   T(1/2)[s]
  0  0.0000    0.0+                          1.5995e-14
#......................................................................../  029-065Cu //   1.000000
#                                                                          SUM SPECTRA FOR COMPOUND
#            026-059Fe      gamma
 SpcSum[mb]            0.0000e+00
 Emean[MeV]            0.0000e+00
#......................................................................../  029-065Cu //   1.000000
#                                                                   GAMMAS FROM DISCRETE TRANSITION
#           0 0 2 0 0 0             026-059Fe
#   Ex[MeV]     Jpi    FinalState  Branching Production    Egamma Production   T(1/2)[s]
  0  0.0000    1.5-                          0.0000e+00
#......................................................................../  029-065Cu //   1.000000
#                                                                INDIVIDUAL GROUND STATE PRODUCTION
#             Residual  Prod.[mb]  Qval[MeV]   Particles
#                                              n p a d t h
 Production  030-067Zn 1.9559e-12   13.75245   0 0 0 0 0 0
 Production  030-066Zn 1.1830e-05    6.70001   1 0 0 0 0 0
 Production  029-066Cu 5.5198e-07    4.84142   0 1 0 0 0 0
 Production  028-063Ni 1.1280e-06    8.95978   0 0 1 0 0 0
 Production  029-065Cu 2.5745e-19    0.00000   0 0 0 1 0 0
 Production  028-062Ni 1.5995e-14    2.12190   1 0 1 0 0 0
                   sum 1.3510e-05
#......................................................................../  029-065Cu //   1.000000
#                                                           STABLE AND LONG-LIVED STATE PRODUCTIONS
#       Residual    Ex[MeV]     Jpi     T(1/2)[s]  Prod.[mb] Meta
    1  026-059Fe    0.00000    1.5-    3.8440e+06 0.0000e+00
    2  028-062Ni    0.00000    0.0+    ---------- 1.5995e-14
    3  028-063Ni    0.00000    0.5-    3.1940e+09 1.1280e-06
    4  029-065Cu    0.00000    1.5-    ---------- 2.5745e-19
    5  029-066Cu    0.00000    1.0+    3.0720e+02 5.5198e-07
    6  030-066Zn    0.00000    0.0+    ---------- 1.1830e-05
    7  030-067Zn    0.00000    2.5-    ---------- 1.9559e-12
#                                         g.s.sum 1.3510e-05


#......................................................................../  029-065Cu //   1.000000
#                                                                                   ISOMERIC RATIOS
#       Residual    Ex[MeV]     Jpi     T(1/2)[s] Ratio      m/(g-m)


#......................................................................../  029-065Cu //   1.000000
#                                                                               PARTICLE PRODUCTION
#             Particle  Prod.[mb] Multiplic. Emean[MeV]
 ParticlPrd      gamma 3.9112e-05 2.8951e+00 1.7559e+00
 ParticlPrd    neutron 1.1830e-05 8.7565e-01 2.2788e+00
 ParticlPrd     proton 5.5198e-07 4.0858e-02 3.6070e+00
 ParticlPrd      alpha 1.1280e-06 8.3497e-02 6.8244e+00
 ParticlPrd   deuteron 2.5745e-19 1.9057e-14 9.5000e-01


