###################################################################################################
#                                                                                    3.6.0-Cordelia
#
#                                                      .oooooo.             ooooo   ooooo        
#     Clair de Lune                                   d8P    Y8b             888     888         
#     =============                                  888           .ooooo.   888     888         
#                                                    888          d88   88b  888ooooo888         
# Votre ame est un paysage choisi                    888          888   888  888     888  dP^Y8b 
# Que vont charmant masques et bergamasques           88b    ooo  888   888  888     888      8P 
# Jouant du luth et dansant et quasi                   Y8bood8P    Y8bod8P' o888o   o888o   <8B  
# Tristes sous leurs deguisements fantasques.                                           8b    8b 
#                                                                                        Y8oo8P  
#
# Tout en chantant sur le mode mineur            Au calme clair de lune triste et beau,
# L'amour vainqueur et la vie opportune          Qui fait rever les oiseaux dans les arbres
# Ils n'ont pas l'air de croire a leur bonheur   Et sangloter d'extase les jets d'eau,
# Et leur chanson se mele au clair de lune,      Les grands jets d'eau sveltes parmi les marbres.
# 
#                                                                                   Paul Verlaine
#
######################################################################################## Moonage 11
###################################################################################################
#                                                                                    3.6.0-Cordelia
#          
#......................................................................../  029-065Cu //   3.500000
#                                                                                 SYSTEM PARAMETERS
#            AtomicNum    MassNum
#    Target         29         65
#  Incident          1          2
#            Ecms[MeV]  Elab[MeV] ReduceMass WaveNumber
     Energy 3.3947e+00 3.5000e+00 1.9535e+00 5.6328e-01
#......................................................................../  029-065Cu //   3.500000
#                                                                             ROTATIONAL STATE DATA
#             Energy       Spin   WaveNum Eout[MeV]   Coulomb   Sig0   
      Level   0.00000      -1.5   0.56328   3.39469   3.46454   1.60170
#......................................................................../  029-065Cu //   3.500000
#                                                                            DEFORMATION PARAMETERS
#              Lambda     Beta
#......................................................................../  029-065Cu //   3.500000
#                                                                           OPTICAL MODEL POTENTIAL
# OMP  0      V         Vs        Wv        Ws        Vso       Wso       Coul
      r[fm]   1.15007   0.00000   1.32980   1.37180   0.97200   0.00000      1.30
      a[fm]   0.76966   0.00000   0.45293   0.78028   1.01100   0.00000
 Depth[MeV]  95.63657   0.00000   1.31515  10.72612   7.11400   0.00000
#......................................................................../  029-065Cu //   3.500000
#                                                                      TOTAL REACTION CROSS SECTION
  Sigma[mb] 8.1224e+01
#......................................................................../  029-065Cu //   3.500000
#                                                                     DISCRETE DIRECT CROSS SECTION
#              Ex[MeV]     Spin    Eout[MeV]  Sigma[mb]
  Direct  0    0.00000     -1.5   3.3947e+00 1.6890e+00
#......................................................................../  029-065Cu //   3.500000
#                                                                                      TARGET STATE
#           Excitation  Spin
  029-065Cu 0.0000e+00  1.5-
#......................................................................../  029-065Cu //   3.500000
#                                                                             COMPOUND NUCLEUS DATA
#              Z     A  MassExess    Ex(max) Separation     N-cont    N-level
  030-067Zn              -67.8801    17.1471                   153         31
      gamma  030-067Zn     0.0000                0.0000
    neutron  030-066Zn     8.0714                7.0524
     proton  029-066Cu     7.2890                8.9110
      alpha  028-063Ni     2.4249                4.7927
   deuteron  029-065Cu    13.1358               13.7524
  030-066Zn              -68.8991    10.0947                    60         55
      gamma  030-066Zn     0.0000                0.0000
     proton  029-065Cu     7.2890                8.9246
      alpha  028-062Ni     2.4249                4.5781
  029-066Cu              -66.2581     8.2361                    65         32
      gamma  029-066Cu     0.0000                0.0000
    neutron  029-065Cu     8.0714                7.0660
      alpha  027-062Co     2.4249                7.2592
  028-063Ni              -65.5123    12.3545                    97         23
      gamma  028-063Ni     0.0000                0.0000
    neutron  028-062Ni     8.0714                6.8379
     proton  027-062Co     7.2890               11.3775
      alpha  026-059Fe     2.4249                7.2731
  029-065Cu              -67.2635     3.3947                     0         62
      gamma  029-065Cu     0.0000                0.0000
  029-065Cu              -67.2635     1.1701                     0         62
      gamma  029-065Cu     0.0000                0.0000
  028-062Ni              -66.7459     5.5166                    11         47
      gamma  028-062Ni     0.0000                0.0000
  027-062Co              -61.4238     0.9769                     0         25
      gamma  027-062Co     0.0000                0.0000
  026-059Fe              -60.6642     5.0814                    26         27
      gamma  026-059Fe     0.0000                0.0000
#......................................................................../  029-065Cu //   3.500000
#                                                                          LEVEL DENSITY PARAMETERS
#                 a       Pairing     T          E0         Em         Sigma2     Eshell
  030-067Zn     8.7918     1.5049     1.2127    -2.5794    10.3525     5.9395  -0.097200
  030-066Zn     8.6556     2.5250     1.1155    -0.3107     9.3992     5.0364  -0.222200
  029-066Cu     8.6556     0.0000     1.0766    -2.2222     5.9154     4.2812  -0.720900
  028-063Ni     8.2479     1.5421     1.2712    -1.4515     9.1042     4.8533  -1.875100
  028-062Ni     8.1124     2.5722     1.3457    -0.7264    10.7774     4.8936  -2.299500
  026-059Fe     7.7065     1.5837     1.3802    -2.2119    10.4891     4.2269  -1.376600
#......................................................................../  029-065Cu //   3.500000
#                                                                       GIANT DIPOLE RESONANCE DATA
#          Energy[MeV] Width[MeV] Sigma0[mb]            Profile
         E1    16.7481     4.1724  55.881931                 GL
         E1    18.8504     6.2678  63.561653                 GL
         M1    10.0947     4.0000   0.649206                 SL
         E2    15.5113     5.3060   1.507207                 SL
         M2    10.0947     4.0000   0.000519                 SL
         E3    15.5113     5.3060   0.001206                 SL
         M1     2.4621     1.5000   0.441667                 SL
#......................................................................../  029-065Cu //   3.500000
#                                                                       SUM OF PRECOMPOUND EMISSION
#            030-067Zn      gamma    neutron     proton      alpha   deuteron
 SpcSum[mb]            0.0000e+00 1.0604e+01 2.1344e+00 2.2831e+00 0.0000e+00
 Emean[MeV]            0.0000e+00 3.7772e+00 5.3499e+00 8.8294e+00 0.0000e+00
#          
#           TotalPreEq   Compound   Fraction
  Sigma[mb] 1.5022e+01 8.1224e+01 1.8495e-01
#......................................................................../  029-065Cu //   3.500000
#                                                                          SUM SPECTRA FOR COMPOUND
#            030-067Zn      gamma    neutron     proton      alpha   deuteron
 SpcSum[mb]            3.9527e-02 6.2782e+01 2.6019e+00 8.0850e-01 2.7544e-03
 Emean[MeV]            4.6920e+00 2.0108e+00 4.9636e+00 9.5548e+00 3.3323e+00
#......................................................................../  029-065Cu //   3.500000
#                                                                   GAMMAS FROM DISCRETE TRANSITION
#           0 0 0 0 0 0             030-067Zn
#   Ex[MeV]     Jpi    FinalState  Branching Production    Egamma Production   T(1/2)[s]
 30  1.8754    2.5-                          9.7115e-05                       1.3000e-13
                       12  1.3636     0.0000               0.5118 0.0000e+00
                        5  0.8148     0.7874               1.0607 7.6451e-05
                        3  0.3935     0.2126               1.4819 2.0643e-05
                        1  0.0933     0.0000               1.7821 0.0000e+00
 29  1.8428    1.5-                          8.7898e-05                       1.7000e-13
                       11  1.1428     0.0985               0.7000 8.6512e-06
                        7  0.8877     0.0518               0.9551 4.5537e-06
                        3  0.3935     0.2901               1.4493 2.5496e-05
                        2  0.1846     0.5181               1.6582 4.5532e-05
                        1  0.0933     0.0415               1.7495 3.6426e-06
 28  1.8079    4.5+                          6.3517e-05                       7.0000e-13
                        8  0.9798     0.1219               0.8280 7.7381e-06
                        5  0.8148     0.1117               0.9931 7.0931e-06
                        4  0.6045     0.5075               1.2034 3.2231e-05
                        0  0.0000     0.2589               1.8079 1.6439e-05
 27  1.8020    0.5+                          6.2211e-05
                        1  0.0933     0.1250               1.7087 7.7764e-06
                        2  0.1846     0.1250               1.6174 7.7764e-06
                        3  0.3935     0.1250               1.4085 7.7764e-06
                        6  0.8709     0.1250               0.9311 7.7764e-06
                        9  0.9900     0.1250               0.8120 7.7764e-06
                       11  1.1428     0.1250               0.6592 7.7764e-06
                       14  1.4461     0.1250               0.3559 7.7764e-06
                       16  1.5435     0.1250               0.2585 7.7764e-06
 26  1.8005    3.5-                          9.4208e-05                       1.2000e-13
                        7  0.8877     0.2702               0.9128 2.5447e-05
                        3  0.3935     0.1801               1.4070 1.6964e-05
                        2  0.1846     0.2391               1.6159 2.2520e-05
                        0  0.0000     0.3106               1.8005 2.9253e-05
 25  1.7832    2.5+                          1.1706e-04                       2.9000e-13
                        8  0.9798     0.0129               0.8033 1.5153e-06
                        3  0.3935     0.0084               1.3896 9.8483e-07
                        2  0.1846     0.0039               1.5986 4.5461e-07
                        1  0.0933     0.9653               1.6898 1.1297e-04
                        0  0.0000     0.0095               1.7832 1.1061e-06
 24  1.7802    2.5+                          1.1750e-04
                        7  0.8877     0.1479               0.8925 1.7375e-05
                        5  0.8148     0.5102               0.9655 5.9938e-05
                        2  0.1846     0.3419               1.5957 4.0156e-05
 23  1.7327    5.5+                          5.1162e-05                       4.8000e-13
                        4  0.6045     1.0000               1.1282 5.1151e-05
 22  1.6868    2.5-                          1.2072e-04                       2.4000e-13
                        3  0.3935     0.3802               1.2933 4.5889e-05
                        2  0.1846     0.2586               1.5022 3.1212e-05
                        0  0.0000     0.3612               1.6868 4.3593e-05
 21  1.6775    0.5+                          7.2964e-05                       1.5000e-13
                        5  0.8148     0.2354               0.8628 1.7159e-05
                        3  0.3935     0.4201               1.2840 3.0646e-05
                        2  0.1846     0.0378               1.4930 2.7579e-06
                        1  0.0933     0.3067               1.5842 2.2369e-05
 20  1.6567    3.5-                          1.1248e-04                       4.2000e-13
                        7  0.8877     0.3279               0.7690 3.6865e-05
                        3  0.3935     0.3803               1.2632 4.2767e-05
                        2  0.1846     0.0885               1.4721 9.9544e-06
                        0  0.0000     0.2033               1.6567 2.2861e-05
 19  1.6430    4.5+                          7.8261e-05
                        5  0.8148     0.5000               0.8282 3.9130e-05
                       15  1.5171     0.5000               0.1259 3.9130e-05
 18  1.6401    6.5+                          3.8273e-05                       8.3000e-13
                        4  0.6045     1.0000               1.0356 3.8263e-05
 17  1.6037    3.5+                          1.2736e-04                       4.2000e-13
                        8  0.9798     0.1526               0.6238 1.9421e-05
                        4  0.6045     0.8474               0.9992 1.0789e-04
 16  1.5435    1.5-                          1.3203e-04                       1.9000e-13
                        3  0.3935     0.0435               1.1500 5.7393e-06
                        2  0.1846     0.3152               1.3589 4.1607e-05
                        1  0.0933     0.0978               1.4502 1.2914e-05
                        0  0.0000     0.5435               1.5435 7.1742e-05
 15  1.5171    4.5-                          1.4138e-04                       2.1000e-13
                        5  0.8148     0.0826               0.7024 1.1671e-05
                        0  0.0000     0.9174               1.5171 1.2968e-04
 14  1.4461    1.5-                          1.4710e-04                       5.0000e-13
                        7  0.8877     0.0902               0.5584 1.3249e-05
                        3  0.3935     0.0315               1.0526 4.6369e-06
                        2  0.1846     0.2387               1.2615 3.5106e-05
                        1  0.0933     0.4504               1.3528 6.6242e-05
                        0  0.0000     0.1892               1.4461 2.7826e-05
 13  1.4070    0.5+                          1.0500e-04
                        1  0.0933     0.1667               1.3137 1.7500e-05
                        2  0.1846     0.1667               1.2224 1.7500e-05
                        3  0.3935     0.1667               1.0135 1.7500e-05
                        6  0.8709     0.1667               0.5361 1.7500e-05
                        9  0.9900     0.1667               0.4170 1.7500e-05
                       11  1.1428     0.1667               0.2642 1.7500e-05
 12  1.3636    2.5-                          1.7757e-04                       1.8000e-13
                        7  0.8877     0.0778               0.4759 1.3801e-05
                        3  0.3935     0.3533               0.9701 6.2724e-05
                        2  0.1846     0.2579               1.1790 4.5791e-05
                        1  0.0933     0.0424               1.2703 7.5281e-06
                        0  0.0000     0.2685               1.3636 4.7673e-05
 11  1.1428    0.5-                          1.4667e-04                       4.2000e-13
                        3  0.3935     0.4496               0.7493 6.5906e-05
                        2  0.1846     0.4587               0.9582 6.7256e-05
                        0  0.0000     0.0917               1.1428 1.3451e-05
 10  1.0600    4.5+                          1.8093e-04
                        5  0.8148     1.0000               0.2452 1.8093e-04
  9  0.9900    0.5-                          1.5943e-04
                        1  0.0933     1.0000               0.8967 1.5943e-04
  8  0.9798    2.5+                          3.8926e-04                       1.5000e-12
                        4  0.6045     0.0395               0.3754 1.5152e-05
                        3  0.3935     0.6490               0.5863 2.5252e-04
                        0  0.0000     0.3115               0.9798 1.2124e-04
  7  0.8877    2.5-                          4.2826e-04                       1.6000e-12
                        3  0.3935     0.2501               0.4942 1.0698e-04
                        2  0.1846     0.0490               0.7031 2.0980e-05
                        1  0.0933     0.2108               0.7944 9.0227e-05
                        0  0.0000     0.4901               0.8877 2.0981e-04
  6  0.8709    1.5-                          2.9948e-04
                        0  0.0000     1.0000               0.8709 2.9937e-04
  5  0.8148    3.5-                          7.4571e-04                       2.0000e-12
                        3  0.3935     0.0070               0.4212 5.1961e-06
                        2  0.1846     0.0509               0.6302 3.7918e-05
                        0  0.0000     0.9421               0.8148 7.0220e-04
  4  0.6045    4.5+                          6.2078e-04                       3.3300e-07
                        0  0.0000     1.0000               0.6045 6.1936e-04
  3  0.3935    1.5-                          1.1859e-03                       2.4000e-12
                        2  0.1846     0.0991               0.2090 1.1645e-04
                        1  0.0933     0.7041               0.3002 8.3176e-04
                        0  0.0000     0.1968               0.3935 2.3294e-04
  2  0.1846    1.5-                          1.1380e-03                       1.0400e-09
                        1  0.0933     0.1335               0.0913 1.4028e-04
                        0  0.0000     0.8665               0.1846 9.6768e-04
  1  0.0933    0.5-                          1.8435e-03                       9.0700e-06
                        0  0.0000     1.0000               0.0933 9.8425e-04
  0  0.0000    2.5-                          6.2932e-03
#......................................................................../  029-065Cu //   3.500000
#                                                                          SUM SPECTRA FOR COMPOUND
#            030-066Zn      gamma     proton      alpha
 SpcSum[mb]            2.7794e+02 4.8261e-04 2.0112e-01
 Emean[MeV]            2.0505e+00 1.0858e+00 5.0694e+00
#......................................................................../  029-065Cu //   3.500000
#                                                                   GAMMAS FROM DISCRETE TRANSITION
#           1 0 0 0 0 0             030-066Zn
#   Ex[MeV]     Jpi    FinalState  Branching Production    Egamma Production   T(1/2)[s]
 54  4.1860    3.0-                          5.4799e-01
                        1  1.0392     0.0476               3.1468 2.6095e-02
                        2  1.8728     0.0476               2.3132 2.6095e-02
                        4  2.4510     0.0476               1.7350 2.6095e-02
                        7  2.7656     0.0476               1.4204 2.6095e-02
                        8  2.7802     0.0476               1.4058 2.6095e-02
                       10  2.9381     0.0476               1.2479 2.6095e-02
                       12  3.0777     0.0476               1.1083 2.6095e-02
                       14  3.2126     0.0476               0.9734 2.6095e-02
                       18  3.3314     0.0476               0.8546 2.6095e-02
                       22  3.5072     0.0476               0.6788 2.6095e-02
                       23  3.5236     0.0476               0.6624 2.6095e-02
                       25  3.5764     0.0476               0.6096 2.6095e-02
                       26  3.6707     0.0476               0.5153 2.6095e-02
                       30  3.7316     0.0476               0.4544 2.6095e-02
                       32  3.7382     0.0476               0.4478 2.6095e-02
                       34  3.7530     0.0476               0.4330 2.6095e-02
                       40  3.8824     0.0476               0.3036 2.6095e-02
                       42  3.9247     0.0476               0.2613 2.6095e-02
                       44  3.9690     0.0476               0.2170 2.6095e-02
                       45  4.0050     0.0476               0.1810 2.6095e-02
                       47  4.0192     0.0476               0.1668 2.6095e-02
 53  4.1827    6.0+                          2.3123e-01                       1.5000e-13
                        4  2.4510     1.0000               1.7317 2.3117e-01
 52  4.1190    1.0-                          4.2500e-01
                        1  1.0392     1.0000               3.0798 4.2446e-01
 51  4.1085    3.0-                          5.9811e-01
                        1  1.0392     0.0476               3.0693 2.8482e-02
                        2  1.8728     0.0476               2.2357 2.8482e-02
                        4  2.4510     0.0476               1.6575 2.8482e-02
                        7  2.7656     0.0476               1.3429 2.8482e-02
                        8  2.7802     0.0476               1.3283 2.8482e-02
                       10  2.9381     0.0476               1.1704 2.8482e-02
                       12  3.0777     0.0476               1.0308 2.8482e-02
                       14  3.2126     0.0476               0.8959 2.8482e-02
                       18  3.3314     0.0476               0.7771 2.8482e-02
                       22  3.5072     0.0476               0.6013 2.8482e-02
                       23  3.5236     0.0476               0.5849 2.8482e-02
                       25  3.5764     0.0476               0.5321 2.8482e-02
                       26  3.6707     0.0476               0.4378 2.8482e-02
                       30  3.7316     0.0476               0.3769 2.8482e-02
                       32  3.7382     0.0476               0.3703 2.8482e-02
                       34  3.7530     0.0476               0.3555 2.8482e-02
                       40  3.8824     0.0476               0.2261 2.8482e-02
                       42  3.9247     0.0476               0.1838 2.8482e-02
                       44  3.9690     0.0476               0.1395 2.8482e-02
                       45  4.0050     0.0476               0.1035 2.8482e-02
                       47  4.0192     0.0476               0.0893 2.8482e-02
 50  4.0860    1.0+                          4.4796e-01
                       31  3.7382     0.0011               0.3478 4.7844e-04
                       24  3.5317     0.0027               0.5543 1.1959e-03
                       21  3.4324     0.0008               0.6536 3.4171e-04
                       20  3.4274     0.0045               0.6586 2.0160e-03
                       19  3.3809     0.0023               0.7050 1.0251e-03
                       16  3.2289     0.0092               0.8571 4.1002e-03
                       14  3.2126     0.0102               0.8734 4.5808e-03
                       13  3.1050     0.0290               0.9809 1.2983e-02
                       10  2.9381     0.0469               1.1479 2.1013e-02
                        8  2.7802     0.0024               1.3058 1.0592e-03
                        3  2.3724     0.0146               1.7136 6.5609e-03
                        2  1.8728     0.0786               2.2132 3.5194e-02
                        1  1.0392     0.0341               3.0468 1.5272e-02
                        0  0.0000     0.7637               4.0860 3.4171e-01
 49  4.0810    2.0-                          5.8585e-01
                        1  1.0392     0.0556               3.0418 3.2547e-02
                        2  1.8728     0.0556               2.2082 3.2547e-02
                        8  2.7802     0.0556               1.3008 3.2547e-02
                       10  2.9381     0.0556               1.1429 3.2547e-02
                       14  3.2126     0.0556               0.8684 3.2547e-02
                       16  3.2289     0.0556               0.8521 3.2547e-02
                       18  3.3314     0.0556               0.7496 3.2547e-02
                       22  3.5072     0.0556               0.5738 3.2547e-02
                       23  3.5236     0.0556               0.5574 3.2547e-02
                       26  3.6707     0.0556               0.4103 3.2547e-02
                       27  3.6890     0.0556               0.3920 3.2547e-02
                       29  3.7253     0.0556               0.3557 3.2547e-02
                       30  3.7316     0.0556               0.3494 3.2547e-02
                       31  3.7382     0.0556               0.3428 3.2547e-02
                       36  3.7911     0.0556               0.2899 3.2547e-02
                       40  3.8824     0.0556               0.1986 3.2547e-02
                       42  3.9247     0.0556               0.1563 3.2547e-02
                       47  4.0192     0.0556               0.0618 3.2547e-02
 48  4.0757    6.0-                          2.7262e-01                       2.9800e-11
                       33  3.7470     1.0000               0.3287 2.7180e-01
 47  4.0192    2.0+                          7.1758e-01
                        8  2.7802     1.0000               1.2390 7.1745e-01
 46  4.0117    2.0-                          6.3361e-01
                        1  1.0392     0.0588               2.9725 3.7271e-02
                        2  1.8728     0.0588               2.1389 3.7271e-02
                        8  2.7802     0.0588               1.2315 3.7271e-02
                       10  2.9381     0.0588               1.0736 3.7271e-02
                       14  3.2126     0.0588               0.7991 3.7271e-02
                       16  3.2289     0.0588               0.7828 3.7271e-02
                       18  3.3314     0.0588               0.6803 3.7271e-02
                       22  3.5072     0.0588               0.5045 3.7271e-02
                       23  3.5236     0.0588               0.4881 3.7271e-02
                       26  3.6707     0.0588               0.3410 3.7271e-02
                       27  3.6890     0.0588               0.3227 3.7271e-02
                       29  3.7253     0.0588               0.2864 3.7271e-02
                       30  3.7316     0.0588               0.2801 3.7271e-02
                       31  3.7382     0.0588               0.2735 3.7271e-02
                       36  3.7911     0.0588               0.2206 3.7271e-02
                       40  3.8824     0.0588               0.1293 3.7271e-02
                       42  3.9247     0.0588               0.0870 3.7271e-02
 45  4.0050    4.0+                          5.9484e-01
                        5  2.7036     0.1250               1.3014 7.4355e-02
                        9  2.8267     0.1250               1.1783 7.4355e-02
                       17  3.2412     0.1250               0.7638 7.4355e-02
                       28  3.7094     0.1250               0.2956 7.4355e-02
                       33  3.7470     0.1250               0.2580 7.4355e-02
                       37  3.8064     0.1250               0.1986 7.4355e-02
                       39  3.8740     0.1250               0.1310 7.4355e-02
                       41  3.8983     0.1250               0.1067 7.4355e-02
 44  3.9690    4.0+                          6.1716e-01
                        5  2.7036     0.1250               1.2654 7.7146e-02
                        9  2.8267     0.1250               1.1423 7.7146e-02
                       17  3.2412     0.1250               0.7278 7.7146e-02
                       28  3.7094     0.1250               0.2596 7.7146e-02
                       33  3.7470     0.1250               0.2220 7.7146e-02
                       37  3.8064     0.1250               0.1626 7.7146e-02
                       39  3.8740     0.1250               0.0950 7.7146e-02
                       41  3.8983     0.1250               0.0707 7.7146e-02
 43  3.9460    1.0-                          5.2161e-01
                        0  0.0000     0.0455               3.9460 2.3710e-02
                        1  1.0392     0.0455               2.9068 2.3710e-02
                        2  1.8728     0.0455               2.0732 2.3710e-02
                        3  2.3724     0.0455               1.5736 2.3710e-02
                        8  2.7802     0.0455               1.1658 2.3710e-02
                       10  2.9381     0.0455               1.0079 2.3710e-02
                       11  3.0300     0.0455               0.9160 2.3710e-02
                       13  3.1050     0.0455               0.8410 2.3710e-02
                       14  3.2126     0.0455               0.7334 2.3710e-02
                       16  3.2289     0.0455               0.7171 2.3710e-02
                       18  3.3314     0.0455               0.6146 2.3710e-02
                       22  3.5072     0.0455               0.4388 2.3710e-02
                       23  3.5236     0.0455               0.4224 2.3710e-02
                       24  3.5317     0.0455               0.4143 2.3710e-02
                       26  3.6707     0.0455               0.2753 2.3710e-02
                       27  3.6890     0.0455               0.2570 2.3710e-02
                       29  3.7253     0.0455               0.2207 2.3710e-02
                       31  3.7382     0.0455               0.2078 2.3710e-02
                       36  3.7911     0.0455               0.1549 2.3710e-02
                       38  3.8250     0.0455               0.1210 2.3710e-02
                       40  3.8824     0.0455               0.0636 2.3710e-02
                       42  3.9247     0.0455               0.0213 2.3710e-02
 42  3.9247    2.0+                          8.4886e-01
                        3  2.3724     0.7518               1.5524 6.3803e-01
                        1  1.0392     0.2482               2.8855 2.1053e-01
 41  3.8983    5.0-                          6.2798e-01
                        9  2.8267     1.0000               1.0716 6.2782e-01
 40  3.8824    2.0+                          8.8313e-01
                        3  2.3724     0.0000               1.5101 0.0000e+00
                        2  1.8728     0.6493               2.0097 5.7321e-01
                        1  1.0392     0.3507               2.8432 3.0949e-01
 39  3.8740    4.0-                          7.8195e-01
                        4  2.4510     0.1429               1.4230 1.1171e-01
                        7  2.7656     0.1429               1.1084 1.1171e-01
                       12  3.0777     0.1429               0.7963 1.1171e-01
                       25  3.5764     0.1429               0.2976 1.1171e-01
                       30  3.7316     0.1429               0.1424 1.1171e-01
                       32  3.7382     0.1429               0.1358 1.1171e-01
                       34  3.7530     0.1429               0.1210 1.1171e-01
 38  3.8250    0.0+                          2.1992e-01
                        1  1.0392     1.0000               2.7858 2.1976e-01
 37  3.8064    3.0-                          1.0015e+00
                        1  1.0392     0.0625               2.7672 6.2592e-02
                        2  1.8728     0.0625               1.9336 6.2592e-02
                        4  2.4510     0.0625               1.3554 6.2592e-02
                        7  2.7656     0.0625               1.0408 6.2592e-02
                        8  2.7802     0.0625               1.0262 6.2592e-02
                       10  2.9381     0.0625               0.8683 6.2592e-02
                       12  3.0777     0.0625               0.7287 6.2592e-02
                       14  3.2126     0.0625               0.5938 6.2592e-02
                       18  3.3314     0.0625               0.4750 6.2592e-02
                       22  3.5072     0.0625               0.2992 6.2592e-02
                       23  3.5236     0.0625               0.2828 6.2592e-02
                       25  3.5764     0.0625               0.2300 6.2592e-02
                       26  3.6707     0.0625               0.1357 6.2592e-02
                       30  3.7316     0.0625               0.0748 6.2592e-02
                       32  3.7382     0.0625               0.0682 6.2592e-02
                       34  3.7530     0.0625               0.0534 6.2592e-02
 36  3.7911    1.0+                          7.3349e-01
                       22  3.5072     0.0001               0.2839 1.0032e-04
                       19  3.3809     0.0025               0.4102 1.8113e-03
                       18  3.3314     0.0033               0.4597 2.4259e-03
                       16  3.2289     0.0002               0.5622 1.8178e-04
                       14  3.2126     0.0022               0.5785 1.6296e-03
                       13  3.1050     0.0095               0.6861 6.9577e-03
                       10  2.9381     0.0029               0.8530 2.0934e-03
                        8  2.7802     0.0010               1.0110 7.4576e-04
                        3  2.3724     0.0231               1.4188 1.6941e-02
                        2  1.8728     0.0749               1.9184 5.4907e-02
                        1  1.0392     0.8551               2.7519 6.2681e-01
                        0  0.0000     0.0252               3.7911 1.8436e-02
 35  3.7700    1.0-                          6.4742e-01
                        0  0.0000     0.0556               3.7700 3.5968e-02
                        1  1.0392     0.0556               2.7308 3.5968e-02
                        2  1.8728     0.0556               1.8972 3.5968e-02
                        3  2.3724     0.0556               1.3976 3.5968e-02
                        8  2.7802     0.0556               0.9898 3.5968e-02
                       10  2.9381     0.0556               0.8319 3.5968e-02
                       11  3.0300     0.0556               0.7400 3.5968e-02
                       13  3.1050     0.0556               0.6650 3.5968e-02
                       14  3.2126     0.0556               0.5574 3.5968e-02
                       16  3.2289     0.0556               0.5411 3.5968e-02
                       18  3.3314     0.0556               0.4386 3.5968e-02
                       22  3.5072     0.0556               0.2628 3.5968e-02
                       23  3.5236     0.0556               0.2464 3.5968e-02
                       24  3.5317     0.0556               0.2383 3.5968e-02
                       26  3.6707     0.0556               0.0993 3.5968e-02
                       27  3.6890     0.0556               0.0810 3.5968e-02
                       29  3.7253     0.0556               0.0447 3.5968e-02
                       31  3.7382     0.0556               0.0318 3.5968e-02
 34  3.7530    4.0+                          9.5068e-01
                        1  1.0392     1.0000               2.7138 9.5003e-01
 33  3.7470    5.0-                          1.0274e+00                       4.6000e-11
                       12  3.0777     0.1592               0.6693 1.6353e-01
                        9  2.8267     0.0372               0.9203 3.8158e-02
                        7  2.7656     0.0455               0.9815 4.6735e-02
                        4  2.4510     0.7581               1.2960 7.7880e-01
 32  3.7382    4.0+                          9.6336e-01
                        5  2.7036     0.2500               1.0346 2.4084e-01
                        9  2.8267     0.2500               0.9115 2.4084e-01
                       17  3.2412     0.2500               0.4970 2.4084e-01
                       28  3.7094     0.2500               0.0288 2.4084e-01
 31  3.7382    1.0+                          8.1411e-01                       1.4000e-14
                       10  2.9381     0.0522               0.8001 4.2497e-02
                        1  1.0392     0.2014               2.6990 1.6387e-01
                        0  0.0000     0.7464               3.7382 6.0701e-01
 30  3.7316    3.0+                          1.2298e+00
                        7  2.7656     1.0000               0.9660 1.2294e+00
 29  3.7253    1.0+                          8.2494e-01
                       21  3.4324     0.0993               0.2929 8.1719e-02
                        6  2.7628     0.9007               0.9625 7.4290e-01
 28  3.7094    5.0-                          1.0351e+00                       6.0000e-13
                        7  2.7656     1.0000               0.9438 1.0346e+00
 27  3.6890    1.0+                          8.5793e-01
                        2  1.8728     1.0000               1.8162 8.5768e-01
 26  3.6707    2.0+                          1.1839e+00
                       16  3.2289     0.5410               0.4418 6.3908e-01
                        4  2.4510     0.2106               1.2197 2.4928e-01
                        2  1.8728     0.0972               1.7980 1.1503e-01
                        1  1.0392     0.1512               2.6315 1.7889e-01
 25  3.5764    4.0+                          1.1201e+00
                        9  2.8267     0.0922               0.7497 1.0329e-01
                        8  2.7802     0.1956               0.7962 2.1899e-01
                        2  1.8728     0.3689               1.7036 4.1312e-01
                        1  1.0392     0.3432               2.5371 3.8421e-01
 24  3.5317    0.0+                          3.3184e-01
                        1  1.0392     1.0000               2.4925 3.3164e-01
 23  3.5236    2.0+                          1.3599e+00
                        7  2.7656     1.0000               0.7580 1.3591e+00
 22  3.5072    2.0+                          1.3817e+00
                        9  2.8267     0.1125               0.6806 1.5540e-01
                        2  1.8728     0.2624               1.6345 3.6248e-01
                        1  1.0392     0.6251               2.4680 8.6322e-01
 21  3.4324    1.0-                          1.0827e+00                       3.0000e-14
                       10  2.9381     0.1350               0.4943 1.4606e-01
                        3  2.3724     0.0649               1.0601 7.0278e-02
                        2  1.8728     0.0320               1.5596 3.4686e-02
                        1  1.0392     0.3460               2.3932 3.7425e-01
                        0  0.0000     0.4221               3.4324 4.5632e-01
 20  3.4274    1.0-                          1.0091e+00
                        2  1.8728     1.0000               1.5546 1.0088e+00
 19  3.3809    1.0-                          1.0742e+00                       2.0000e-14
                       10  2.9381     0.0074               0.4429 7.8984e-03
                        8  2.7802     0.0064               0.6008 6.8549e-03
                        3  2.3724     0.0277               1.0086 2.9805e-02
                        2  1.8728     0.2623               1.5082 2.8167e-01
                        1  1.0392     0.0015               2.3417 1.6388e-03
                        0  0.0000     0.6947               3.3809 7.4517e-01
 18  3.3314    2.0+                          1.6467e+00                       8.3000e-14
                        8  2.7802     0.0487               0.5513 8.0175e-02
                        2  1.8728     0.6765               1.4587 1.1137e+00
                        1  1.0392     0.1191               2.2922 1.9602e-01
                        0  0.0000     0.1557               3.3314 2.5613e-01
 17  3.2412    3.0-                          2.0929e+00
                        1  1.0392     0.1250               2.2020 2.6161e-01
                        2  1.8728     0.1250               1.3684 2.6161e-01
                        4  2.4510     0.1250               0.7902 2.6161e-01
                        7  2.7656     0.1250               0.4756 2.6161e-01
                        8  2.7802     0.1250               0.4610 2.6161e-01
                       10  2.9381     0.1250               0.3031 2.6161e-01
                       12  3.0777     0.1250               0.1635 2.6161e-01
                       14  3.2126     0.1250               0.0286 2.6161e-01
 16  3.2289    1.0+                          2.1163e+00                       1.2000e-13
                       10  2.9381     0.0066               0.2908 1.3898e-02
                        8  2.7802     0.0144               0.4487 3.0367e-02
                        3  2.3724     0.0149               0.8565 3.1563e-02
                        2  1.8728     0.0478               1.3561 1.0120e-01
                        1  1.0392     0.7141               2.1897 1.5106e+00
                        0  0.0000     0.2022               3.2289 4.2755e-01
 15  3.2262    1.0-                          1.3202e+00
                        0  0.0000     0.1111               3.2262 1.4669e-01
                        1  1.0392     0.1111               2.1870 1.4669e-01
                        2  1.8728     0.1111               1.3534 1.4669e-01
                        3  2.3724     0.1111               0.8538 1.4669e-01
                        8  2.7802     0.1111               0.4460 1.4669e-01
                       10  2.9381     0.1111               0.2881 1.4669e-01
                       11  3.0300     0.1111               0.1962 1.4669e-01
                       13  3.1050     0.1111               0.1212 1.4669e-01
                       14  3.2126     0.1111               0.0136 1.4669e-01
 14  3.2126    2.0+                          2.2707e+00                       8.3000e-14
                        1  1.0392     0.9785               2.1734 2.2209e+00
                        0  0.0000     0.0215               3.2126 4.8865e-02
 13  3.1050    0.0+                          6.6352e-01
                        2  1.8728     0.9416               1.2323 6.2465e-01
                        1  1.0392     0.0584               2.0658 3.8728e-02
                        0  0.0000     0.0000               3.1050 0.0000e+00
 12  3.0777    4.0+                          2.3008e+00                       1.0400e-12
                        7  2.7656     0.0703               0.3122 1.6074e-01
                        4  2.4510     0.6991               0.6267 1.6074e+00
                        2  1.8728     0.2306               1.2050 5.3046e-01
 11  3.0300    0.0+                          6.8184e-01
                        1  1.0392     1.0000               1.9908 6.8184e-01
 10  2.9381    2.0+                          3.1130e+00                       4.4000e-14
                        2  1.8728     0.0035               1.0653 1.0880e-02
                        1  1.0392     0.5826               1.8988 1.8131e+00
                        0  0.0000     0.4139               2.9381 1.2874e+00
  9  2.8267    3.0-                          4.1855e+00                       1.8000e-13
                        2  1.8728     0.1015               0.9539 4.2477e-01
                        1  1.0392     0.8985               1.7875 3.7587e+00
  8  2.7802    2.0+                          4.3773e+00                       2.6000e-13
                        4  2.4510     0.0730               0.3291 3.1684e-01
                        2  1.8728     0.1165               0.9074 5.0979e-01
                        1  1.0392     0.1520               1.7409 6.6520e-01
                        0  0.0000     0.6585               2.7802 2.8804e+00
  7  2.7656    4.0+                          6.7437e+00                       7.0000e-12
                        4  2.4510     0.1622               0.3145 1.0873e+00
                        2  1.8728     0.4480               0.8928 3.0200e+00
                        1  1.0392     0.3898               1.7263 2.6280e+00
  6  2.7628    2.0-                          3.4957e+00
                        0  0.0000     1.0000               2.7628 3.4941e+00
  5  2.7036    3.0-                          3.7381e+00
                        2  1.8728     0.9337               0.8308 3.4896e+00
                        1  1.0392     0.0663               1.6644 2.4778e-01
  4  2.4510    4.0+                          8.2837e+00                       3.4000e-13
                        1  1.0392     0.9804               1.4118 8.1197e+00
                        0  0.0000     0.0196               2.4510 1.6242e-01
  3  2.3724    0.0+                          1.9428e+00                       2.1000e-13
                        2  1.8728     0.0041               0.4996 7.9325e-03
                        1  1.0392     0.9959               1.3331 1.9345e+00
                        0  0.0000     0.0000               2.3724 0.0000e+00
  2  1.8728    2.0+                          2.0275e+01                       1.9000e-13
                        1  1.0392     0.9961               0.8335 2.0187e+01
                        0  0.0000     0.0039               1.8728 7.8722e-02
  1  1.0392    2.0+                          5.8623e+01                       1.6800e-12
                        0  0.0000     1.0000               1.0392 5.8607e+01
  0  0.0000    0.0+                          7.3185e+01
#......................................................................../  029-065Cu //   3.500000
#                                                                          SUM SPECTRA FOR COMPOUND
#            029-066Cu      gamma    neutron      alpha
 SpcSum[mb]            1.2854e+01 5.1040e-06 0.0000e+00
 Emean[MeV]            1.1442e+00 1.3610e-01 0.0000e+00
#......................................................................../  029-065Cu //   3.500000
#                                                                   GAMMAS FROM DISCRETE TRANSITION
#           0 1 0 0 0 0             029-066Cu
#   Ex[MeV]     Jpi    FinalState  Branching Production    Egamma Production   T(1/2)[s]
 31  1.7459    2.0-                          5.1336e-02
                        3  0.2750     0.1012               1.4709 5.1937e-03
                        1  0.1860     0.7553               1.5599 3.8760e-02
                        0  0.0000     0.1435               1.7459 7.3631e-03
 30  1.7360    4.0-                          3.5164e-02
                        8  0.7298     1.0000               1.0061 3.5160e-02
 29  1.7132    1.0+                          3.6015e-02
                       14  1.0521     0.3591               0.6611 1.2924e-02
                        8  0.7298     0.6409               0.9834 2.3075e-02
 28  1.6941    1.0+                          3.7052e-02
                       17  1.2125     1.0000               0.4816 3.6997e-02
 27  1.6780    2.0+                          4.9244e-02
                       25  1.5773     0.1268               0.1007 4.8037e-03
                       19  1.3440     0.1083               0.3340 5.3087e-03
                        8  0.7298     0.2512               0.9482 1.2368e-02
                        0  0.0000     0.5137               1.6780 2.5289e-02
 26  1.6300    2.0-                          6.1837e-02
                        0  0.0000     0.0556               1.6300 3.4354e-03
                        1  0.1860     0.0556               1.4440 3.4354e-03
                        3  0.2750     0.0556               1.3550 3.4354e-03
                        4  0.3858     0.0556               1.2442 3.4354e-03
                        5  0.4652     0.0556               1.1648 3.4354e-03
                        8  0.7298     0.0556               0.9002 3.4354e-03
                        9  0.8227     0.0556               0.8073 3.4354e-03
                       12  1.0085     0.0556               0.6215 3.4354e-03
                       13  1.0171     0.0556               0.6129 3.4354e-03
                       14  1.0521     0.0556               0.5779 3.4354e-03
                       16  1.1581     0.0556               0.4719 3.4354e-03
                       17  1.2125     0.0556               0.4175 3.4354e-03
                       19  1.3440     0.0556               0.2860 3.4354e-03
                       20  1.4322     0.0556               0.1978 3.4354e-03
                       21  1.4394     0.0556               0.1906 3.4354e-03
                       23  1.5474     0.0556               0.0826 3.4354e-03
                       24  1.5601     0.0556               0.0698 3.4354e-03
                       25  1.5773     0.0556               0.0527 3.4354e-03
 25  1.5773    2.0+                          6.6783e-02
                        8  0.7298     1.0000               0.8475 6.6759e-02
 24  1.5601    2.0+                          6.2023e-02
                       19  1.3440     0.1327               0.2161 8.0691e-03
                        2  0.2378     0.8673               1.3223 5.3783e-02
 23  1.5474    1.0+                          4.9737e-02
                        6  0.5907     0.4167               0.9566 2.0700e-02
                        4  0.3858     0.0877               1.1616 4.3620e-03
                        3  0.2750     0.4956               1.2724 2.4645e-02
 22  1.4980    3.0-                          7.0170e-02
                        1  0.1860     0.1000               1.3120 7.0170e-03
                        3  0.2750     0.1000               1.2230 7.0170e-03
                        5  0.4652     0.1000               1.0328 7.0170e-03
                        6  0.5907     0.1000               0.9073 7.0170e-03
                        8  0.7298     0.1000               0.7682 7.0170e-03
                        9  0.8227     0.1000               0.6753 7.0170e-03
                       12  1.0085     0.1000               0.4895 7.0170e-03
                       13  1.0171     0.1000               0.4809 7.0170e-03
                       16  1.1581     0.1000               0.3399 7.0170e-03
                       21  1.4394     0.1000               0.0586 7.0170e-03
 21  1.4394    3.0+                          7.6889e-02
                       13  1.0171     0.0495               0.4223 3.7994e-03
                        0  0.0000     0.9505               1.4394 7.3067e-02
 20  1.4322    1.0+                          5.8886e-02
                        7  0.6790     0.5000               0.7532 2.9443e-02
                       11  0.9160     0.5000               0.5162 2.9443e-02
 19  1.3440    1.0+                          8.0803e-02
                        5  0.4652     0.7200               0.8788 5.8156e-02
                        4  0.3858     0.2563               0.9582 2.0703e-02
                        0  0.0000     0.0237               1.3440 1.9187e-03
 18  1.2472    4.0-                          7.6355e-02
                        3  0.2750     1.0000               0.9721 7.6345e-02
 17  1.2125    1.0+                          1.1931e-01
                        3  0.2750     0.3899               0.9375 4.6503e-02
                        0  0.0000     0.6101               1.2125 7.2777e-02
 16  1.1581    3.0+                          1.1228e-01
                        9  0.8227     0.3218               0.3354 3.5968e-02
                        6  0.5907     0.2138               0.5673 2.3983e-02
                        3  0.2750     0.4644               0.8831 5.2128e-02
 15  1.1542    6.0-                          3.5009e-02                       6.0000e-07
                        6  0.5907     1.0000               0.5634 3.4908e-02
 14  1.0521    1.0+                          1.1847e-01
                        5  0.4652     0.1071               0.5869 1.2677e-02
                        2  0.2378     0.2519               0.8143 2.9833e-02
                        0  0.0000     0.6410               1.0521 7.5924e-02
 13  1.0171    3.0+                          1.4104e-01
                        9  0.8227     0.1730               0.1944 2.3689e-02
                        6  0.5907     0.1236               0.4264 1.7394e-02
                        5  0.4652     0.1074               0.5520 1.5131e-02
                        1  0.1860     0.5960               0.8312 8.4028e-02
 12  1.0085    2.0+                          1.4877e-01
                        4  0.3858     1.0000               0.6227 1.4866e-01
 11  0.9160    1.0-                          2.0789e-01
                        0  0.0000     0.1667               0.9160 3.4648e-02
                        1  0.1860     0.1667               0.7300 3.4648e-02
                        2  0.2378     0.1667               0.6782 3.4648e-02
                        4  0.3858     0.1667               0.5302 3.4648e-02
                        5  0.4652     0.1667               0.4508 3.4648e-02
                        9  0.8227     0.1667               0.0933 3.4648e-02
 10  0.8840    4.0-                          1.4657e-01
                        3  0.2750     0.3333               0.6090 4.8857e-02
                        6  0.5907     0.3333               0.2933 4.8857e-02
                        8  0.7298     0.3333               0.1542 4.8857e-02
  9  0.8227    2.0+                          2.9115e-01
                        5  0.4652     0.0734               0.3575 2.1285e-02
                        4  0.3858     0.2834               0.4369 8.2344e-02
                        1  0.1860     0.0438               0.6367 1.2735e-02
                        0  0.0000     0.5994               0.8227 1.7446e-01
  8  0.7298    3.0+                          3.9571e-01
                        3  0.2750     0.0910               0.4548 3.5934e-02
                        1  0.1860     0.9090               0.5439 3.5931e-01
  7  0.6790    2.0-                          3.6776e-01
                        0  0.0000     0.2000               0.6790 7.3552e-02
                        1  0.1860     0.2000               0.4930 7.3552e-02
                        3  0.2750     0.2000               0.4040 7.3552e-02
                        4  0.3858     0.2000               0.2932 7.3552e-02
                        5  0.4652     0.2000               0.2138 7.3552e-02
  6  0.5907    4.0+                          3.4658e-01
                        3  0.2750     1.0000               0.3157 3.4452e-01
  5  0.4652    2.0+                          5.4965e-01
                        3  0.2750     0.0371               0.1901 1.9760e-02
                        1  0.1860     0.0153               0.2792 8.3213e-03
                        0  0.0000     0.9476               0.4652 5.1998e-01
  4  0.3858    1.0+                          6.5716e-01
                        1  0.1860     0.0317               0.1998 2.0303e-02
                        0  0.0000     0.9683               0.3858 6.3441e-01
  3  0.2750    3.0+                          1.1444e+00
                        1  0.1860     0.9906               0.0891 7.5575e-01
                        0  0.0000     0.0094               0.2750 1.0581e-02
  2  0.2378    0.0+                          2.5935e-01
                        0  0.0000     1.0000               0.2378 2.5788e-01
  1  0.1860    2.0+                          2.2680e+00
                        0  0.0000     1.0000               0.1860 2.1913e+00
  0  0.0000    1.0+                          4.7363e+00                       3.0720e+02
#......................................................................../  029-065Cu //   3.500000
#                                                                          SUM SPECTRA FOR COMPOUND
#            028-063Ni      gamma    neutron     proton      alpha
 SpcSum[mb]            7.4043e+00 6.2157e-04 0.0000e+00 1.2883e-22
 Emean[MeV]            1.4000e+00 2.9209e-01 0.0000e+00 2.4527e+00
#......................................................................../  029-065Cu //   3.500000
#                                                                   GAMMAS FROM DISCRETE TRANSITION
#           0 0 1 0 0 0             028-063Ni
#   Ex[MeV]     Jpi    FinalState  Branching Production    Egamma Production   T(1/2)[s]
 22  2.6966    0.5-                          1.0917e-02
                        2  0.1555     0.6757               2.5411 7.3723e-03
                        0  0.0000     0.3243               2.6966 3.5382e-03
 21  2.6750    2.5+                          2.5042e-02
                        1  0.0872     0.0909               2.5878 2.2765e-03
                        2  0.1555     0.0909               2.5194 2.2765e-03
                        3  0.5175     0.0909               2.1574 2.2765e-03
                        5  1.0690     0.0909               1.6060 2.2765e-03
                        8  1.3240     0.0909               1.3510 2.2765e-03
                        9  1.4517     0.0909               1.2233 2.2765e-03
                       12  1.7870     0.0909               0.8880 2.2765e-03
                       13  1.8990     0.0909               0.7760 2.2765e-03
                       14  2.1490     0.0909               0.5260 2.2765e-03
                       16  2.2617     0.0909               0.4133 2.2765e-03
                       18  2.3531     0.0909               0.3219 2.2765e-03
 20  2.5730    3.5+                          2.9753e-02
                        1  0.0872     0.1667               2.4859 4.9588e-03
                        5  1.0690     0.1667               1.5040 4.9588e-03
                        9  1.4517     0.1667               1.1213 4.9588e-03
                       12  1.7870     0.1667               0.7860 4.9588e-03
                       13  1.8990     0.1667               0.6740 4.9588e-03
                       16  2.2617     0.1667               0.3113 4.9588e-03
 19  2.5190    4.5+                          2.6369e-02
                        9  1.4517     1.0000               1.0673 2.6369e-02
 18  2.3531    1.5-                          3.3384e-02
                        1  0.0872     0.1870               2.2660 6.2400e-03
                        0  0.0000     0.8130               2.3531 2.7128e-02
 17  2.2970    2.5+                          4.5619e-02
                        1  0.0872     0.1000               2.2099 4.5619e-03
                        2  0.1555     0.1000               2.1415 4.5619e-03
                        3  0.5175     0.1000               1.7795 4.5619e-03
                        5  1.0690     0.1000               1.2280 4.5619e-03
                        8  1.3240     0.1000               0.9730 4.5619e-03
                        9  1.4517     0.1000               0.8453 4.5619e-03
                       12  1.7870     0.1000               0.5100 4.5619e-03
                       13  1.8990     0.1000               0.3980 4.5619e-03
                       14  2.1490     0.1000               0.1480 4.5619e-03
                       16  2.2617     0.1000               0.0353 4.5619e-03
 16  2.2617    2.5-                          5.7517e-02
                        2  0.1555     0.3865               2.1061 2.2222e-02
                        1  0.0872     0.6135               2.1745 3.5272e-02
 15  2.1835    6.5+                          2.3398e-02                       3.6000e-12
                        7  1.2918     1.0000               0.8917 2.3391e-02
 14  2.1490    1.5-                          4.8592e-02
                        6  1.2511     0.3333               0.8979 1.6197e-02
                       10  1.6570     0.3333               0.4920 1.6197e-02
                       11  1.6770     0.3333               0.4720 1.6197e-02
 13  1.8990    2.5-                          9.1213e-02
                        6  1.2511     0.3333               0.6479 3.0404e-02
                       10  1.6570     0.3333               0.2420 3.0404e-02
                       11  1.6770     0.3333               0.2220 3.0404e-02
 12  1.7870    2.5-                          1.0572e-01
                        6  1.2511     0.3333               0.5359 3.5238e-02
                       10  1.6570     0.3333               0.1300 3.5238e-02
                       11  1.6770     0.3333               0.1100 3.5238e-02
 11  1.6770    1.5+                          1.8018e-01
                        0  0.0000     0.1429               1.6770 2.5741e-02
                        1  0.0872     0.1429               1.5898 2.5741e-02
                        2  0.1555     0.1429               1.5214 2.5741e-02
                        3  0.5175     0.1429               1.1595 2.5741e-02
                        4  1.0011     0.1429               0.6759 2.5741e-02
                        5  1.0690     0.1429               0.6080 2.5741e-02
                        8  1.3240     0.1429               0.3530 2.5741e-02
 10  1.6570    1.5+                          1.8352e-01
                        0  0.0000     0.1429               1.6570 2.6217e-02
                        1  0.0872     0.1429               1.5698 2.6217e-02
                        2  0.1555     0.1429               1.5014 2.6217e-02
                        3  0.5175     0.1429               1.1395 2.6217e-02
                        4  1.0011     0.1429               0.6559 2.6217e-02
                        5  1.0690     0.1429               0.5880 2.6217e-02
                        8  1.3240     0.1429               0.3330 2.6217e-02
  9  1.4517    3.5-                          2.3707e-01
                        1  0.0872     1.0000               1.3645 2.3703e-01
  8  1.3240    1.5-                          1.8777e-01
                        2  0.1555     0.5988               1.1685 1.1242e-01
                        1  0.0872     0.1557               1.2369 2.9231e-02
                        0  0.0000     0.2455               1.3240 4.6091e-02
  7  1.2918    4.5+                          2.8594e-01                       3.3300e-09
                        1  0.0872     1.0000               1.2047 2.8586e-01
  6  1.2511    1.5+                          2.7908e-01
                        2  0.1555     0.2958               1.0956 8.2545e-02
                        1  0.0872     0.7042               1.1640 1.9651e-01
  5  1.0690    2.5-                          3.1225e-01
                        2  0.1555     0.1421               0.9134 4.4355e-02
                        1  0.0872     0.5681               0.9818 1.7736e-01
                        0  0.0000     0.2898               1.0690 9.0462e-02
  4  1.0011    0.5-                          1.4698e-01                       2.9000e-13
                        3  0.5175     0.4581               0.4836 6.7234e-02
                        2  0.1555     0.5084               0.8456 7.4697e-02
                        0  0.0000     0.0335               1.0011 4.9299e-03
  3  0.5175    1.5-                          4.0724e-01
                        2  0.1555     0.8743               0.3620 3.5490e-01
                        1  0.0872     0.0210               0.4304 8.5183e-03
                        0  0.0000     0.1047               0.5175 4.2589e-02
  2  0.1555    1.5-                          1.0935e+00
                        0  0.0000     1.0000               0.1555 1.0774e+00
  1  0.0872    2.5-                          1.5549e+00                       1.6700e-06
                        0  0.0000     1.0000               0.0872 7.7824e-01
  0  0.0000    0.5-                          3.0909e+00                       3.1940e+09
#......................................................................../  029-065Cu //   3.500000
#                                                                          SUM SPECTRA FOR COMPOUND
#            029-065Cu      gamma
 SpcSum[mb]            2.0521e-04
 Emean[MeV]            9.0836e-01
#......................................................................../  029-065Cu //   3.500000
#                                                                   GAMMAS FROM DISCRETE TRANSITION
#           0 0 0 1 0 0             029-065Cu
#   Ex[MeV]     Jpi    FinalState  Branching Production    Egamma Production   T(1/2)[s]
 28  2.9476    2.5-                          2.7128e-18
                        2  1.1156     1.0000               1.8320 2.7120e-18
 27  2.9025    2.5+                          1.7841e-17                       9.7000e-14
                        0  0.0000     1.0000               2.9025 1.7820e-17
 26  2.8945    1.5+                          1.9476e-17                       5.0000e-14
                        4  1.6234     0.4565               1.2711 8.8893e-18
                        1  0.7706     0.4110               2.1239 7.9987e-18
                        0  0.0000     0.1325               2.8945 2.5775e-18
 25  2.8745    1.5-                          6.5972e-17                       1.2000e-14
                        1  0.7706     0.3463               2.1038 2.2837e-17
                        0  0.0000     0.6537               2.8745 4.3095e-17
 24  2.8669    1.5-                          9.1116e-17                       1.2000e-14
                        4  1.6234     0.2185               1.2435 1.9904e-17
                        3  1.4818     0.1192               1.3851 1.0858e-17
                        0  0.0000     0.6623               2.8669 6.0307e-17
 23  2.8628    1.5+                          1.1245e-16                       1.9000e-14
                        0  0.0000     1.0000               2.8628 1.1232e-16
 22  2.8390    3.5+                          3.4654e-16                       1.8000e-14
                        2  1.1156     0.1111               1.7234 3.8504e-17
                        3  1.4818     0.1111               1.3572 3.8504e-17
                        4  1.6234     0.1111               1.2156 3.8504e-17
                        6  2.0943     0.1111               0.7447 3.8504e-17
                        7  2.1074     0.1111               0.7316 3.8504e-17
                        9  2.2785     0.1111               0.5605 3.8504e-17
                       13  2.5330     0.1111               0.3060 3.8504e-17
                       15  2.5934     0.1111               0.2456 3.8504e-17
                       18  2.6497     0.1111               0.1893 3.8504e-17
 21  2.7528    3.5+                          1.3322e-14                       3.0000e-14
                        3  1.4818     1.0000               1.2710 1.3320e-14
 20  2.6690    1.5-                          2.5620e-13                       4.0000e-15
                        5  1.7250     1.0000               0.9440 2.5612e-13
 19  2.6549    1.5-                          3.9636e-13                       5.8000e-14
                        5  1.7250     0.6896               0.9299 2.7325e-13
                        0  0.0000     0.3104               2.6549 1.2295e-13
 18  2.6497    2.5-                          5.0988e-13                       8.0000e-15
                        5  1.7250     0.1235               0.9247 6.2949e-14
                        4  1.6234     0.0741               1.0262 3.7757e-14
                        2  1.1156     0.0741               1.5341 3.7753e-14
                        1  0.7706     0.6173               1.8790 3.1463e-13
                        0  0.0000     0.1111               2.6497 5.6610e-14
 17  2.6435    1.5+                          5.4958e-13
                        6  2.0943     0.5562               0.5492 3.0473e-13
                        3  1.4818     0.0000               1.1617 0.0000e+00
                        2  1.1156     0.4438               1.5279 2.4382e-13
                        1  0.7706     0.0000               1.8729 0.0000e+00
 16  2.6200    0.5+                          6.5442e-13
                        0  0.0000     0.2000               2.6200 1.3088e-13
                        1  0.7706     0.2000               1.8494 1.3088e-13
                        5  1.7250     0.2000               0.8950 1.3088e-13
                        8  2.2128     0.2000               0.4072 1.3088e-13
                       10  2.3291     0.2000               0.2910 1.3088e-13
 15  2.5934    2.5-                          2.5426e-12
                        6  2.0943     0.3333               0.4991 8.4754e-13
                        1  0.7706     0.3333               1.8228 8.4754e-13
                        0  0.0000     0.3333               2.5934 8.4754e-13
 14  2.5339    4.5+                          7.4645e-12
                        9  2.2785     0.1529               0.2554 1.1373e-12
                        6  2.0943     0.4237               0.4396 3.1602e-12
                        3  1.4818     0.4234               1.0521 3.1601e-12
 13  2.5330    2.5-                          1.1852e-11
                        5  1.7250     0.0936               0.8080 1.1089e-12
                        1  0.7706     0.4925               1.7624 5.8355e-12
                        0  0.0000     0.4139               2.5330 4.9028e-12
 12  2.5257    4.5+                          9.0788e-12
                        3  1.4818     1.0000               1.0439 9.0778e-12
 11  2.4066    4.5+                          1.1810e-10
                        6  2.0943     0.1734               0.3123 2.0438e-11
                        3  1.4818     0.5585               0.9248 6.5950e-11
                        2  1.1156     0.2681               1.2910 3.1654e-11
 10  2.3291    1.5-                          6.9241e-10                       2.6000e-14
                        2  1.1156     0.2296               1.2135 1.5897e-10
                        1  0.7706     0.2918               1.5584 2.0203e-10
                        0  0.0000     0.4785               2.3291 3.3119e-10
  9  2.2785    3.5-                          1.5602e-09                       8.4000e-16
                        2  1.1156     0.9775               1.1629 1.5249e-09
                        0  0.0000     0.0225               2.2785 3.5073e-11
  8  2.2128    0.5-                          2.5986e-09                       1.1000e-13
                        5  1.7250     0.0821               0.4878 2.1293e-10
                        1  0.7706     0.5463               1.4422 1.4194e-09
                        0  0.0000     0.3716               2.2128 9.6526e-10
  7  2.1074    2.5-                          2.0590e-08                       1.7000e-13
                        5  1.7250     0.0579               0.3824 1.1888e-09
                        3  1.4818     0.3177               0.6256 6.5369e-09
                        2  1.1156     0.3609               0.9919 7.4295e-09
                        1  0.7706     0.0974               1.3368 2.0058e-09
                        0  0.0000     0.1660               2.1074 3.4168e-09
  6  2.0943    3.5-                          2.1509e-08                       1.0000e-12
                        4  1.6234     0.0500               0.4709 1.0744e-09
                        3  1.4818     0.1314               0.6125 2.8239e-09
                        2  1.1156     0.5315               0.9788 1.1429e-08
                        0  0.0000     0.2871               2.0943 6.1724e-09
  5  1.7250    1.5-                          9.9209e-07                       9.2000e-14
                        2  1.1156     0.2789               0.6094 2.7650e-07
                        1  0.7706     0.0064               0.9544 6.3096e-09
                        0  0.0000     0.7148               1.7250 7.0893e-07
  4  1.6234    2.5-                          2.4662e-06                       1.6000e-12
                        2  1.1156     0.3309               0.5079 8.1527e-07
                        1  0.7706     0.1087               0.8528 2.6797e-07
                        0  0.0000     0.5604               1.6234 1.3818e-06
  3  1.4818    3.5-                          6.0461e-06                       4.1000e-13
                        2  1.1156     0.1697               0.3663 1.0239e-06
                        0  0.0000     0.8303               1.4818 5.0191e-06
  2  1.1156    2.5-                          5.8834e-05                       2.8200e-13
                        1  0.7706     0.0001               0.3449 3.5294e-09
                        0  0.0000     0.9999               1.1156 5.8819e-05
  1  0.7706    0.5-                          1.3690e-04                       1.0300e-13
                        0  0.0000     1.0000               0.7706 1.3684e-04
  0  0.0000    1.5-                          2.7544e-03
#......................................................................../  029-065Cu //   3.500000
#                                                                          SUM SPECTRA FOR COMPOUND
#            029-065Cu      gamma
 SpcSum[mb]            3.7552e-13
 Emean[MeV]            8.0000e-01
#......................................................................../  029-065Cu //   3.500000
#                                                                   GAMMAS FROM DISCRETE TRANSITION
#           1 1 0 0 0 0             029-065Cu
#   Ex[MeV]     Jpi    FinalState  Branching Production    Egamma Production   T(1/2)[s]
  1  0.7706    0.5-                          3.7566e-13                       1.0300e-13
                        0  0.0000     1.0000               0.7706 3.7552e-13
  0  0.0000    1.5-                          4.8771e-04
#......................................................................../  029-065Cu //   3.500000
#                                                                          SUM SPECTRA FOR COMPOUND
#            028-062Ni      gamma
 SpcSum[mb]            1.8617e-03
 Emean[MeV]            1.2000e+00
#......................................................................../  029-065Cu //   3.500000
#                                                                   GAMMAS FROM DISCRETE TRANSITION
#           1 0 1 0 0 0             028-062Ni
#   Ex[MeV]     Jpi    FinalState  Branching Production    Egamma Production   T(1/2)[s]
 19  3.5244    0.0+                          4.9587e-16                       7.0000e-13
                        1  1.1730     1.0000               2.3514 4.9560e-16
 18  3.5225    2.0+                          2.7147e-15                       1.5000e-13
                        9  3.2576     0.0112               0.2649 3.0160e-17
                        6  3.0588     0.1613               0.4638 4.3717e-16
                        4  2.3365     0.2721               1.1860 7.3853e-16
                        3  2.3018     0.5554               1.2207 1.5075e-15
 17  3.5182    2.0+                          2.7147e-15                       2.0100e-13
                        7  3.1580     0.0192               0.3603 5.1943e-17
                        6  3.0588     0.0737               0.4595 1.9977e-16
                        2  2.0487     0.0979               1.4695 2.6571e-16
                        1  1.1730     0.7363               2.3453 1.9978e-15
                        0  0.0000     0.0729               3.5182 1.9777e-16
 16  3.4860    2.0-                          2.3639e-14
                        3  2.3018     1.0000               1.1842 2.3636e-14
 15  3.4620    1.0+                          1.5858e-14
                        1  1.1730     1.0000               2.2890 1.5850e-14
 14  3.3780    3.0+                          3.1713e-13
                        1  1.1730     1.0000               2.2050 3.1700e-13
 13  3.3700    1.0+                          2.6258e-13                       1.9000e-13
                        5  2.8906     0.0212               0.4794 5.5589e-15
                        3  2.3018     0.1255               1.0681 3.2948e-14
                        2  2.0487     0.0968               1.3213 2.5407e-14
                        0  0.0000     0.7565               3.3700 1.9848e-13
 12  3.2777    4.0+                          1.4656e-12                       1.9500e-13
                        1  1.1730     1.0000               2.1047 1.4649e-12
 11  3.2700    1.0+                          1.5350e-12                       1.2500e-13
                        3  2.3018     0.0499               0.9681 7.6537e-14
                        2  2.0487     0.4200               1.2213 6.4465e-13
                        1  1.1730     0.4299               2.0970 6.5969e-13
                        0  0.0000     0.1002               3.2700 1.5369e-13
 10  3.2620    2.0+                          2.0244e-12
                        1  1.1730     1.0000               2.0890 2.0244e-12
  9  3.2576    2.0+                          2.0361e-12                       7.1000e-13
                        3  2.3018     0.0351               0.9558 7.1495e-14
                        1  1.1730     0.9340               2.0846 1.9011e-12
                        0  0.0000     0.0308               3.2576 6.2739e-14
  8  3.1767    4.0+                          7.4149e-12                       7.3000e-13
                        3  2.3018     0.0645               0.8749 4.7837e-13
                        1  1.1730     0.9355               2.0037 6.9338e-12
  7  3.1580    2.0+                          1.1152e-11                       6.2000e-13
                        3  2.3018     0.0722               0.8561 8.0500e-13
                        1  1.1730     0.5871               1.9850 6.5451e-12
                        0  0.0000     0.3407               3.1580 3.7960e-12
  6  3.0588    3.0+                          5.2888e-11                       2.3000e-12
                        4  2.3365     0.1975               0.7222 1.0440e-11
                        3  2.3018     0.4202               0.7569 2.2216e-11
                        1  1.1730     0.3823               1.8858 2.0214e-11
  5  2.8906    0.0+                          1.0546e-10                       3.1000e-12
                        1  1.1730     1.0000               1.7176 1.0544e-10
  4  2.3365    4.0+                          2.1313e-07                       8.6000e-13
                        1  1.1730     1.0000               1.1635 2.1309e-07
  3  2.3018    2.0+                          3.2147e-07                       5.8000e-13
                        1  1.1730     0.4468               1.1289 1.4361e-07
                        0  0.0000     0.5532               2.3018 1.7775e-07
  2  2.0487    0.0+                          7.1817e-07                       7.6000e-13
                        1  1.1730     1.0000               0.8757 7.1793e-07
                        0  0.0000     0.0000               2.0487 0.0000e+00
  1  1.1730    2.0+                          1.8607e-03                       1.4500e-12
                        0  0.0000     1.0000               1.1730 1.8604e-03
  0  0.0000    0.0+                          2.0174e-01
#......................................................................../  029-065Cu //   3.500000
#                                                                          SUM SPECTRA FOR COMPOUND
#            027-062Co      gamma
 SpcSum[mb]            0.0000e+00
 Emean[MeV]            0.0000e+00
#......................................................................../  029-065Cu //   3.500000
#                                                                   GAMMAS FROM DISCRETE TRANSITION
#           0 1 1 0 0 0             027-062Co
#   Ex[MeV]     Jpi    FinalState  Branching Production    Egamma Production   T(1/2)[s]
  0  0.0000    2.0+                          0.0000e+00
#......................................................................../  029-065Cu //   3.500000
#                                                                          SUM SPECTRA FOR COMPOUND
#            026-059Fe      gamma
 SpcSum[mb]            2.0159e-24
 Emean[MeV]            3.5458e-01
#......................................................................../  029-065Cu //   3.500000
#                                                                   GAMMAS FROM DISCRETE TRANSITION
#           0 0 2 0 0 0             026-059Fe
#   Ex[MeV]     Jpi    FinalState  Branching Production    Egamma Production   T(1/2)[s]
 10  1.2113    0.5-                          6.8232e-32
                        0  0.0000     1.0000               1.2113 6.8223e-32
  9  1.1621    1.5-                          1.1765e-30
                        3  0.5709     0.6809               0.5912 8.0053e-31
                        2  0.4727     0.0211               0.6893 2.4816e-32
                        1  0.2870     0.1980               0.8751 2.3291e-31
                        0  0.0000     0.1000               1.1621 1.1765e-31
  8  1.0778    0.5-                          3.1437e-30
                        4  0.6130     1.0000               0.4647 3.1412e-30
  7  1.0231    3.5-                          2.0931e-29
                        3  0.5709     0.4014               0.4523 8.3893e-30
                        2  0.4727     0.0494               0.5504 1.0342e-30
                        0  0.0000     0.5492               1.0231 1.1492e-29
  6  0.7264    1.5-                          3.6786e-27
                        1  0.2870     0.0360               0.4394 1.3223e-28
                        0  0.0000     0.9640               0.7264 3.5448e-27
  5  0.6428    0.5-                          7.8696e-27
                        0  0.0000     1.0000               0.6428 7.8656e-27
  4  0.6130    0.5-                          1.2620e-26
                        0  0.0000     1.0000               0.6130 1.2613e-26
  3  0.5709    2.5-                          8.4776e-26
                        0  0.0000     1.0000               0.5709 8.4717e-26
  2  0.4727    2.5-                          3.8559e-25
                        0  0.0000     1.0000               0.4727 3.8513e-25
  1  0.2870    0.5-                          1.5310e-24
                        0  0.0000     1.0000               0.2870 1.5218e-24
  0  0.0000    1.5-                          1.2883e-22                       3.8440e+06
#......................................................................../  029-065Cu //   3.500000
#                                                                INDIVIDUAL GROUND STATE PRODUCTION
#             Residual  Prod.[mb]  Qval[MeV]   Particles
#                                              n p a d t h
 Production  030-067Zn 6.2932e-03   13.75245   0 0 0 0 0 0
 Production  030-066Zn 7.3185e+01    6.70001   1 0 0 0 0 0
 Production  029-066Cu 4.7363e+00    4.84142   0 1 0 0 0 0
 Production  028-063Ni 3.0909e+00    8.95978   0 0 1 0 0 0
 Production  029-065Cu 2.7544e-03    0.00000   0 0 0 1 0 0
 Production  029-065Cu 4.8771e-04   -2.22463   1 1 0 0 0 0
 Production  028-062Ni 2.0174e-01    2.12190   1 0 1 0 0 0
 Production  026-059Fe 1.2883e-22    1.68671   0 0 2 0 0 0
                   sum 8.1224e+01
#......................................................................../  029-065Cu //   3.500000
#                                                           STABLE AND LONG-LIVED STATE PRODUCTIONS
#       Residual    Ex[MeV]     Jpi     T(1/2)[s]  Prod.[mb] Meta
    1  026-059Fe    0.00000    1.5-    3.8440e+06 1.2883e-22
    2  027-062Co    0.00000    2.0+    9.2400e+01 0.0000e+00
    3  027-062Co    0.02200    5.0+    8.3160e+02 0.0000e+00    1
    4  028-062Ni    0.00000    0.0+    ---------- 2.0174e-01
    5  028-063Ni    0.00000    0.5-    3.1940e+09 3.0909e+00
    6  029-065Cu    0.00000    1.5-    ---------- 3.2421e-03
    7  029-066Cu    0.00000    1.0+    3.0720e+02 4.7363e+00
    8  030-066Zn    0.00000    0.0+    ---------- 7.3185e+01
    9  030-067Zn    0.00000    2.5-    ---------- 6.2932e-03
#                                         g.s.sum 8.1224e+01


#......................................................................../  029-065Cu //   3.500000
#                                                                                   ISOMERIC RATIOS
#       Residual    Ex[MeV]     Jpi     T(1/2)[s] Ratio      m/(g-m)
    1  027-062Co    0.02200    5.0+    8.3160e+02 0.0000e+00 0.0000e+00


#......................................................................../  029-065Cu //   3.500000
#                                                                               PARTICLE PRODUCTION
#             Particle  Prod.[mb] Multiplic. Emean[MeV]
 ParticlPrd      gamma 2.9824e+02 3.6719e+00 1.9956e+00
 ParticlPrd    neutron 7.3387e+01 9.0352e-01 2.2660e+00
 ParticlPrd     proton 4.7368e+00 5.8318e-02 5.1373e+00
 ParticlPrd      alpha 3.2927e+00 4.0538e-02 8.7779e+00
 ParticlPrd   deuteron 2.7544e-03 3.3912e-05 3.3323e+00


