#             0.000000e+00 1.454210e+00 2.459210e+00 2.775420e+00 2.902150e+00 2.942560e+00 3.037860e+00 3.263660e+00 3.269100e+00 3.273700e+00 3.420550e+00 3.450900e+00 3.524000e+00 3.531100e+00 3.593710e+00 3.620090e+00 3.775000e+00 3.870000e+00 3.898800e+00 3.943600e+00 4.020000e+00 4.105900e+00 4.108400e+00 4.260000e+00 4.294700e+00 4.347900e+00 4.358700e+00 4.383000e+00 4.404300e+00 4.449600e+00 4.474600e+00 4.518300e+00 4.538000e+00 4.574100e+00 0.000000e+00 0.000000e+00 0.000000e+00 0.000000e+00 0.000000e+00 0.000000e+00 0.000000e+00 4.575100e+00
 3.500000e+00 4.039856e-02 3.679588e-04 1.657168e-09 4.072881e-13 7.314567e-16 3.260608e-17 0.000000e+00 0.000000e+00 0.000000e+00 0.000000e+00 0.000000e+00 0.000000e+00 0.000000e+00 0.000000e+00 0.000000e+00 0.000000e+00 0.000000e+00 0.000000e+00 0.000000e+00 0.000000e+00 0.000000e+00 0.000000e+00 0.000000e+00 0.000000e+00 0.000000e+00 0.000000e+00 0.000000e+00 0.000000e+00 0.000000e+00 0.000000e+00 0.000000e+00 0.000000e+00 0.000000e+00 0.000000e+00 0.000000e+00 0.000000e+00 0.000000e+00 0.000000e+00 0.000000e+00 0.000000e+00 0.000000e+00 0.000000e+00
 6.000000e+00 4.674181e-01 6.098317e-01 1.168127e-01 5.491777e-02 2.455408e-02 1.038740e-02 2.438041e-02 1.063641e-02 1.040822e-02 1.021841e-02 5.160684e-03 3.585017e-03 3.193481e-03 1.033570e-03 2.402424e-03 1.970378e-03 8.313585e-04 4.427487e-04 4.109452e-04 2.285674e-04 1.583420e-04 8.606845e-05 9.020615e-05 2.447478e-05 1.645735e-05 1.039472e-05 9.700608e-06 4.659794e-06 5.349227e-06 3.453874e-06 2.690444e-06 1.517512e-06 3.769767e-07 4.788965e-07 0.000000e+00 0.000000e+00 0.000000e+00 0.000000e+00 0.000000e+00 0.000000e+00 0.000000e+00 9.045332e-06
 8.500000e+00 2.286491e-01 6.686281e-01 6.638939e-01 3.827066e-01 2.065542e-01 8.447285e-02 3.253436e-01 2.769973e-01 2.758496e-01 2.748799e-01 2.903374e-01 1.548355e-01 3.293238e-01 5.486483e-02 2.094783e-01 3.014252e-01 2.066211e-01 1.444143e-01 1.524433e-01 9.449793e-02 1.205748e-01 1.743954e-01 1.175267e-01 9.494409e-02 1.334028e-01 8.298935e-02 1.041231e-01 1.127982e-01 1.122313e-01 7.026084e-02 8.589742e-02 6.235111e-02 1.533679e-02 3.255336e-02 0.000000e+00 0.000000e+00 0.000000e+00 0.000000e+00 0.000000e+00 0.000000e+00 0.000000e+00 7.587609e-01
 1.100000e+01 7.298080e-02 2.571074e-01 3.618132e-01 1.940604e-01 1.041959e-01 4.102782e-02 1.811933e-01 1.700591e-01 1.697902e-01 1.695629e-01 2.124036e-01 9.806516e-02 2.764340e-01 3.456110e-02 1.537094e-01 2.684872e-01 1.894478e-01 1.303610e-01 1.385596e-01 8.308019e-02 1.233296e-01 2.278560e-01 1.281595e-01 1.206546e-01 2.119165e-01 1.163140e-01 1.613522e-01 2.310895e-01 2.026440e-01 1.113052e-01 1.534813e-01 1.079314e-01 2.372276e-02 5.789547e-02 0.000000e+00 0.000000e+00 0.000000e+00 0.000000e+00 0.000000e+00 0.000000e+00 0.000000e+00 9.009508e+00
 1.350000e+01 1.945944e-02 7.410746e-02 1.185746e-01 6.045206e-02 3.206319e-02 1.245132e-02 5.772347e-02 5.537620e-02 5.531967e-02 5.527187e-02 7.312108e-02 3.173209e-02 1.000120e-01 1.108385e-02 5.194960e-02 9.830788e-02 6.827127e-02 4.593091e-02 4.879040e-02 2.861388e-02 4.446318e-02 8.962513e-02 4.662659e-02 4.506564e-02 8.622202e-02 4.416234e-02 6.374317e-02 1.015842e-01 8.423952e-02 4.311899e-02 6.208616e-02 4.241540e-02 8.826205e-03 2.240556e-02 0.000000e+00 0.000000e+00 0.000000e+00 0.000000e+00 0.000000e+00 0.000000e+00 0.000000e+00 1.870868e+01
 1.600000e+01 4.962790e-03 1.972635e-02 3.379532e-02 1.666129e-02 8.751966e-03 3.378200e-03 1.605741e-02 1.553961e-02 1.552715e-02 1.551662e-02 2.106347e-02 8.849042e-03 2.960642e-02 3.076208e-03 1.478607e-02 2.922619e-02 1.999532e-02 1.325532e-02 1.409350e-02 8.164112e-03 1.293408e-02 2.729866e-02 1.362018e-02 1.327922e-02 2.654745e-02 1.308210e-02 1.925471e-02 3.244059e-02 2.611089e-02 1.285458e-02 1.889311e-02 1.270126e-02 2.578470e-03 6.635487e-03 0.000000e+00 0.000000e+00 0.000000e+00 0.000000e+00 0.000000e+00 0.000000e+00 0.000000e+00 2.144774e+01
 1.850000e+01 1.294386e-03 5.297507e-03 9.479090e-03 4.562813e-03 2.380465e-03 9.164348e-04 4.418977e-03 4.295911e-03 4.292955e-03 4.290455e-03 5.913912e-03 2.436009e-03 8.460915e-03 8.447817e-04 4.117282e-03 8.369351e-03 5.660027e-03 3.717164e-03 3.953627e-03 2.274234e-03 3.641422e-03 7.907511e-03 3.842058e-03 3.761834e-03 7.728552e-03 3.715506e-03 5.535938e-03 9.650521e-03 7.624816e-03 3.662082e-03 5.450749e-03 3.626102e-03 7.269564e-04 1.881627e-03 0.000000e+00 0.000000e+00 0.000000e+00 0.000000e+00 0.000000e+00 0.000000e+00 0.000000e+00 1.867340e+01
 2.100000e+01 3.548309e-04 1.483038e-03 2.739353e-03 1.294324e-03 6.714522e-04 2.582332e-04 1.257589e-03 1.226203e-03 1.225450e-03 1.224812e-03 1.705583e-03 6.931161e-04 2.473124e-03 2.400546e-04 1.180705e-03 2.449324e-03 1.640574e-03 1.070138e-03 1.139062e-03 6.521663e-04 1.050913e-03 2.329576e-03 1.110691e-03 1.090296e-03 2.283307e-03 1.078527e-03 1.620278e-03 2.893272e-03 2.256530e-03 1.064947e-03 1.598504e-03 1.055802e-03 2.101213e-04 5.450877e-04 0.000000e+00 0.000000e+00 0.000000e+00 0.000000e+00 0.000000e+00 0.000000e+00 0.000000e+00 1.532734e+01
 2.350000e+01 1.009340e-04 4.293105e-04 8.132284e-04 3.783588e-04 1.953571e-04 7.512659e-05 3.684617e-04 3.600108e-04 3.598080e-04 3.596365e-04 5.046242e-04 2.029040e-04 7.397692e-04 7.027018e-05 3.477685e-04 7.332253e-04 4.870136e-04 3.159100e-04 3.365754e-04 1.919484e-04 3.107550e-04 7.003766e-04 3.289563e-04 3.234824e-04 6.877166e-04 3.203230e-04 4.842137e-04 8.812551e-04 6.803951e-04 3.166810e-04 4.783352e-04 3.142290e-04 6.226213e-05 1.616087e-04 0.000000e+00 0.000000e+00 0.000000e+00 0.000000e+00 0.000000e+00 0.000000e+00 0.000000e+00 1.270047e+01
 2.600000e+01 2.998008e-05 1.293110e-04 2.501300e-04 1.148134e-04 5.901765e-05 2.269276e-05 1.120090e-04 1.096164e-04 1.095590e-04 1.095104e-04 1.546114e-04 6.163732e-05 2.288132e-04 2.133156e-05 1.061534e-04 2.269212e-04 1.495948e-04 9.656941e-05 1.029888e-04 5.855567e-05 9.511470e-05 2.174341e-04 1.008347e-04 9.928773e-05 2.137831e-04 9.839483e-05 1.495021e-04 2.764958e-04 2.116728e-04 9.736552e-05 1.478273e-04 9.667251e-05 1.908535e-05 4.954491e-05 0.000000e+00 0.000000e+00 0.000000e+00 0.000000e+00 0.000000e+00 0.000000e+00 0.000000e+00 1.061469e+01
 2.850000e+01 9.232948e-06 4.029261e-05 7.932793e-05 3.597319e-05 1.842227e-05 7.083485e-06 3.513987e-05 3.442964e-05 3.441261e-05 3.439821e-05 4.881267e-05 1.931794e-05 7.284566e-05 6.682989e-06 3.340285e-05 7.227243e-05 4.731480e-05 3.041562e-05 3.246580e-05 1.841051e-05 2.998576e-05 6.940393e-05 3.182882e-05 3.137156e-05 6.830243e-05 3.110777e-05 4.747959e-05 8.904685e-05 6.766639e-05 3.080454e-05 4.698195e-05 3.059964e-05 6.023279e-06 1.563570e-05 0.000000e+00 0.000000e+00 0.000000e+00 0.000000e+00 0.000000e+00 0.000000e+00 0.000000e+00 8.908358e+00
 3.100000e+01 2.969911e-06 1.310180e-05 2.620825e-05 1.175381e-05 5.999301e-06 2.306801e-06 1.149400e-05 1.127257e-05 1.126726e-05 1.126277e-05 1.605424e-05 6.312497e-06 2.414007e-05 2.183236e-06 1.095249e-05 2.395742e-05 1.558361e-05 9.979764e-06 1.066084e-05 6.031599e-06 9.846367e-06 2.304492e-05 1.046230e-05 1.031980e-05 2.269450e-05 1.023760e-05 1.568898e-05 2.979890e-05 2.249224e-05 1.014288e-05 1.553226e-05 1.007913e-05 1.979475e-06 5.137443e-06 0.000000e+00 0.000000e+00 0.000000e+00 0.000000e+00 0.000000e+00 0.000000e+00 0.000000e+00 7.557937e+00
 3.350000e+01 9.807789e-07 4.365873e-06 8.861867e-06 3.932237e-06 2.000499e-06 7.691365e-07 3.849144e-06 3.778142e-06 3.776440e-06 3.775001e-06 5.403619e-06 2.111599e-06 8.183757e-06 7.299744e-07 3.675554e-06 8.123940e-06 5.251616e-06 3.350830e-06 3.581980e-06 2.022107e-06 3.308033e-06 7.825033e-06 3.518393e-06 3.472755e-06 7.710440e-06 3.446429e-06 5.301879e-06 1.019206e-05 7.644319e-06 3.416096e-06 5.251249e-06 3.395680e-06 6.652897e-07 1.726429e-06 0.000000e+00 0.000000e+00 0.000000e+00 0.000000e+00 0.000000e+00 0.000000e+00 0.000000e+00 6.626178e+00
 3.600000e+01 3.386807e-07 1.519233e-06 3.124065e-06 1.372613e-06 6.962028e-07 2.676882e-07 1.344467e-06 1.320513e-06 1.319939e-06 1.319454e-06 1.895829e-06 7.366015e-07 2.890316e-06 2.545745e-07 1.285934e-06 2.869762e-06 1.844254e-06 1.172687e-06 1.254426e-06 7.066433e-07 1.158304e-06 2.767173e-06 1.233032e-06 1.217685e-06 2.727895e-06 1.208836e-06 1.866341e-06 3.628207e-06 2.705244e-06 1.198642e-06 1.849186e-06 1.191782e-06 2.329830e-07 6.044769e-07 0.000000e+00 0.000000e+00 0.000000e+00 0.000000e+00 0.000000e+00 0.000000e+00 0.000000e+00 5.708117e+00
 3.850000e+01 1.206390e-07 5.451896e-07 1.134703e-06 4.937254e-07 2.496829e-07 9.600732e-08 4.838702e-07 4.754861e-07 4.752852e-07 4.751154e-07 6.850598e-07 2.647253e-07 1.051178e-06 9.146288e-08 4.633889e-07 1.043843e-06 6.668916e-07 4.226214e-07 4.523723e-07 2.543113e-07 4.176021e-07 1.007264e-06 4.448956e-07 4.395936e-07 9.933913e-07 4.365022e-07 6.762868e-07 1.329116e-06 9.853262e-07 4.329418e-07 6.702455e-07 4.305465e-07 8.399584e-08 2.178756e-07 0.000000e+00 0.000000e+00 0.000000e+00 0.000000e+00 0.000000e+00 0.000000e+00 0.000000e+00 4.961808e+00
 4.100000e+01 4.432069e-08 2.016285e-07 4.247743e-07 1.829950e-07 9.225851e-08 3.546834e-08 1.794243e-07 1.763880e-07 1.763152e-07 1.762537e-07 2.550248e-07 9.800484e-08 3.938673e-07 3.384015e-08 1.720087e-07 3.911569e-07 2.483989e-07 1.568691e-07 1.680224e-07 9.426057e-08 1.550559e-07 3.776489e-07 1.653179e-07 1.633790e-07 3.724862e-07 1.622614e-07 2.522988e-07 5.013366e-07 3.695114e-07 1.609744e-07 2.500957e-07 1.601086e-07 3.116197e-08 8.082474e-08 0.000000e+00 0.000000e+00 0.000000e+00 0.000000e+00 0.000000e+00 0.000000e+00 0.000000e+00 4.339914e+00
