#             0.000000e+00 4.911000e-01 9.140100e-01 1.398560e+00 1.865220e+00 1.987830e+00 2.266340e+00 2.318100e+00 2.323870e+00 2.360000e+00 2.390920e+00 2.587740e+00 2.664500e+00 2.706040e+00 2.715010e+00 2.928200e+00 2.992900e+00 3.024800e+00 3.042710e+00 3.114100e+00 3.121600e+00 3.129670e+00 3.309000e+00 3.309100e+00 3.329540e+00 3.434000e+00 3.437000e+00 3.438000e+00 3.447780e+00 3.550600e+00 3.573900e+00 3.578100e+00 3.580310e+00 3.615000e+00 3.654000e+00 3.699000e+00 3.728900e+00 3.741800e+00 3.757700e+00 0.000000e+00 0.000000e+00 3.758700e+00
 3.500000e+00 6.833141e-01 4.183355e-01 6.074202e-01 3.864659e-01 3.339800e-01 4.805064e-01 5.005054e-01 3.187238e-01 4.944092e-01 4.905196e-01 1.653529e-01 6.550067e-02 1.469553e-01 3.848783e-01 2.476799e-01 3.542297e-01 2.185391e-01 3.398839e-01 1.179519e-01 3.259323e-01 3.610494e-01 3.597544e-01 1.812766e-01 9.918247e-02 4.166845e-02 2.761872e-01 1.861381e-01 2.265972e-01 1.944943e-02 2.456338e-01 2.407263e-01 2.748157e-01 2.444340e-01 2.666371e-01 2.578106e-01 1.262147e-01 2.095360e-01 2.373155e-01 1.361092e-01 0.000000e+00 0.000000e+00 2.925127e+00
 6.000000e+00 1.257088e+00 6.799367e-01 1.436754e+00 1.370698e+00 1.280251e+00 1.248153e+00 9.827369e-01 5.535452e-01 9.738926e-01 9.682999e-01 1.029712e+00 7.486510e-01 9.729968e-01 1.107597e+00 1.098640e+00 1.060745e+00 1.036247e+00 1.040214e+00 8.799222e-01 1.021194e+00 8.482208e-01 8.469118e-01 9.651167e-01 8.233746e-01 6.211351e-01 9.482231e-01 9.363493e-01 4.623414e-01 4.191228e-01 9.285845e-01 9.236948e-01 7.742550e-01 9.172373e-01 7.683202e-01 7.620606e-01 8.790499e-01 8.861113e-01 7.480216e-01 8.643238e-01 0.000000e+00 0.000000e+00 6.748637e+01
 8.500000e+00 4.261460e-01 2.109629e-01 5.474408e-01 6.360913e-01 6.089664e-01 5.015914e-01 3.433697e-01 1.776906e-01 3.412699e-01 3.399482e-01 6.287375e-01 6.156715e-01 6.105063e-01 4.583715e-01 5.579174e-01 4.466408e-01 5.404785e-01 4.414588e-01 5.871826e-01 4.366200e-01 3.154015e-01 3.150898e-01 5.199839e-01 5.682868e-01 5.645017e-01 4.257505e-01 5.091196e-01 1.584320e-01 5.098872e-01 4.122014e-01 4.108584e-01 2.973101e-01 4.173907e-01 2.958028e-01 2.942017e-01 4.935079e-01 4.087185e-01 2.905666e-01 4.865924e-01 0.000000e+00 0.000000e+00 8.250422e+01
 1.100000e+01 1.073912e-01 5.052580e-02 1.473488e-01 1.900143e-01 1.828600e-01 1.366784e-01 8.682503e-02 4.301188e-02 8.633762e-02 8.603125e-02 2.115441e-01 2.387544e-01 2.064636e-01 1.252000e-01 1.694331e-01 1.223787e-01 1.649623e-01 1.211505e-01 2.007337e-01 1.200147e-01 8.135340e-02 8.128238e-02 1.598494e-01 1.957457e-01 2.236604e-01 1.183841e-01 1.551957e-01 3.914054e-02 2.358932e-01 1.144666e-01 1.141709e-01 7.733730e-02 1.165115e-01 7.701329e-02 7.667101e-02 1.535198e-01 1.146104e-01 7.590117e-02 1.499751e-01 0.000000e+00 0.000000e+00 7.248553e+01
 1.350000e+01 2.287586e-02 1.046212e-02 3.286362e-02 4.537922e-02 4.392119e-02 3.103226e-02 1.881327e-02 9.097588e-03 1.872479e-02 1.866919e-02 5.453411e-02 6.703493e-02 5.343036e-02 2.858938e-02 4.120287e-02 2.804690e-02 4.029151e-02 2.780986e-02 5.251438e-02 2.759009e-02 1.797642e-02 1.796355e-02 3.923957e-02 5.142353e-02 6.357406e-02 2.750983e-02 3.796259e-02 8.435016e-03 7.335034e-02 2.650690e-02 2.644867e-02 1.724332e-02 2.714238e-02 1.718358e-02 1.712036e-02 3.791857e-02 2.676689e-02 1.697772e-02 3.686138e-02 0.000000e+00 0.000000e+00 6.682824e+01
 1.600000e+01 4.751117e-03 2.125708e-03 6.994666e-03 1.014135e-02 9.824010e-03 6.670522e-03 3.909945e-03 1.855441e-03 3.892905e-03 3.882224e-03 1.280048e-02 1.667775e-02 1.256656e-02 6.131669e-03 9.255501e-03 6.028069e-03 9.071784e-03 5.983209e-03 1.241477e-02 5.941832e-03 3.754703e-03 3.752310e-03 8.863676e-03 1.218911e-02 1.592447e-02 5.971586e-03 8.560448e-03 1.738216e-03 1.949424e-02 5.740674e-03 5.729979e-03 3.620541e-03 5.902568e-03 3.609793e-03 3.598448e-03 8.607586e-03 5.832683e-03 3.572958e-03 8.347938e-03 0.000000e+00 0.000000e+00 6.527376e+01
 1.850000e+01 1.020597e-03 4.502889e-04 1.540266e-03 2.325123e-03 2.253308e-03 1.482312e-03 8.475204e-04 3.963978e-04 8.439437e-04 8.417001e-04 3.017973e-03 4.107506e-03 2.963533e-03 1.357286e-03 2.122801e-03 1.334998e-03 2.080490e-03 1.325355e-03 2.945420e-03 1.316468e-03 8.163969e-04 8.158872e-04 2.032724e-03 2.892568e-03 3.924049e-03 1.328409e-03 1.950752e-03 3.737175e-04 5.002719e-03 1.273447e-03 1.271171e-03 7.878689e-04 1.313259e-03 7.855915e-04 7.831893e-04 1.974437e-03 1.297976e-03 7.778000e-04 1.904262e-03 0.000000e+00 0.000000e+00 6.677082e+01
 2.100000e+01 2.297122e-04 1.004792e-04 3.553219e-04 5.551016e-04 5.398924e-04 3.454643e-04 1.944665e-04 8.992920e-05 1.937414e-04 1.932859e-04 7.401361e-04 1.045924e-03 7.278472e-04 3.177221e-04 5.116374e-04 3.130004e-04 5.022630e-04 3.109450e-04 7.298224e-04 3.090439e-04 1.889961e-04 1.888897e-04 4.915384e-04 7.175532e-04 1.002098e-03 3.130472e-04 4.677047e-04 8.593212e-05 1.314809e-03 2.997456e-04 2.992494e-04 1.829829e-04 3.097490e-04 1.824976e-04 1.819847e-04 4.782435e-04 3.064005e-04 1.808310e-04 4.573018e-04 0.000000e+00 0.000000e+00 6.330436e+01
 2.350000e+01 5.386123e-05 2.340389e-05 8.472721e-05 1.353893e-04 1.320898e-04 8.293478e-05 4.616764e-05 2.120524e-05 4.601760e-05 4.592340e-05 1.852182e-04 2.708005e-04 1.825125e-04 7.674942e-05 1.260333e-04 7.575917e-05 1.240340e-04 7.532815e-05 1.849742e-04 7.492943e-05 4.533329e-05 4.531146e-05 1.217460e-04 1.822599e-04 2.608697e-04 7.614722e-05 1.156066e-04 2.052984e-05 3.504294e-04 7.297623e-05 7.287175e-05 4.409736e-05 7.545695e-05 4.399737e-05 4.389166e-05 1.189012e-04 7.475495e-05 4.365360e-05 1.133646e-04 0.000000e+00 0.000000e+00 6.110987e+01
 2.600000e+01 1.329579e-05 5.746519e-06 2.114523e-05 3.428982e-05 3.349389e-05 2.076513e-05 1.145866e-05 5.241106e-06 1.142429e-05 1.140273e-05 4.782314e-05 7.195605e-05 4.717574e-05 1.927649e-05 3.205688e-05 1.904927e-05 3.158987e-05 1.895072e-05 4.818754e-05 1.885976e-05 1.132283e-05 1.131793e-05 3.105994e-05 4.754554e-05 6.955023e-05 1.920660e-05 2.955121e-05 5.113440e-06 9.535791e-05 1.841681e-05 1.839323e-05 1.104676e-05 1.905109e-05 1.102455e-05 1.100109e-05 3.040758e-05 1.889347e-05 1.094834e-05 2.903872e-05 0.000000e+00 0.000000e+00 5.840031e+01
 2.850000e+01 3.431205e-06 1.477149e-06 5.502689e-06 9.027292e-06 8.823986e-06 5.416860e-06 2.969387e-06 1.353888e-06 2.960927e-06 2.955621e-06 1.277582e-05 1.966439e-05 1.260922e-05 5.036372e-06 8.457826e-06 4.979870e-06 8.339314e-06 4.955397e-06 1.293197e-05 4.932824e-06 2.945179e-06 2.943976e-06 8.205278e-06 1.276627e-05 1.903015e-05 5.030004e-06 7.814129e-06 1.327306e-06 2.653150e-05 4.823200e-06 4.817382e-06 2.877565e-06 4.991664e-06 2.872140e-06 2.866413e-06 8.041058e-06 4.952879e-06 2.853546e-06 7.686309e-06 0.000000e+00 0.000000e+00 5.520440e+01
 3.100000e+01 9.322907e-07 4.003564e-07 1.505004e-06 2.492172e-06 2.438532e-06 1.486136e-06 8.107564e-07 3.688179e-07 8.085713e-07 8.072005e-07 3.571944e-06 5.599973e-06 3.527211e-06 1.383595e-06 2.341644e-06 1.368825e-06 2.310214e-06 1.362423e-06 3.625758e-06 1.356516e-06 8.069413e-07 8.066285e-07 2.274627e-06 3.580780e-06 5.424161e-06 1.385172e-06 2.166925e-06 3.631079e-07 7.663854e-06 1.327806e-06 1.326281e-06 7.893533e-07 1.375135e-06 7.879408e-07 7.864495e-07 2.230984e-06 1.364977e-06 7.830979e-07 2.133009e-06 0.000000e+00 0.000000e+00 5.218941e+01
 3.350000e+01 2.613538e-07 1.120875e-07 4.240160e-07 7.071388e-07 6.927120e-07 4.201035e-07 2.284223e-07 1.037648e-07 2.278432e-07 2.274799e-07 1.024902e-06 1.631830e-06 1.012688e-06 3.916254e-07 6.666330e-07 3.876786e-07 6.581639e-07 3.859673e-07 1.042641e-06 3.843880e-07 2.281364e-07 2.280533e-07 6.485669e-07 1.030282e-06 1.582595e-06 3.931616e-07 6.182789e-07 1.025552e-07 2.261460e-06 3.767050e-07 3.762966e-07 2.234550e-07 3.904759e-07 2.230786e-07 2.226811e-07 6.367823e-07 3.877561e-07 2.217875e-07 6.090971e-07 0.000000e+00 0.000000e+00 5.411813e+01
 3.600000e+01 7.693190e-08 3.297552e-08 1.252812e-07 2.100419e-07 2.059614e-07 1.244822e-07 6.753386e-08 3.065446e-08 6.737225e-08 6.727086e-08 3.072770e-07 4.953623e-07 3.037912e-07 1.161830e-07 1.985994e-07 1.150763e-07 1.962111e-07 1.145965e-07 3.131314e-07 1.141537e-07 6.764894e-08 6.762574e-08 1.935056e-07 3.095975e-07 4.810690e-07 1.169382e-07 1.846039e-07 3.039509e-08 6.943817e-07 1.120001e-07 1.118857e-07 6.634315e-08 1.161864e-07 6.623815e-08 6.612727e-08 1.901845e-07 1.154250e-07 6.587798e-08 1.820111e-07 0.000000e+00 0.000000e+00 5.114098e+01
 3.850000e+01 2.346745e-08 1.005798e-08 3.832607e-08 6.450937e-08 6.330687e-08 3.816737e-08 2.067779e-08 9.381816e-09 2.063070e-08 2.060116e-08 9.507480e-08 1.547106e-07 9.404050e-08 3.566092e-08 6.114172e-08 3.533746e-08 6.044041e-08 3.519729e-08 9.699089e-08 3.506768e-08 2.075892e-08 2.075217e-08 5.964630e-08 9.594314e-08 1.504130e-07 3.596483e-08 5.692982e-08 9.325581e-09 2.190605e-07 3.443903e-08 3.440564e-08 2.037928e-08 3.574574e-08 2.034877e-08 2.031655e-08 5.867297e-08 3.552393e-08 2.024412e-08 5.616917e-08 0.000000e+00 0.000000e+00 4.830816e+01
 4.100000e+01 7.411937e-09 3.177532e-09 1.213171e-08 2.047820e-08 2.011001e-08 1.210323e-08 6.552374e-09 2.972218e-09 6.538072e-09 6.529101e-09 3.035751e-08 4.974628e-08 3.003856e-08 1.131942e-08 1.944780e-08 1.122098e-08 1.923356e-08 1.117833e-08 3.098641e-08 1.113899e-08 6.588793e-09 6.586747e-09 1.899125e-08 3.066386e-08 4.840560e-08 1.143342e-08 1.813211e-08 2.960037e-09 7.105093e-08 1.094783e-08 1.093768e-08 6.473666e-09 1.136688e-08 6.464417e-09 6.454650e-09 1.869431e-08 1.129952e-08 6.432697e-09 1.789980e-08 0.000000e+00 0.000000e+00 4.563127e+01
