name,energy,flux
SS01,29.097089999999998,1.4285714285714286e-06
SS01,29.16375,4.2857142857142855e-06
SS01,29.23041,2.8571428571428573e-06
SS01,29.297069999999998,8.571428571428571e-06
SS01,29.363729999999997,8.571428571428571e-06
SS01,29.43039,1.5714285714285715e-05
SS01,29.497049999999998,3.4285714285714284e-05
SS01,29.56371,2.857142857142857e-05
SS01,29.63037,5.714285714285714e-05
SS01,29.697029999999998,7.857142857142857e-05
SS01,29.763689999999997,0.00012857142857142858
SS01,29.83035,0.00018142857142857142
SS01,29.897009999999998,0.00025714285714285715
SS01,29.96367,0.0003214285714285714
SS01,30.03033,0.0005357142857142857
SS01,30.096989999999998,0.0006971428571428571
SS01,30.163649999999997,0.0009157142857142858
SS01,30.23031,0.0012014285714285714
SS01,30.296969999999998,0.0015157142857142858
SS01,30.36363,0.00208
SS01,30.43029,0.0026442857142857145
SS01,30.49695,0.0032571428571428573
SS01,30.563609999999997,0.004021428571428572
SS01,30.63027,0.004858571428571428
SS01,30.69693,0.005798571428571429
SS01,30.76359,0.007048571428571428
SS01,30.83025,0.007927142857142857
SS01,30.89691,0.009395714285714285
SS01,30.963569999999997,0.010861428571428572
SS01,31.03023,0.012078571428571428
SS01,31.09689,0.013807142857142856
SS01,31.16355,0.014871428571428572
SS01,31.23021,0.01634285714285714
SS01,31.29687,0.017624285714285714
SS01,31.363529999999997,0.01902142857142857
SS01,31.43019,0.020297142857142857
SS01,31.49685,0.021298571428571427
SS01,31.56351,0.022212857142857142
SS01,31.63017,0.023222857142857142
SS01,31.69683,0.024125714285714285
SS01,31.763489999999997,0.02472142857142857
SS01,31.83015,0.025537142857142855
SS01,31.89681,0.025525714285714287
SS01,31.96347,0.02625
SS01,32.03013,0.026704285714285715
SS01,32.09679,0.026818571428571428
SS01,32.16345,0.02729857142857143
SS01,32.230109999999996,0.026884285714285715
SS01,32.296769999999995,0.027248571428571428
SS01,32.36343,0.027617142857142857
SS01,32.43009,0.0272
SS01,32.49675,0.027572857142857142
SS01,32.56341,0.026934285714285713
SS01,32.630069999999996,0.026704285714285715
SS01,32.69673,0.02678
SS01,32.76339,0.026102857142857143
SS01,32.83005,0.026005714285714285
SS01,32.89671,0.024987142857142857
SS01,32.96337,0.024198571428571427
SS01,33.03003,0.023555714285714284
SS01,33.096689999999995,0.02236
SS01,33.16335,0.02157
SS01,33.23001,0.02008
SS01,33.29667,0.018651428571428572
SS01,33.36333,0.017284285714285714
SS01,33.42999,0.015575714285714286
SS01,33.49665,0.014427142857142857
SS01,33.56331,0.012614285714285715
SS01,33.62997,0.011132857142857142
SS01,33.69663,0.00977
SS01,33.76329,0.008262857142857143
SS01,33.82995,0.007358571428571429
SS01,33.896609999999995,0.005775714285714286
SS01,33.96327,0.004897142857142857
SS01,34.02993,0.00393
SS01,34.09659,0.00309
SS01,34.16325,0.0026385714285714285
SS01,34.22991,0.0018185714285714285
SS01,34.296569999999996,0.0014885714285714285
SS01,34.36323,0.0011057142857142856
SS01,34.42989,0.0008371428571428572
SS01,34.49655,0.0005914285714285714
SS01,34.56321,0.00039428571428571426
SS01,34.62987,0.0002757142857142857
SS01,34.696529999999996,0.00020428571428571428
SS01,34.763189999999994,0.00016714285714285713
SS01,34.82985,0.0001
SS01,34.89651,5.714285714285714e-05
SS01,34.96317,3.857142857142857e-05
SS01,35.02983,2.5714285714285714e-05
SS01,35.096489999999996,1.4285714285714285e-05
SS01,35.16315,1e-05
SS01,35.22981,4.2857142857142855e-06
SS01,35.29647,2.8571428571428573e-06
SS01,35.36313,4.2857142857142855e-06
SS01,35.42979,1.4285714285714286e-06
SS01,35.496449999999996,0.0
SS01,35.563109999999995,1.4285714285714286e-06
Ni01,28.63047,6.666666666666667e-06
Ni01,28.697129999999998,1e-05
Ni01,28.76379,1e-05
Ni01,28.83045,2.6666666666666667e-05
Ni01,28.897109999999998,3e-05
Ni01,28.963769999999997,4.6666666666666665e-05
Ni01,29.03043,0.0001
Ni01,29.097089999999998,0.00010666666666666667
Ni01,29.16375,0.00017333333333333334
Ni01,29.23041,0.00026
Ni01,29.297069999999998,0.0003933333333333333
Ni01,29.363729999999997,0.0005266666666666667
Ni01,29.43039,0.0007133333333333333
Ni01,29.497049999999998,0.00112
Ni01,29.56371,0.00149
Ni01,29.63037,0.0019666666666666665
Ni01,29.697029999999998,0.0027
Ni01,29.763689999999997,0.0035933333333333334
Ni01,29.83035,0.00475
Ni01,29.897009999999998,0.006076666666666667
Ni01,29.96367,0.00751
Ni01,30.03033,0.00948
Ni01,30.096989999999998,0.01181
Ni01,30.163649999999997,0.014363333333333334
Ni01,30.23031,0.016786666666666665
Ni01,30.296969999999998,0.01985666666666667
Ni01,30.36363,0.022813333333333335
Ni01,30.43029,0.026346666666666668
Ni01,30.49695,0.030566666666666666
Ni01,30.563609999999997,0.03317
Ni01,30.63027,0.03646666666666667
Ni01,30.69693,0.03936666666666667
Ni01,30.76359,0.04284
Ni01,30.83025,0.043833333333333335
Ni01,30.89691,0.045956666666666666
Ni01,30.963569999999997,0.047086666666666666
Ni01,31.03023,0.04731666666666667
Ni01,31.09689,0.047156666666666666
Ni01,31.16355,0.04633333333333333
Ni01,31.23021,0.04432333333333333
Ni01,31.29687,0.04299
Ni01,31.363529999999997,0.03977
Ni01,31.43019,0.03664333333333333
Ni01,31.49685,0.033863333333333336
Ni01,31.56351,0.03062
Ni01,31.63017,0.02724
Ni01,31.69683,0.02383
Ni01,31.763489999999997,0.02056
Ni01,31.83015,0.01763
Ni01,31.89681,0.014573333333333334
Ni01,31.96347,0.012116666666666666
Ni01,32.03013,0.00979
Ni01,32.09679,0.008043333333333333
Ni01,32.16345,0.006163333333333333
Ni01,32.230109999999996,0.0048133333333333335
Ni01,32.296769999999995,0.0037866666666666665
Ni01,32.36343,0.0028933333333333333
Ni01,32.43009,0.00205
Ni01,32.49675,0.00152
Ni01,32.56341,0.0011166666666666666
Ni01,32.630069999999996,0.00075
Ni01,32.69673,0.0005466666666666667
Ni01,32.76339,0.00044666666666666666
Ni01,32.83005,0.00027666666666666665
Ni01,32.89671,0.00016
Ni01,32.96337,0.00013666666666666666
Ni01,33.03003,6e-05
Ni01,33.096689999999995,3.6666666666666666e-05
Ni01,33.16335,3.6666666666666666e-05
Ni01,33.23001,1.3333333333333333e-05
Ni01,33.29667,1.3333333333333333e-05
Ni01,33.36333,1e-05
Ni01,33.42999,3.3333333333333333e-06
Ni01,33.49665,6.666666666666667e-06
Ni01,33.56331,3.3333333333333333e-06
Ni01,33.62997,0.0
Ir01,27.83055,6.666666666666667e-06
Ir01,27.897209999999998,1e-05
Ir01,27.96387,1e-05
Ir01,28.03053,2e-05
Ir01,28.097189999999998,2e-05
Ir01,28.163849999999996,4e-05
Ir01,28.23051,9e-05
Ir01,28.297169999999998,8.333333333333333e-05
Ir01,28.36383,0.00014
Ir01,28.43049,0.00020333333333333333
Ir01,28.497149999999998,0.00029
Ir01,28.563809999999997,0.00041
Ir01,28.63047,0.0006
Ir01,28.697129999999998,0.0007433333333333334
Ir01,28.76379,0.0011833333333333333
Ir01,28.83045,0.0015466666666666667
Ir01,28.897109999999998,0.00207
Ir01,28.963769999999997,0.0026533333333333335
Ir01,29.03043,0.0033333333333333335
Ir01,29.097089999999998,0.004396666666666667
Ir01,29.16375,0.005586666666666667
Ir01,29.23041,0.006823333333333333
Ir01,29.297069999999998,0.008546666666666666
Ir01,29.363729999999997,0.010166666666666666
Ir01,29.43039,0.012133333333333333
Ir01,29.497049999999998,0.014813333333333333
Ir01,29.56371,0.01648
Ir01,29.63037,0.01918
Ir01,29.697029999999998,0.022
Ir01,29.763689999999997,0.025203333333333335
Ir01,29.83035,0.027436666666666668
Ir01,29.897009999999998,0.030496666666666665
Ir01,29.96367,0.032236666666666663
Ir01,30.03033,0.03481
Ir01,30.096989999999998,0.03735666666666667
Ir01,30.163649999999997,0.03933333333333333
Ir01,30.23031,0.04035
Ir01,30.296969999999998,0.04192333333333333
Ir01,30.36363,0.041446666666666666
Ir01,30.43029,0.04237333333333333
Ir01,30.49695,0.04247666666666667
Ir01,30.563609999999997,0.041626666666666666
Ir01,30.63027,0.040233333333333336
Ir01,30.69693,0.03892
Ir01,30.76359,0.03669
Ir01,30.83025,0.034883333333333336
Ir01,30.89691,0.03212333333333333
Ir01,30.963569999999997,0.02955
Ir01,31.03023,0.026766666666666668
Ir01,31.09689,0.023986666666666667
Ir01,31.16355,0.021463333333333334
Ir01,31.23021,0.01858
Ir01,31.29687,0.016453333333333334
Ir01,31.363529999999997,0.013786666666666666
Ir01,31.43019,0.011323333333333333
Ir01,31.49685,0.009686666666666666
Ir01,31.56351,0.007733333333333333
Ir01,31.63017,0.00648
Ir01,31.69683,0.0051
Ir01,31.763489999999997,0.0038566666666666667
Ir01,31.83015,0.0031366666666666665
Ir01,31.89681,0.0023566666666666666
Ir01,31.96347,0.00181
Ir01,32.03013,0.0012833333333333334
Ir01,32.09679,0.0009266666666666667
Ir01,32.16345,0.0006366666666666667
Ir01,32.230109999999996,0.00048333333333333334
Ir01,32.296769999999995,0.00035666666666666664
Ir01,32.36343,0.0003
Ir01,32.43009,0.00014333333333333334
Ir01,32.49675,0.00012
Ir01,32.56341,6.333333333333333e-05
Ir01,32.630069999999996,3.6666666666666666e-05
Ir01,32.69673,2.6666666666666667e-05
Ir01,32.76339,2e-05
Ir01,32.83005,1e-05
Ir01,32.89671,1e-05
Ir01,32.96337,3.3333333333333333e-06
Ir01,33.03003,3.3333333333333333e-06
Ir01,33.096689999999995,0.0
Ir01,33.16335,3.3333333333333333e-06
Cu01,27.297269999999997,3.3333333333333333e-06
Cu01,27.36393,1e-05
Cu01,27.43059,6.666666666666667e-06
Cu01,27.49725,1e-05
Cu01,27.56391,2.6666666666666667e-05
Cu01,27.63057,3e-05
Cu01,27.697229999999998,4.3333333333333334e-05
Cu01,27.763889999999996,0.00010666666666666667
Cu01,27.83055,0.0001
Cu01,27.897209999999998,0.00016666666666666666
Cu01,27.96387,0.00026
Cu01,28.03053,0.00036333333333333335
Cu01,28.097189999999998,0.00048333333333333334
Cu01,28.163849999999996,0.0006733333333333333
Cu01,28.23051,0.0010066666666666666
Cu01,28.297169999999998,0.0014033333333333333
Cu01,28.36383,0.00188
Cu01,28.43049,0.002446666666666667
Cu01,28.497149999999998,0.0032933333333333334
Cu01,28.563809999999997,0.004226666666666667
Cu01,28.63047,0.0055
Cu01,28.697129999999998,0.00693
Cu01,28.76379,0.00855
Cu01,28.83045,0.01071
Cu01,28.897109999999998,0.0129
Cu01,28.963769999999997,0.015353333333333333
Cu01,29.03043,0.01852
Cu01,29.097089999999998,0.02099
Cu01,29.16375,0.024406666666666667
Cu01,29.23041,0.02739
Cu01,29.297069999999998,0.031286666666666664
Cu01,29.363729999999997,0.03400333333333334
Cu01,29.43039,0.03716666666666667
Cu01,29.497049999999998,0.04047333333333333
Cu01,29.56371,0.04190666666666667
Cu01,29.63037,0.04429333333333333
Cu01,29.697029999999998,0.04543
Cu01,29.763689999999997,0.04648
Cu01,29.83035,0.046463333333333336
Cu01,29.897009999999998,0.045796666666666666
Cu01,29.96367,0.04476666666666667
Cu01,30.03033,0.04326666666666667
Cu01,30.096989999999998,0.04115
Cu01,30.163649999999997,0.0384
Cu01,30.23031,0.03547
Cu01,30.296969999999998,0.03278
Cu01,30.36363,0.029256666666666667
Cu01,30.43029,0.02583
Cu01,30.49695,0.023296666666666667
Cu01,30.563609999999997,0.019723333333333332
Cu01,30.63027,0.016853333333333335
Cu01,30.69693,0.014266666666666667
Cu01,30.76359,0.011703333333333333
Cu01,30.83025,0.0095
Cu01,30.89691,0.007846666666666667
Cu01,30.963569999999997,0.006073333333333333
Cu01,31.03023,0.004743333333333333
Cu01,31.09689,0.00372
Cu01,31.16355,0.002873333333333333
Cu01,31.23021,0.0020666666666666667
Cu01,31.29687,0.00152
Cu01,31.363529999999997,0.0011733333333333333
Cu01,31.43019,0.00079
Cu01,31.49685,0.00055
Cu01,31.56351,0.00044666666666666666
Cu01,31.63017,0.0003133333333333333
Cu01,31.69683,0.00017666666666666666
Cu01,31.763489999999997,0.00013666666666666666
Cu01,31.83015,7e-05
Cu01,31.89681,5e-05
Cu01,31.96347,3.3333333333333335e-05
Cu01,32.03013,2e-05
Cu01,32.09679,1.6666666666666667e-05
Cu01,32.16345,0.0
Cu01,32.230109999999996,1.3333333333333333e-05
Cu01,32.296769999999995,6.666666666666667e-06
Cu01,32.36343,0.0
Cu01,32.43009,3.3333333333333333e-06
Fe01,26.897309999999997,6.666666666666667e-06
Fe01,26.96397,1e-05
Fe01,27.03063,1e-05
Fe01,27.09729,2.6666666666666667e-05
Fe01,27.16395,2.6666666666666667e-05
Fe01,27.23061,4.3333333333333334e-05
Fe01,27.297269999999997,0.0001
Fe01,27.36393,9.333333333333333e-05
Fe01,27.43059,0.00015333333333333334
Fe01,27.49725,0.00023666666666666665
Fe01,27.56391,0.00034666666666666667
Fe01,27.63057,0.00045
Fe01,27.697229999999998,0.00063
Fe01,27.763889999999996,0.0009533333333333334
Fe01,27.83055,0.0012433333333333333
Fe01,27.897209999999998,0.0017866666666666667
Fe01,27.96387,0.0023233333333333335
Fe01,28.03053,0.0030566666666666667
Fe01,28.097189999999998,0.00392
Fe01,28.163849999999996,0.005036666666666667
Fe01,28.23051,0.006493333333333334
Fe01,28.297169999999998,0.008156666666666666
Fe01,28.36383,0.010043333333333333
Fe01,28.43049,0.01219
Fe01,28.497149999999998,0.014783333333333334
Fe01,28.563809999999997,0.017036666666666665
Fe01,28.63047,0.020246666666666666
Fe01,28.697129999999998,0.023003333333333334
Fe01,28.76379,0.02623
Fe01,28.83045,0.030323333333333334
Fe01,28.897109999999998,0.03263
Fe01,28.963769999999997,0.03581
Fe01,29.03043,0.03926333333333333
Fe01,29.097089999999998,0.04134
Fe01,29.16375,0.04331
Fe01,29.23041,0.04453
Fe01,29.297069999999998,0.045963333333333335
Fe01,29.363729999999997,0.04618333333333333
Fe01,29.43039,0.04642333333333333
Fe01,29.497049999999998,0.04458666666666666
Fe01,29.56371,0.04360666666666667
Fe01,29.63037,0.041903333333333334
Fe01,29.697029999999998,0.03920333333333333
Fe01,29.763689999999997,0.03648333333333333
Fe01,29.83035,0.03367666666666667
Fe01,29.897009999999998,0.03066
Fe01,29.96367,0.027376666666666667
Fe01,30.03033,0.02403
Fe01,30.096989999999998,0.02107
Fe01,30.163649999999997,0.017956666666666666
Fe01,30.23031,0.015066666666666667
Fe01,30.296969999999998,0.01287
Fe01,30.36363,0.010293333333333333
Fe01,30.43029,0.008466666666666667
Fe01,30.49695,0.007053333333333333
Fe01,30.563609999999997,0.00511
Fe01,30.63027,0.004266666666666667
Fe01,30.69693,0.003183333333333333
Fe01,30.76359,0.0024666666666666665
Fe01,30.83025,0.0017833333333333334
Fe01,30.89691,0.00124
Fe01,30.963569999999997,0.0010066666666666666
Fe01,31.03023,0.0007066666666666666
Fe01,31.09689,0.00044333333333333334
Fe01,31.16355,0.0004166666666666667
Fe01,31.23021,0.00021666666666666666
Fe01,31.29687,0.00015333333333333334
Fe01,31.363529999999997,0.00011666666666666667
Fe01,31.43019,5.333333333333333e-05
Fe01,31.49685,3.3333333333333335e-05
Fe01,31.56351,4e-05
Fe01,31.63017,6.666666666666667e-06
Fe01,31.69683,1.3333333333333333e-05
Fe01,31.763489999999997,1e-05
Fe01,31.83015,3.3333333333333333e-06
Fe01,31.89681,6.666666666666667e-06
Fe01,31.96347,3.3333333333333333e-06
Fe01,32.03013,0.0
Ni02,26.29737,3.3333333333333333e-06
Ni02,26.36403,3.3333333333333333e-06
Ni02,26.43069,1.3333333333333333e-05
Ni02,26.497349999999997,6.666666666666667e-06
Ni02,26.56401,2e-05
Ni02,26.63067,2.6666666666666667e-05
Ni02,26.69733,4.6666666666666665e-05
Ni02,26.76399,8.333333333333333e-05
Ni02,26.83065,8e-05
Ni02,26.897309999999997,0.00014333333333333334
Ni02,26.96397,0.00018666666666666666
Ni02,27.03063,0.0003533333333333333
Ni02,27.09729,0.00038666666666666667
Ni02,27.16395,0.0005866666666666667
Ni02,27.23061,0.00073
Ni02,27.297269999999997,0.00121
Ni02,27.36393,0.0015666666666666667
Ni02,27.43059,0.0020366666666666667
Ni02,27.49725,0.00262
Ni02,27.56391,0.0034466666666666665
Ni02,27.63057,0.00453
Ni02,27.697229999999998,0.005726666666666666
Ni02,27.763889999999996,0.00706
Ni02,27.83055,0.00862
Ni02,27.897209999999998,0.010833333333333334
Ni02,27.96387,0.01291
Ni02,28.03053,0.015096666666666666
Ni02,28.097189999999998,0.017993333333333333
Ni02,28.163849999999996,0.020386666666666668
Ni02,28.23051,0.023626666666666667
Ni02,28.297169999999998,0.026416666666666668
Ni02,28.36383,0.03039
Ni02,28.43049,0.03227666666666667
Ni02,28.497149999999998,0.035726666666666664
Ni02,28.563809999999997,0.03806
Ni02,28.63047,0.0406
Ni02,28.697129999999998,0.04231666666666667
Ni02,28.76379,0.04334
Ni02,28.83045,0.044783333333333335
Ni02,28.897109999999998,0.04478
Ni02,28.963769999999997,0.04481333333333333
Ni02,29.03043,0.04395333333333333
Ni02,29.097089999999998,0.04242
Ni02,29.16375,0.040863333333333335
Ni02,29.23041,0.038443333333333336
Ni02,29.297069999999998,0.03565666666666667
Ni02,29.363729999999997,0.03331666666666667
Ni02,29.43039,0.030663333333333334
Ni02,29.497049999999998,0.02694
Ni02,29.56371,0.0243
Ni02,29.63037,0.021053333333333334
Ni02,29.697029999999998,0.01845
Ni02,29.763689999999997,0.01565
Ni02,29.83035,0.013346666666666666
Ni02,29.897009999999998,0.01082
Ni02,29.96367,0.008926666666666666
Ni02,30.03033,0.007366666666666666
Ni02,30.096989999999998,0.005716666666666667
Ni02,30.163649999999997,0.004543333333333333
Ni02,30.23031,0.0036133333333333334
Ni02,30.296969999999998,0.0027366666666666668
Ni02,30.36363,0.00202
Ni02,30.43029,0.0015166666666666666
Ni02,30.49695,0.0011666666666666668
Ni02,30.563609999999997,0.0007833333333333334
Ni02,30.63027,0.00057
Ni02,30.69693,0.00044
Ni02,30.76359,0.00031
Ni02,30.83025,0.00019333333333333333
Ni02,30.89691,0.00014
Ni02,30.963569999999997,8e-05
Ni02,31.03023,5.6666666666666664e-05
Ni02,31.09689,3.6666666666666666e-05
Ni02,31.16355,2.6666666666666667e-05
Ni02,31.23021,1e-05
Ni02,31.29687,6.666666666666667e-06
Ni02,31.363529999999997,1e-05
Ni02,31.43019,6.666666666666667e-06
Ni02,31.49685,3.3333333333333333e-06
Ni02,31.56351,3.3333333333333333e-06
Ni02,31.63017,0.0
Ir02,25.49745,6.666666666666667e-06
Ir02,25.56411,1e-05
Ir02,25.63077,1e-05
Ir02,25.697429999999997,1.6666666666666667e-05
Ir02,25.76409,1.6666666666666667e-05
Ir02,25.83075,3.3333333333333335e-05
Ir02,25.89741,7e-05
Ir02,25.96407,7e-05
Ir02,26.03073,9e-05
Ir02,26.097389999999997,0.00015333333333333334
Ir02,26.16405,0.00023333333333333333
Ir02,26.23071,0.00030333333333333335
Ir02,26.29737,0.00043
Ir02,26.36403,0.0005733333333333334
Ir02,26.43069,0.0007733333333333333
Ir02,26.497349999999997,0.0011033333333333333
Ir02,26.56401,0.0014733333333333334
Ir02,26.63067,0.0018733333333333334
Ir02,26.69733,0.00244
Ir02,26.76399,0.003
Ir02,26.83065,0.003926666666666667
Ir02,26.897309999999997,0.004913333333333333
Ir02,26.96397,0.006063333333333333
Ir02,27.03063,0.007573333333333333
Ir02,27.09729,0.0088
Ir02,27.16395,0.010593333333333333
Ir02,27.23061,0.012316666666666667
Ir02,27.297269999999997,0.01443
Ir02,27.36393,0.016426666666666666
Ir02,27.43059,0.018923333333333334
Ir02,27.49725,0.02144
Ir02,27.56391,0.024133333333333333
Ir02,27.63057,0.026286666666666667
Ir02,27.697229999999998,0.028836666666666667
Ir02,27.763889999999996,0.03055
Ir02,27.83055,0.03271
Ir02,27.897209999999998,0.03497666666666667
Ir02,27.96387,0.03698
Ir02,28.03053,0.037886666666666666
Ir02,28.097189999999998,0.039406666666666666
Ir02,28.163849999999996,0.039253333333333335
Ir02,28.23051,0.04006333333333333
Ir02,28.297169999999998,0.040126666666666665
Ir02,28.36383,0.03981666666666667
Ir02,28.43049,0.038946666666666664
Ir02,28.497149999999998,0.037643333333333334
Ir02,28.563809999999997,0.03596666666666667
Ir02,28.63047,0.03443333333333334
Ir02,28.697129999999998,0.032413333333333336
Ir02,28.76379,0.029946666666666667
Ir02,28.83045,0.027816666666666667
Ir02,28.897109999999998,0.025053333333333334
Ir02,28.963769999999997,0.02275
Ir02,29.03043,0.020353333333333334
Ir02,29.097089999999998,0.017943333333333332
Ir02,29.16375,0.015626666666666667
Ir02,29.23041,0.01356
Ir02,29.297069999999998,0.011193333333333333
Ir02,29.363729999999997,0.009693333333333333
Ir02,29.43039,0.008003333333333333
Ir02,29.497049999999998,0.006416666666666667
Ir02,29.56371,0.00555
Ir02,29.63037,0.004076666666666667
Ir02,29.697029999999998,0.0033
Ir02,29.763689999999997,0.0026766666666666666
Ir02,29.83035,0.0020366666666666667
Ir02,29.897009999999998,0.0015433333333333334
Ir02,29.96367,0.0010733333333333333
Ir02,30.03033,0.0008133333333333333
Ir02,30.096989999999998,0.00057
Ir02,30.163649999999997,0.00044
Ir02,30.23031,0.00034
Ir02,30.296969999999998,0.00026333333333333336
Ir02,30.36363,0.00014333333333333334
Ir02,30.43029,0.00010666666666666667
Ir02,30.49695,7.333333333333333e-05
Ir02,30.563609999999997,3.6666666666666666e-05
Ir02,30.63027,2.6666666666666667e-05
Ir02,30.69693,2.3333333333333332e-05
Ir02,30.76359,3.3333333333333333e-06
Ir02,30.83025,1e-05
Ir02,30.89691,6.666666666666667e-06
Ir02,30.963569999999997,3.3333333333333333e-06
Ir02,31.03023,3.3333333333333333e-06
Ir02,31.09689,3.3333333333333333e-06
Ir02,31.16355,0.0
Cu02,24.96417,6.666666666666667e-06
Cu02,25.030829999999998,6.666666666666667e-06
Cu02,25.09749,6.666666666666667e-06
Cu02,25.16415,1.3333333333333333e-05
Cu02,25.230809999999998,2.3333333333333332e-05
Cu02,25.297469999999997,3.6666666666666666e-05
Cu02,25.36413,4.3333333333333334e-05
Cu02,25.43079,9.666666666666667e-05
Cu02,25.49745,9e-05
Cu02,25.56411,0.00015666666666666666
Cu02,25.63077,0.00021666666666666666
Cu02,25.697429999999997,0.00033666666666666665
Cu02,25.76409,0.00041
Cu02,25.83075,0.0005766666666666666
Cu02,25.89741,0.00078
Cu02,25.96407,0.0011333333333333334
Cu02,26.03073,0.0015366666666666666
Cu02,26.097389999999997,0.0019433333333333334
Cu02,26.16405,0.0026
Cu02,26.23071,0.0033566666666666667
Cu02,26.29737,0.004263333333333333
Cu02,26.36403,0.00547
Cu02,26.43069,0.006693333333333333
Cu02,26.497349999999997,0.008123333333333333
Cu02,26.56401,0.010156666666666666
Cu02,26.63067,0.012053333333333333
Cu02,26.69733,0.014296666666666666
Cu02,26.76399,0.01684333333333333
Cu02,26.83065,0.019416666666666665
Cu02,26.897309999999997,0.02188
Cu02,26.96397,0.02484
Cu02,27.03063,0.02885
Cu02,27.09729,0.03058
Cu02,27.16395,0.033813333333333334
Cu02,27.23061,0.036263333333333335
Cu02,27.297269999999997,0.03870333333333333
Cu02,27.36393,0.04056666666666667
Cu02,27.43059,0.04214
Cu02,27.49725,0.04317
Cu02,27.56391,0.043976666666666664
Cu02,27.63057,0.04436333333333333
Cu02,27.697229999999998,0.04298333333333333
Cu02,27.763889999999996,0.042466666666666666
Cu02,27.83055,0.04097666666666667
Cu02,27.897209999999998,0.03919
Cu02,27.96387,0.03676666666666667
Cu02,28.03053,0.03422
Cu02,28.097189999999998,0.03153333333333333
Cu02,28.163849999999996,0.028913333333333333
Cu02,28.23051,0.02581
Cu02,28.297169999999998,0.023063333333333335
Cu02,28.36383,0.019963333333333333
Cu02,28.43049,0.0175
Cu02,28.497149999999998,0.014696666666666667
Cu02,28.563809999999997,0.012753333333333334
Cu02,28.63047,0.010203333333333333
Cu02,28.697129999999998,0.00864
Cu02,28.76379,0.0070933333333333334
Cu02,28.83045,0.005423333333333333
Cu02,28.897109999999998,0.004443333333333333
Cu02,28.963769999999997,0.003416666666666667
Cu02,29.03043,0.00273
Cu02,29.097089999999998,0.0019533333333333334
Cu02,29.16375,0.0014933333333333333
Cu02,29.23041,0.0011533333333333333
Cu02,29.297069999999998,0.0007966666666666667
Cu02,29.363729999999997,0.00059
Cu02,29.43039,0.00044
Cu02,29.497049999999998,0.00033666666666666665
Cu02,29.56371,0.00021
Cu02,29.63037,0.00013
Cu02,29.697029999999998,0.00010666666666666667
Cu02,29.763689999999997,5e-05
Cu02,29.83035,3.3333333333333335e-05
Cu02,29.897009999999998,4e-05
Cu02,29.96367,3.3333333333333333e-06
Cu02,30.03033,1.6666666666666667e-05
Cu02,30.096989999999998,1e-05
Cu02,30.163649999999997,3.3333333333333333e-06
Cu02,30.23031,6.666666666666667e-06
Cu02,30.296969999999998,0.0
Cu02,30.36363,3.3333333333333333e-06
Fe02,24.497549999999997,6.666666666666667e-06
Fe02,24.56421,1e-05
Fe02,24.630869999999998,1e-05
Fe02,24.69753,1.6666666666666667e-05
Fe02,24.76419,3e-05
Fe02,24.830849999999998,3e-05
Fe02,24.897509999999997,7e-05
Fe02,24.96417,9.333333333333333e-05
Fe02,25.030829999999998,0.00010333333333333333
Fe02,25.09749,0.00016333333333333334
Fe02,25.16415,0.00026
Fe02,25.230809999999998,0.0003133333333333333
Fe02,25.297469999999997,0.00046333333333333334
Fe02,25.36413,0.0006233333333333334
Fe02,25.43079,0.0009
Fe02,25.49745,0.0011566666666666667
Fe02,25.56411,0.0016433333333333332
Fe02,25.63077,0.002043333333333333
Fe02,25.697429999999997,0.0026966666666666667
Fe02,25.76409,0.0034966666666666666
Fe02,25.83075,0.004383333333333334
Fe02,25.89741,0.005556666666666666
Fe02,25.96407,0.0069366666666666665
Fe02,26.03073,0.008343333333333333
Fe02,26.097389999999997,0.01031
Fe02,26.16405,0.012306666666666667
Fe02,26.23071,0.01438
Fe02,26.29737,0.017156666666666667
Fe02,26.36403,0.01954
Fe02,26.43069,0.022256666666666668
Fe02,26.497349999999997,0.02483
Fe02,26.56401,0.02863
Fe02,26.63067,0.03064
Fe02,26.69733,0.03379
Fe02,26.76399,0.03616333333333333
Fe02,26.83065,0.03876
Fe02,26.897309999999997,0.04018
Fe02,26.96397,0.04180333333333333
Fe02,27.03063,0.04332
Fe02,27.09729,0.04352
Fe02,27.16395,0.043846666666666666
Fe02,27.23061,0.04283666666666667
Fe02,27.297269999999997,0.04186
Fe02,27.36393,0.0409
Fe02,27.43059,0.0389
Fe02,27.49725,0.036366666666666665
Fe02,27.56391,0.033953333333333335
Fe02,27.63057,0.03163666666666667
Fe02,27.697229999999998,0.028556666666666668
Fe02,27.763889999999996,0.02596
Fe02,27.83055,0.022906666666666665
Fe02,27.897209999999998,0.02008
Fe02,27.96387,0.017466666666666665
Fe02,28.03053,0.014633333333333333
Fe02,28.097189999999998,0.01293
Fe02,28.163849999999996,0.010276666666666667
Fe02,28.23051,0.008733333333333333
Fe02,28.297169999999998,0.00715
Fe02,28.36383,0.0055966666666666665
Fe02,28.43049,0.004423333333333333
Fe02,28.497149999999998,0.0035566666666666667
Fe02,28.563809999999997,0.0027433333333333333
Fe02,28.63047,0.0020466666666666667
Fe02,28.697129999999998,0.0015633333333333332
Fe02,28.76379,0.00116
Fe02,28.83045,0.0009066666666666666
Fe02,28.897109999999998,0.0005966666666666667
Fe02,28.963769999999997,0.00042333333333333334
Fe02,29.03043,0.0004
Fe02,29.097089999999998,0.00020333333333333333
Fe02,29.16375,0.00015
Fe02,29.23041,0.00012333333333333334
Fe02,29.297069999999998,4.6666666666666665e-05
Fe02,29.363729999999997,4e-05
Fe02,29.43039,3e-05
Fe02,29.497049999999998,1.6666666666666667e-05
Fe02,29.56371,1.6666666666666667e-05
Fe02,29.63037,0.0
Fe02,29.697029999999998,1.3333333333333333e-05
Fe02,29.763689999999997,0.0
Fe02,29.83035,6.666666666666667e-06
Fe02,29.897009999999998,3.3333333333333333e-06
Fe02,29.96367,0.0
Ni03,23.89761,3.3333333333333333e-06
Ni03,23.96427,1e-05
Ni03,24.030929999999998,6.666666666666667e-06
Ni03,24.097589999999997,6.666666666666667e-06
Ni03,24.16425,2.3333333333333332e-05
Ni03,24.230909999999998,1.6666666666666667e-05
Ni03,24.29757,4.6666666666666665e-05
Ni03,24.36423,8.333333333333333e-05
Ni03,24.430889999999998,6.666666666666667e-05
Ni03,24.497549999999997,0.00010666666666666667
Ni03,24.56421,0.00018333333333333334
Ni03,24.630869999999998,0.00025666666666666665
Ni03,24.69753,0.00034666666666666667
Ni03,24.76419,0.0004333333333333333
Ni03,24.830849999999998,0.0005933333333333333
Ni03,24.897509999999997,0.0008133333333333333
Ni03,24.96417,0.0011933333333333334
Ni03,25.030829999999998,0.00159
Ni03,25.09749,0.002
Ni03,25.16415,0.0025066666666666666
Ni03,25.230809999999998,0.0032266666666666667
Ni03,25.297469999999997,0.00421
Ni03,25.36413,0.00527
Ni03,25.43079,0.006416666666666667
Ni03,25.49745,0.0078
Ni03,25.56411,0.00959
Ni03,25.63077,0.011463333333333334
Ni03,25.697429999999997,0.013406666666666667
Ni03,25.76409,0.015883333333333333
Ni03,25.83075,0.018026666666666667
Ni03,25.89741,0.020493333333333332
Ni03,25.96407,0.023253333333333334
Ni03,26.03073,0.026443333333333333
Ni03,26.097389999999997,0.02904
Ni03,26.16405,0.03138333333333333
Ni03,26.23071,0.033993333333333334
Ni03,26.29737,0.03661333333333333
Ni03,26.36403,0.03852333333333333
Ni03,26.43069,0.04000666666666667
Ni03,26.497349999999997,0.04106666666666667
Ni03,26.56401,0.04212
Ni03,26.63067,0.042703333333333336
Ni03,26.69733,0.04262333333333333
Ni03,26.76399,0.04143666666666666
Ni03,26.83065,0.04076333333333333
Ni03,26.897309999999997,0.0392
Ni03,26.96397,0.03754
Ni03,27.03063,0.035083333333333334
Ni03,27.09729,0.03299
Ni03,27.16395,0.03021333333333333
Ni03,27.23061,0.027683333333333334
Ni03,27.297269999999997,0.02481
Ni03,27.36393,0.022423333333333333
Ni03,27.43059,0.019353333333333333
Ni03,27.49725,0.016933333333333335
Ni03,27.56391,0.014526666666666667
Ni03,27.63057,0.012646666666666667
Ni03,27.697229999999998,0.01018
Ni03,27.763889999999996,0.008553333333333333
Ni03,27.83055,0.007146666666666667
Ni03,27.897209999999998,0.00568
Ni03,27.96387,0.004426666666666666
Ni03,28.03053,0.003576666666666667
Ni03,28.097189999999998,0.002853333333333333
Ni03,28.163849999999996,0.0021
Ni03,28.23051,0.00165
Ni03,28.297169999999998,0.0011866666666666666
Ni03,28.36383,0.0009333333333333333
Ni03,28.43049,0.00063
Ni03,28.497149999999998,0.00046333333333333334
Ni03,28.563809999999997,0.00040666666666666667
Ni03,28.63047,0.00025666666666666665
Ni03,28.697129999999998,0.00016
Ni03,28.76379,0.00012333333333333334
Ni03,28.83045,8e-05
Ni03,28.897109999999998,4.3333333333333334e-05
Ni03,28.963769999999997,3.6666666666666666e-05
Ni03,29.03043,2.3333333333333332e-05
Ni03,29.097089999999998,6.666666666666667e-06
Ni03,29.16375,1e-05
Ni03,29.23041,1e-05
Ni03,29.297069999999998,3.3333333333333333e-06
Ni03,29.363729999999997,6.666666666666667e-06
Ni03,29.43039,0.0
Ni03,29.497049999999998,3.3333333333333333e-06
Ir03,23.03103,5e-06
Ir03,23.09769,7.5e-06
Ir03,23.16435,5e-06
Ir03,23.231009999999998,1.25e-05
Ir03,23.29767,1.25e-05
Ir03,23.36433,3e-05
Ir03,23.43099,2.75e-05
Ir03,23.49765,7e-05
Ir03,23.56431,6.25e-05
Ir03,23.630969999999998,9.25e-05
Ir03,23.697629999999997,0.00013
Ir03,23.76429,0.000245
Ir03,23.830949999999998,0.00025
Ir03,23.89761,0.00036
Ir03,23.96427,0.00049
Ir03,24.030929999999998,0.00066
Ir03,24.097589999999997,0.0009425
Ir03,24.16425,0.0011925
Ir03,24.230909999999998,0.0015475
Ir03,24.29757,0.001855
Ir03,24.36423,0.0025
Ir03,24.430889999999998,0.00315
Ir03,24.497549999999997,0.0038825
Ir03,24.56421,0.0048575
Ir03,24.630869999999998,0.0057875
Ir03,24.69753,0.0070275
Ir03,24.76419,0.008455
Ir03,24.830849999999998,0.0099325
Ir03,24.897509999999997,0.011755
Ir03,24.96417,0.0134425
Ir03,25.030829999999998,0.0152825
Ir03,25.09749,0.017735
Ir03,25.16415,0.0197125
Ir03,25.230809999999998,0.02244
Ir03,25.297469999999997,0.02405
Ir03,25.36413,0.0266575
Ir03,25.43079,0.0285625
Ir03,25.49745,0.0313075
Ir03,25.56411,0.032845
Ir03,25.63077,0.03423
Ir03,25.697429999999997,0.0360925
Ir03,25.76409,0.0374425
Ir03,25.83075,0.038215
Ir03,25.89741,0.038185
Ir03,25.96407,0.0387325
Ir03,26.03073,0.0388075
Ir03,26.097389999999997,0.0384825
Ir03,26.16405,0.03748
Ir03,26.23071,0.036145
Ir03,26.29737,0.0345825
Ir03,26.36403,0.0329425
Ir03,26.43069,0.031125
Ir03,26.497349999999997,0.0288025
Ir03,26.56401,0.026685
Ir03,26.63067,0.024355
Ir03,26.69733,0.0221975
Ir03,26.76399,0.0196575
Ir03,26.83065,0.0176425
Ir03,26.897309999999997,0.0153275
Ir03,26.96397,0.0134775
Ir03,27.03063,0.011435
Ir03,27.09729,0.0098075
Ir03,27.16395,0.008115
Ir03,27.23061,0.006805
Ir03,27.297269999999997,0.005535
Ir03,27.36393,0.0047375
Ir03,27.43059,0.0035475
Ir03,27.49725,0.00288
Ir03,27.56391,0.0023225
Ir03,27.63057,0.001755
Ir03,27.697229999999998,0.00133
Ir03,27.763889999999996,0.0009925
Ir03,27.83055,0.00078
Ir03,27.897209999999998,0.0005325
Ir03,27.96387,0.000425
Ir03,28.03053,0.0002925
Ir03,28.097189999999998,0.0002525
Ir03,28.163849999999996,0.0001475
Ir03,28.23051,0.0001075
Ir03,28.297169999999998,8e-05
Ir03,28.36383,3.5e-05
Ir03,28.43049,3.25e-05
Ir03,28.497149999999998,1.75e-05
Ir03,28.563809999999997,1.75e-05
Ir03,28.63047,7.5e-06
Ir03,28.697129999999998,5e-06
Ir03,28.76379,5e-06
Ir03,28.83045,5e-06
Ir03,28.897109999999998,2.5e-06
Ir03,28.963769999999997,2.5e-06
Ir03,29.03043,0.0
Cu03,22.431089999999998,3.3333333333333333e-06
Cu03,22.49775,1e-05
Cu03,22.56441,3.3333333333333333e-06
Cu03,22.63107,1e-05
Cu03,22.69773,2e-05
Cu03,22.76439,2e-05
Cu03,22.831049999999998,3.3333333333333335e-05
Cu03,22.89771,7e-05
Cu03,22.96437,7.666666666666667e-05
Cu03,23.03103,9.333333333333333e-05
Cu03,23.09769,0.00014
Cu03,23.16435,0.00018
Cu03,23.231009999999998,0.00034
Cu03,23.29767,0.00034
Cu03,23.36433,0.0005033333333333333
Cu03,23.43099,0.0006366666666666667
Cu03,23.49765,0.0010133333333333333
Cu03,23.56431,0.0012066666666666667
Cu03,23.630969999999998,0.0016266666666666667
Cu03,23.697629999999997,0.0020766666666666668
Cu03,23.76429,0.0026366666666666665
Cu03,23.830949999999998,0.0033066666666666665
Cu03,23.89761,0.004233333333333334
Cu03,23.96427,0.005286666666666667
Cu03,24.030929999999998,0.006323333333333334
Cu03,24.097589999999997,0.00766
Cu03,24.16425,0.009386666666666666
Cu03,24.230909999999998,0.011123333333333334
Cu03,24.29757,0.01308
Cu03,24.36423,0.015013333333333333
Cu03,24.430889999999998,0.0174
Cu03,24.497549999999997,0.01957
Cu03,24.56421,0.022223333333333335
Cu03,24.630869999999998,0.024793333333333334
Cu03,24.69753,0.027666666666666666
Cu03,24.76419,0.029893333333333334
Cu03,24.830849999999998,0.032293333333333334
Cu03,24.897509999999997,0.03505333333333333
Cu03,24.96417,0.036846666666666666
Cu03,25.030829999999998,0.037823333333333334
Cu03,25.09749,0.03958333333333333
Cu03,25.16415,0.04054
Cu03,25.230809999999998,0.04149666666666667
Cu03,25.297469999999997,0.04112
Cu03,25.36413,0.04094
Cu03,25.43079,0.03990666666666667
Cu03,25.49745,0.039036666666666664
Cu03,25.56411,0.03756333333333333
Cu03,25.63077,0.035403333333333335
Cu03,25.697429999999997,0.03356666666666667
Cu03,25.76409,0.030913333333333334
Cu03,25.83075,0.02901
Cu03,25.89741,0.025843333333333333
Cu03,25.96407,0.023336666666666665
Cu03,26.03073,0.021493333333333333
Cu03,26.097389999999997,0.018433333333333333
Cu03,26.16405,0.016153333333333332
Cu03,26.23071,0.01373
Cu03,26.29737,0.012056666666666667
Cu03,26.36403,0.009703333333333333
Cu03,26.43069,0.008413333333333333
Cu03,26.497349999999997,0.00693
Cu03,26.56401,0.00556
Cu03,26.63067,0.004333333333333333
Cu03,26.69733,0.0035633333333333333
Cu03,26.76399,0.00285
Cu03,26.83065,0.0021566666666666665
Cu03,26.897309999999997,0.0017066666666666667
Cu03,26.96397,0.00118
Cu03,27.03063,0.0009866666666666667
Cu03,27.09729,0.0006833333333333333
Cu03,27.16395,0.00047
Cu03,27.23061,0.00042666666666666667
Cu03,27.297269999999997,0.00029666666666666665
Cu03,27.36393,0.00019666666666666666
Cu03,27.43059,0.00012333333333333334
Cu03,27.49725,0.00010333333333333333
Cu03,27.56391,4.6666666666666665e-05
Cu03,27.63057,3.6666666666666666e-05
Cu03,27.697229999999998,3.3333333333333335e-05
Cu03,27.763889999999996,1.3333333333333333e-05
Cu03,27.83055,1.3333333333333333e-05
Cu03,27.897209999999998,3.3333333333333333e-06
Cu03,27.96387,1e-05
Cu03,28.03053,3.3333333333333333e-06
Cu03,28.097189999999998,6.666666666666667e-06
Cu03,28.163849999999996,3.3333333333333333e-06
Cu03,28.23051,0.0
Fe03,21.89781,3.3333333333333333e-06
Fe03,21.96447,1e-05
Fe03,22.031129999999997,3.3333333333333333e-06
Fe03,22.09779,1e-05
Fe03,22.16445,1.6666666666666667e-05
Fe03,22.23111,2.6666666666666667e-05
Fe03,22.29777,3e-05
Fe03,22.36443,4e-05
Fe03,22.431089999999998,0.0001
Fe03,22.49775,8.333333333333333e-05
Fe03,22.56441,0.00012666666666666666
Fe03,22.63107,0.00018333333333333334
Fe03,22.69773,0.00032333333333333335
Fe03,22.76439,0.00031
Fe03,22.831049999999998,0.0005066666666666667
Fe03,22.89771,0.00059
Fe03,22.96437,0.0008533333333333333
Fe03,23.03103,0.00114
Fe03,23.09769,0.00154
Fe03,23.16435,0.00186
Fe03,23.231009999999998,0.00246
Fe03,23.29767,0.00312
Fe03,23.36433,0.00388
Fe03,23.43099,0.004886666666666667
Fe03,23.49765,0.0059366666666666665
Fe03,23.56431,0.00715
Fe03,23.630969999999998,0.008676666666666666
Fe03,23.697629999999997,0.01053
Fe03,23.76429,0.012003333333333333
Fe03,23.830949999999998,0.013996666666666666
Fe03,23.89761,0.01667333333333333
Fe03,23.96427,0.018463333333333335
Fe03,24.030929999999998,0.021063333333333333
Fe03,24.097589999999997,0.02325
Fe03,24.16425,0.02653
Fe03,24.230909999999998,0.028506666666666666
Fe03,24.29757,0.031203333333333333
Fe03,24.36423,0.033203333333333335
Fe03,24.430889999999998,0.03578666666666667
Fe03,24.497549999999997,0.036993333333333336
Fe03,24.56421,0.038786666666666664
Fe03,24.630869999999998,0.03941
Fe03,24.69753,0.04063666666666667
Fe03,24.76419,0.040953333333333335
Fe03,24.830849999999998,0.04106
Fe03,24.897509999999997,0.04017
Fe03,24.96417,0.03922
Fe03,25.030829999999998,0.038
Fe03,25.09749,0.03625333333333333
Fe03,25.16415,0.03405
Fe03,25.230809999999998,0.03201333333333333
Fe03,25.297469999999997,0.02999
Fe03,25.36413,0.027523333333333334
Fe03,25.43079,0.0248
Fe03,25.49745,0.022256666666666668
Fe03,25.56411,0.019833333333333335
Fe03,25.63077,0.017496666666666667
Fe03,25.697429999999997,0.01512
Fe03,25.76409,0.013
Fe03,25.83075,0.01121
Fe03,25.89741,0.009006666666666666
Fe03,25.96407,0.007693333333333333
Fe03,26.03073,0.0066433333333333336
Fe03,26.097389999999997,0.0049833333333333335
Fe03,26.16405,0.004083333333333333
Fe03,26.23071,0.0032966666666666665
Fe03,26.29737,0.002596666666666667
Fe03,26.36403,0.0019466666666666666
Fe03,26.43069,0.00157
Fe03,26.497349999999997,0.0011033333333333333
Fe03,26.56401,0.00094
Fe03,26.63067,0.00063
Fe03,26.69733,0.00044
Fe03,26.76399,0.0004133333333333333
Fe03,26.83065,0.00026
Fe03,26.897309999999997,0.00017333333333333334
Fe03,26.96397,0.00011
Fe03,27.03063,9e-05
Fe03,27.09729,4.6666666666666665e-05
Fe03,27.16395,3.3333333333333335e-05
Fe03,27.23061,3.3333333333333335e-05
Fe03,27.297269999999997,1e-05
Fe03,27.36393,1.6666666666666667e-05
Fe03,27.43059,0.0
Fe03,27.49725,1e-05
Fe03,27.56391,3.3333333333333333e-06
Fe03,27.63057,6.666666666666667e-06
Fe03,27.697229999999998,3.3333333333333333e-06
Fe03,27.763889999999996,0.0
Ni04,21.36453,6.666666666666667e-06
Ni04,21.43119,6.666666666666667e-06
Ni04,21.49785,6.666666666666667e-06
Ni04,21.56451,1e-05
Ni04,21.631169999999997,2e-05
Ni04,21.69783,2.3333333333333332e-05
Ni04,21.76449,4e-05
Ni04,21.83115,6.666666666666667e-05
Ni04,21.89781,7.666666666666667e-05
Ni04,21.96447,9.666666666666667e-05
Ni04,22.031129999999997,0.00013
Ni04,22.09779,0.00018
Ni04,22.16445,0.00033
Ni04,22.23111,0.0003333333333333333
Ni04,22.29777,0.00048666666666666666
Ni04,22.36443,0.0005933333333333333
Ni04,22.431089999999998,0.0008866666666666667
Ni04,22.49775,0.0011366666666666667
Ni04,22.56441,0.0015233333333333334
Ni04,22.63107,0.0018533333333333334
Ni04,22.69773,0.0023666666666666667
Ni04,22.76439,0.0030433333333333332
Ni04,22.831049999999998,0.0038133333333333335
Ni04,22.89771,0.00467
Ni04,22.96437,0.005673333333333333
Ni04,23.03103,0.006923333333333333
Ni04,23.09769,0.00837
Ni04,23.16435,0.009976666666666667
Ni04,23.231009999999998,0.011536666666666667
Ni04,23.29767,0.013433333333333334
Ni04,23.36433,0.015876666666666667
Ni04,23.43099,0.017696666666666666
Ni04,23.49765,0.01977
Ni04,23.56431,0.02232
Ni04,23.630969999999998,0.02530666666666667
Ni04,23.697629999999997,0.027703333333333333
Ni04,23.76429,0.02925
Ni04,23.830949999999998,0.031906666666666667
Ni04,23.89761,0.034543333333333336
Ni04,23.96427,0.036
Ni04,24.030929999999998,0.03707333333333333
Ni04,24.097589999999997,0.03863
Ni04,24.16425,0.03938666666666667
Ni04,24.230909999999998,0.04031
Ni04,24.29757,0.040236666666666664
Ni04,24.36423,0.03966666666666667
Ni04,24.430889999999998,0.038733333333333335
Ni04,24.497549999999997,0.03806
Ni04,24.56421,0.036713333333333334
Ni04,24.630869999999998,0.03465666666666667
Ni04,24.69753,0.03290333333333333
Ni04,24.76419,0.030586666666666668
Ni04,24.830849999999998,0.028326666666666667
Ni04,24.897509999999997,0.02595333333333333
Ni04,24.96417,0.02379
Ni04,25.030829999999998,0.02107
Ni04,25.09749,0.018613333333333332
Ni04,25.16415,0.01650333333333333
Ni04,25.230809999999998,0.014093333333333333
Ni04,25.297469999999997,0.012453333333333334
Ni04,25.36413,0.0104
Ni04,25.43079,0.008566666666666667
Ni04,25.49745,0.007273333333333333
Ni04,25.56411,0.006233333333333333
Ni04,25.63077,0.00471
Ni04,25.697429999999997,0.003943333333333333
Ni04,25.76409,0.0030666666666666668
Ni04,25.83075,0.002543333333333333
Ni04,25.89741,0.00181
Ni04,25.96407,0.00147
Ni04,26.03073,0.0011366666666666667
Ni04,26.097389999999997,0.0008566666666666667
Ni04,26.16405,0.00061
Ni04,26.23071,0.0004333333333333333
Ni04,26.29737,0.00040666666666666667
Ni04,26.36403,0.00025
Ni04,26.43069,0.00017333333333333334
Ni04,26.497349999999997,0.00011
Ni04,26.56401,9.666666666666667e-05
Ni04,26.63067,4.3333333333333334e-05
Ni04,26.69733,3e-05
Ni04,26.76399,3.6666666666666666e-05
Ni04,26.83065,1e-05
Ni04,26.897309999999997,1.6666666666666667e-05
Ni04,26.96397,0.0
Ni04,27.03063,1e-05
Ni04,27.09729,3.3333333333333333e-06
Ni04,27.16395,6.666666666666667e-06
Ni04,27.23061,3.3333333333333333e-06
Ni04,27.297269999999997,0.0
Ir04,20.36463,5e-06
Ir04,20.431289999999997,5e-06
Ir04,20.49795,5e-06
Ir04,20.56461,5e-06
Ir04,20.63127,1.25e-05
Ir04,20.69793,1.75e-05
Ir04,20.76459,2.25e-05
Ir04,20.831249999999997,2.75e-05
Ir04,20.89791,6.75e-05
Ir04,20.96457,4.25e-05
Ir04,21.03123,8.25e-05
Ir04,21.09789,0.0001175
Ir04,21.16455,0.0001675
Ir04,21.231209999999997,0.00024
Ir04,21.29787,0.0002775
Ir04,21.36453,0.0003525
Ir04,21.43119,0.0004625
Ir04,21.49785,0.0007225
Ir04,21.56451,0.000905
Ir04,21.631169999999997,0.00112
Ir04,21.69783,0.00143
Ir04,21.76449,0.0016925
Ir04,21.83115,0.00225
Ir04,21.89781,0.0027375
Ir04,21.96447,0.0034475
Ir04,22.031129999999997,0.0041075
Ir04,22.09779,0.0049025
Ir04,22.16445,0.0059725
Ir04,22.23111,0.00711
Ir04,22.29777,0.0082175
Ir04,22.36443,0.009615
Ir04,22.431089999999998,0.011265
Ir04,22.49775,0.0126125
Ir04,22.56441,0.01436
Ir04,22.63107,0.016405
Ir04,22.69773,0.01803
Ir04,22.76439,0.020585
Ir04,22.831049999999998,0.021865
Ir04,22.89771,0.02407
Ir04,22.96437,0.02617
Ir04,23.03103,0.027885
Ir04,23.09769,0.029735
Ir04,23.16435,0.0312175
Ir04,23.231009999999998,0.032575
Ir04,23.29767,0.0335775
Ir04,23.36433,0.03541
Ir04,23.43099,0.035525
Ir04,23.49765,0.0357125
Ir04,23.56431,0.0361125
Ir04,23.630969999999998,0.0361925
Ir04,23.697629999999997,0.035965
Ir04,23.76429,0.0351775
Ir04,23.830949999999998,0.0339125
Ir04,23.89761,0.032965
Ir04,23.96427,0.0314875
Ir04,24.030929999999998,0.030015
Ir04,24.097589999999997,0.0279175
Ir04,24.16425,0.026075
Ir04,24.230909999999998,0.024255
Ir04,24.29757,0.022085
Ir04,24.36423,0.0203125
Ir04,24.430889999999998,0.0180575
Ir04,24.497549999999997,0.0164075
Ir04,24.56421,0.0143375
Ir04,24.630869999999998,0.0126425
Ir04,24.69753,0.011
Ir04,24.76419,0.0093875
Ir04,24.830849999999998,0.007915
Ir04,24.897509999999997,0.006675
Ir04,24.96417,0.005715
Ir04,25.030829999999998,0.0046975
Ir04,25.09749,0.003785
Ir04,25.16415,0.0030275
Ir04,25.230809999999998,0.002515
Ir04,25.297469999999997,0.0019975
Ir04,25.36413,0.00152
Ir04,25.43079,0.001165
Ir04,25.49745,0.0009275
Ir04,25.56411,0.0006825
Ir04,25.63077,0.000505
Ir04,25.697429999999997,0.000395
Ir04,25.76409,0.0002775
Ir04,25.83075,0.00026
Ir04,25.89741,0.0001525
Ir04,25.96407,9.25e-05
Ir04,26.03073,9.5e-05
Ir04,26.097389999999997,5e-05
Ir04,26.16405,2.75e-05
Ir04,26.23071,2.25e-05
Ir04,26.29737,2.25e-05
Ir04,26.36403,2.5e-06
Ir04,26.43069,1e-05
Ir04,26.497349999999997,5e-06
Ir04,26.56401,5e-06
Ir04,26.63067,2.5e-06
Ir04,26.69733,2.5e-06
Ir04,26.76399,2.5e-06
Ir04,26.83065,0.0
Cu04,19.764689999999998,6.666666666666667e-06
Cu04,19.83135,6.666666666666667e-06
Cu04,19.89801,6.666666666666667e-06
Cu04,19.964669999999998,6.666666666666667e-06
Cu04,20.031329999999997,2e-05
Cu04,20.09799,1.6666666666666667e-05
Cu04,20.164649999999998,3.6666666666666666e-05
Cu04,20.23131,3e-05
Cu04,20.29797,8.666666666666667e-05
Cu04,20.36463,6.333333333333333e-05
Cu04,20.431289999999997,0.00011
Cu04,20.49795,0.00016333333333333334
Cu04,20.56461,0.00022
Cu04,20.63127,0.00028
Cu04,20.69793,0.00034666666666666667
Cu04,20.76459,0.00048
Cu04,20.831249999999997,0.0005966666666666667
Cu04,20.89791,0.0008966666666666667
Cu04,20.96457,0.0010766666666666667
Cu04,21.03123,0.0014666666666666667
Cu04,21.09789,0.0017166666666666667
Cu04,21.16455,0.0022466666666666668
Cu04,21.231209999999997,0.00275
Cu04,21.29787,0.0034133333333333333
Cu04,21.36453,0.004226666666666667
Cu04,21.43119,0.005156666666666667
Cu04,21.49785,0.00628
Cu04,21.56451,0.00732
Cu04,21.631169999999997,0.00877
Cu04,21.69783,0.01033
Cu04,21.76449,0.012056666666666667
Cu04,21.83115,0.013406666666666667
Cu04,21.89781,0.015926666666666665
Cu04,21.96447,0.017433333333333332
Cu04,22.031129999999997,0.0198
Cu04,22.09779,0.021536666666666666
Cu04,22.16445,0.024806666666666668
Cu04,22.23111,0.026483333333333334
Cu04,22.29777,0.028233333333333333
Cu04,22.36443,0.03065
Cu04,22.431089999999998,0.03292666666666667
Cu04,22.49775,0.034436666666666664
Cu04,22.56441,0.03526
Cu04,22.63107,0.036743333333333336
Cu04,22.69773,0.037706666666666666
Cu04,22.76439,0.038283333333333336
Cu04,22.831049999999998,0.03843
Cu04,22.89771,0.038246666666666665
Cu04,22.96437,0.03764
Cu04,23.03103,0.036316666666666664
Cu04,23.09769,0.03584333333333333
Cu04,23.16435,0.03422666666666667
Cu04,23.231009999999998,0.03241666666666667
Cu04,23.29767,0.030216666666666666
Cu04,23.36433,0.02869
Cu04,23.43099,0.026573333333333334
Cu04,23.49765,0.02392
Cu04,23.56431,0.021723333333333334
Cu04,23.630969999999998,0.020113333333333334
Cu04,23.697629999999997,0.01742
Cu04,23.76429,0.01547
Cu04,23.830949999999998,0.01329
Cu04,23.89761,0.011873333333333333
Cu04,23.96427,0.00995
Cu04,24.030929999999998,0.008266666666666667
Cu04,24.097589999999997,0.007023333333333334
Cu04,24.16425,0.0060866666666666664
Cu04,24.230909999999998,0.004653333333333333
Cu04,24.29757,0.003946666666666667
Cu04,24.36423,0.00315
Cu04,24.430889999999998,0.0025366666666666667
Cu04,24.497549999999997,0.0019466666666666666
Cu04,24.56421,0.0015866666666666666
Cu04,24.630869999999998,0.00112
Cu04,24.69753,0.0009433333333333334
Cu04,24.76419,0.0006433333333333333
Cu04,24.830849999999998,0.0005266666666666667
Cu04,24.897509999999997,0.00038
Cu04,24.96417,0.00034333333333333335
Cu04,25.030829999999998,0.00021
Cu04,25.09749,0.00011333333333333333
Cu04,25.16415,0.00013
Cu04,25.230809999999998,7e-05
Cu04,25.297469999999997,3.6666666666666666e-05
Cu04,25.36413,2.3333333333333332e-05
Cu04,25.43079,4e-05
Cu04,25.49745,3.3333333333333333e-06
Cu04,25.56411,1.6666666666666667e-05
Cu04,25.63077,0.0
Cu04,25.697429999999997,1e-05
Cu04,25.76409,3.3333333333333333e-06
Cu04,25.83075,6.666666666666667e-06
Cu04,25.89741,3.3333333333333333e-06
Cu04,25.96407,0.0
Ni05,19.09809,3.3333333333333333e-06
Ni05,19.164749999999998,3.3333333333333333e-06
Ni05,19.231409999999997,1e-05
Ni05,19.29807,3.3333333333333333e-06
Ni05,19.364729999999998,1e-05
Ni05,19.43139,2.3333333333333332e-05
Ni05,19.49805,2.3333333333333332e-05
Ni05,19.564709999999998,3.3333333333333335e-05
Ni05,19.631369999999997,6e-05
Ni05,19.69803,7e-05
Ni05,19.764689999999998,7.666666666666667e-05
Ni05,19.83135,0.00011333333333333333
Ni05,19.89801,0.00014666666666666666
Ni05,19.964669999999998,0.0002666666666666667
Ni05,20.031329999999997,0.00029
Ni05,20.09799,0.00036
Ni05,20.164649999999998,0.00048666666666666666
Ni05,20.23131,0.0005633333333333333
Ni05,20.29797,0.0009533333333333334
Ni05,20.36463,0.0010766666666666667
Ni05,20.431289999999997,0.0014733333333333334
Ni05,20.49795,0.0017333333333333333
Ni05,20.56461,0.002096666666666667
Ni05,20.63127,0.0027
Ni05,20.69793,0.0033733333333333332
Ni05,20.76459,0.0041066666666666665
Ni05,20.831249999999997,0.005023333333333334
Ni05,20.89791,0.00595
Ni05,20.96457,0.00696
Ni05,21.03123,0.00847
Ni05,21.09789,0.009856666666666666
Ni05,21.16455,0.01146
Ni05,21.231209999999997,0.01277
Ni05,21.29787,0.01506
Ni05,21.36453,0.01659
Ni05,21.43119,0.018463333333333335
Ni05,21.49785,0.020743333333333332
Ni05,21.56451,0.02327
Ni05,21.631169999999997,0.02546
Ni05,21.69783,0.026906666666666666
Ni05,21.76449,0.029336666666666667
Ni05,21.83115,0.030936666666666668
Ni05,21.89781,0.03316
Ni05,21.96447,0.03389333333333333
Ni05,22.031129999999997,0.03559333333333333
Ni05,22.09779,0.03617
Ni05,22.16445,0.037086666666666664
Ni05,22.23111,0.03753666666666667
Ni05,22.29777,0.03770333333333333
Ni05,22.36443,0.03705666666666667
Ni05,22.431089999999998,0.03645333333333333
Ni05,22.49775,0.035783333333333334
Ni05,22.56441,0.034153333333333334
Ni05,22.63107,0.033023333333333335
Ni05,22.69773,0.031146666666666666
Ni05,22.76439,0.029333333333333333
Ni05,22.831049999999998,0.02734
Ni05,22.89771,0.02556
Ni05,22.96437,0.023013333333333334
Ni05,23.03103,0.020696666666666665
Ni05,23.09769,0.019396666666666666
Ni05,23.16435,0.01664
Ni05,23.231009999999998,0.01489
Ni05,23.29767,0.01287
Ni05,23.36433,0.011393333333333333
Ni05,23.43099,0.00964
Ni05,23.49765,0.00802
Ni05,23.56431,0.006823333333333333
Ni05,23.630969999999998,0.00597
Ni05,23.697629999999997,0.00451
Ni05,23.76429,0.003913333333333333
Ni05,23.830949999999998,0.0030633333333333333
Ni05,23.89761,0.0025766666666666668
Ni05,23.96427,0.00194
Ni05,24.030929999999998,0.00157
Ni05,24.097589999999997,0.0011466666666666667
Ni05,24.16425,0.00095
Ni05,24.230909999999998,0.0006933333333333333
Ni05,24.29757,0.00052
Ni05,24.36423,0.00038666666666666667
Ni05,24.430889999999998,0.00035
Ni05,24.497549999999997,0.00020333333333333333
Ni05,24.56421,0.00015666666666666666
Ni05,24.630869999999998,0.00011333333333333333
Ni05,24.69753,8e-05
Ni05,24.76419,4.6666666666666665e-05
Ni05,24.830849999999998,3e-05
Ni05,24.897509999999997,2.6666666666666667e-05
Ni05,24.96417,2e-05
Ni05,25.030829999999998,1e-05
Ni05,25.09749,6.666666666666667e-06
Ni05,25.16415,1e-05
Ni05,25.230809999999998,3.3333333333333333e-06
Ni05,25.297469999999997,6.666666666666667e-06
Ni05,25.36413,0.0
Ni05,25.43079,3.3333333333333333e-06
Ni05,25.49745,0.0
Ir05,18.03153,2e-06
Ir05,18.09819,2e-06
Ir05,18.16485,6e-06
Ir05,18.23151,2e-06
Ir05,18.29817,8e-06
Ir05,18.364829999999998,1e-05
Ir05,18.43149,1.6e-05
Ir05,18.49815,1.6e-05
Ir05,18.56481,2.4e-05
Ir05,18.63147,5e-05
Ir05,18.69813,4.2e-05
Ir05,18.764789999999998,6.2e-05
Ir05,18.83145,8.8e-05
Ir05,18.89811,0.000122
Ir05,18.96477,0.000172
Ir05,19.03143,0.000184
Ir05,19.09809,0.000294
Ir05,19.164749999999998,0.000342
Ir05,19.231409999999997,0.00043
Ir05,19.29807,0.000594
Ir05,19.364729999999998,0.000798
Ir05,19.43139,0.000966
Ir05,19.49805,0.00118
Ir05,19.564709999999998,0.001482
Ir05,19.631369999999997,0.001898
Ir05,19.69803,0.002244
Ir05,19.764689999999998,0.002814
Ir05,19.83135,0.003366
Ir05,19.89801,0.004054
Ir05,19.964669999999998,0.004708
Ir05,20.031329999999997,0.005796
Ir05,20.09799,0.00668
Ir05,20.164649999999998,0.007876
Ir05,20.23131,0.008784
Ir05,20.29797,0.010628
Ir05,20.36463,0.011702
Ir05,20.431289999999997,0.013228
Ir05,20.49795,0.014762
Ir05,20.56461,0.016698
Ir05,20.63127,0.01834
Ir05,20.69793,0.02001
Ir05,20.76459,0.02223
Ir05,20.831249999999997,0.023728
Ir05,20.89791,0.025454
Ir05,20.96457,0.027006
Ir05,21.03123,0.028892
Ir05,21.09789,0.030148
Ir05,21.16455,0.03131
Ir05,21.231209999999997,0.032276
Ir05,21.29787,0.033574
Ir05,21.36453,0.034124
Ir05,21.43119,0.033956
Ir05,21.49785,0.034672
Ir05,21.56451,0.03471
Ir05,21.631169999999997,0.03412
Ir05,21.69783,0.033488
Ir05,21.76449,0.03285
Ir05,21.83115,0.03196
Ir05,21.89781,0.029994
Ir05,21.96447,0.029154
Ir05,22.031129999999997,0.0276
Ir05,22.09779,0.025456
Ir05,22.16445,0.024214
Ir05,22.23111,0.021984
Ir05,22.29777,0.020464
Ir05,22.36443,0.018442
Ir05,22.431089999999998,0.016806
Ir05,22.49775,0.014906
Ir05,22.56441,0.01318
Ir05,22.63107,0.012016
Ir05,22.69773,0.010152
Ir05,22.76439,0.008584
Ir05,22.831049999999998,0.007618
Ir05,22.89771,0.006338
Ir05,22.96437,0.005384
Ir05,23.03103,0.004582
Ir05,23.09769,0.003838
Ir05,23.16435,0.00299
Ir05,23.231009999999998,0.002484
Ir05,23.29767,0.002012
Ir05,23.36433,0.001544
Ir05,23.43099,0.001274
Ir05,23.49765,0.000986
Ir05,23.56431,0.00072
Ir05,23.630969999999998,0.00058
Ir05,23.697629999999997,0.00045
Ir05,23.76429,0.000342
Ir05,23.830949999999998,0.000242
Ir05,23.89761,0.000234
Ir05,23.96427,0.000132
Ir05,24.030929999999998,8.8e-05
Ir05,24.097589999999997,7e-05
Ir05,24.16425,5.8e-05
Ir05,24.230909999999998,2.6e-05
Ir05,24.29757,2e-05
Ir05,24.36423,1.6e-05
Ir05,24.430889999999998,1.4e-05
Ir05,24.497549999999997,4e-06
Ir05,24.56421,8e-06
Ir05,24.630869999999998,4e-06
Ir05,24.69753,4e-06
Ir05,24.76419,2e-06
Ir05,24.830849999999998,2e-06
Ir05,24.897509999999997,2e-06
Ir05,24.96417,0.0
Cu05,17.43159,6.666666666666667e-06
Cu05,17.49825,6.666666666666667e-06
Cu05,17.564909999999998,6.666666666666667e-06
Cu05,17.63157,6.666666666666667e-06
Cu05,17.69823,1.6666666666666667e-05
Cu05,17.76489,1.6666666666666667e-05
Cu05,17.83155,2.6666666666666667e-05
Cu05,17.89821,3.6666666666666666e-05
Cu05,17.964869999999998,7.333333333333333e-05
Cu05,18.03153,6.666666666666667e-05
Cu05,18.09819,7.666666666666667e-05
Cu05,18.16485,0.00011666666666666667
Cu05,18.23151,0.00013333333333333334
Cu05,18.29817,0.00025666666666666665
Cu05,18.364829999999998,0.00026333333333333336
Cu05,18.43149,0.00034
Cu05,18.49815,0.00044666666666666666
Cu05,18.56481,0.0005433333333333334
Cu05,18.63147,0.0007666666666666667
Cu05,18.69813,0.0009666666666666667
Cu05,18.764789999999998,0.00125
Cu05,18.83145,0.0014833333333333332
Cu05,18.89811,0.0018566666666666666
Cu05,18.96477,0.0024
Cu05,19.03143,0.00275
Cu05,19.09809,0.0034433333333333334
Cu05,19.164749999999998,0.00411
Cu05,19.231409999999997,0.0049366666666666665
Cu05,19.29807,0.005933333333333333
Cu05,19.364729999999998,0.006816666666666667
Cu05,19.43139,0.00818
Cu05,19.49805,0.009496666666666667
Cu05,19.564709999999998,0.010923333333333334
Cu05,19.631369999999997,0.01196
Cu05,19.69803,0.014206666666666666
Cu05,19.764689999999998,0.01558
Cu05,19.83135,0.017276666666666666
Cu05,19.89801,0.01937
Cu05,19.964669999999998,0.021163333333333333
Cu05,20.031329999999997,0.023916666666666666
Cu05,20.09799,0.024913333333333332
Cu05,20.164649999999998,0.02712
Cu05,20.23131,0.028406666666666667
Cu05,20.29797,0.0308
Cu05,20.36463,0.03215666666666667
Cu05,20.431289999999997,0.032826666666666664
Cu05,20.49795,0.03392
Cu05,20.56461,0.03501666666666667
Cu05,20.63127,0.03556666666666667
Cu05,20.69793,0.03566
Cu05,20.76459,0.03633
Cu05,20.831249999999997,0.034973333333333335
Cu05,20.89791,0.03483
Cu05,20.96457,0.034056666666666666
Cu05,21.03123,0.03279
Cu05,21.09789,0.031606666666666665
Cu05,21.16455,0.029883333333333335
Cu05,21.231209999999997,0.028093333333333335
Cu05,21.29787,0.026763333333333333
Cu05,21.36453,0.024883333333333334
Cu05,21.43119,0.0225
Cu05,21.49785,0.020846666666666666
Cu05,21.56451,0.018923333333333334
Cu05,21.631169999999997,0.016756666666666666
Cu05,21.69783,0.01516
Cu05,21.76449,0.01351
Cu05,21.83115,0.01154
Cu05,21.89781,0.010236666666666666
Cu05,21.96447,0.008383333333333333
Cu05,22.031129999999997,0.00747
Cu05,22.09779,0.006206666666666667
Cu05,22.16445,0.0054733333333333335
Cu05,22.23111,0.004136666666666667
Cu05,22.29777,0.003576666666666667
Cu05,22.36443,0.00293
Cu05,22.431089999999998,0.002353333333333333
Cu05,22.49775,0.00184
Cu05,22.56441,0.0015366666666666666
Cu05,22.63107,0.00112
Cu05,22.69773,0.0009133333333333334
Cu05,22.76439,0.0007066666666666666
Cu05,22.831049999999998,0.0005066666666666667
Cu05,22.89771,0.00037666666666666664
Cu05,22.96437,0.00036333333333333335
Cu05,23.03103,0.00023666666666666665
Cu05,23.09769,0.00017333333333333334
Cu05,23.16435,0.00011
Cu05,23.231009999999998,0.0001
Cu05,23.29767,4.6666666666666665e-05
Cu05,23.36433,4e-05
Cu05,23.43099,2.3333333333333332e-05
Cu05,23.49765,3.3333333333333335e-05
Cu05,23.56431,3.3333333333333333e-06
Cu05,23.630969999999998,1.6666666666666667e-05
Cu05,23.697629999999997,0.0
Cu05,23.76429,1e-05
Cu05,23.830949999999998,3.3333333333333333e-06
Cu05,23.89761,6.666666666666667e-06
Cu05,23.96427,0.0
Cu05,24.030929999999998,3.3333333333333333e-06
Cu05,24.097589999999997,0.0
Ni06,16.63167,2.5e-06
Ni06,16.69833,2.5e-06
Ni06,16.764989999999997,5e-06
Ni06,16.83165,5e-06
Ni06,16.89831,7.5e-06
Ni06,16.96497,1.25e-05
Ni06,17.03163,1.75e-05
Ni06,17.09829,1.5e-05
Ni06,17.164949999999997,3.25e-05
Ni06,17.23161,5.75e-05
Ni06,17.29827,5e-05
Ni06,17.36493,5.75e-05
Ni06,17.43159,8.25e-05
Ni06,17.49825,0.000155
Ni06,17.564909999999998,0.0001575
Ni06,17.63157,0.0002175
Ni06,17.69823,0.000275
Ni06,17.76489,0.000385
Ni06,17.83155,0.0004125
Ni06,17.89821,0.0005475
Ni06,17.964869999999998,0.0007975
Ni06,18.03153,0.0009425
Ni06,18.09819,0.0012325
Ni06,18.16485,0.0013975
Ni06,18.23151,0.0018725
Ni06,18.29817,0.0022475
Ni06,18.364829999999998,0.00261
Ni06,18.43149,0.0033575
Ni06,18.49815,0.004
Ni06,18.56481,0.0046875
Ni06,18.63147,0.0054525
Ni06,18.69813,0.006615
Ni06,18.764789999999998,0.0076875
Ni06,18.83145,0.008785
Ni06,18.89811,0.01028
Ni06,18.96477,0.011615
Ni06,19.03143,0.0132475
Ni06,19.09809,0.0145375
Ni06,19.164749999999998,0.0162675
Ni06,19.231409999999997,0.0184025
Ni06,19.29807,0.019955
Ni06,19.364729999999998,0.022135
Ni06,19.43139,0.02385
Ni06,19.49805,0.025685
Ni06,19.564709999999998,0.0273825
Ni06,19.631369999999997,0.028955
Ni06,19.69803,0.0304425
Ni06,19.764689999999998,0.031605
Ni06,19.83135,0.0331925
Ni06,19.89801,0.0335725
Ni06,19.964669999999998,0.0344275
Ni06,20.031329999999997,0.03524
Ni06,20.09799,0.03503
Ni06,20.164649999999998,0.0350425
Ni06,20.23131,0.03444
Ni06,20.29797,0.03389
Ni06,20.36463,0.0331925
Ni06,20.431289999999997,0.0316475
Ni06,20.49795,0.030645
Ni06,20.56461,0.029395
Ni06,20.63127,0.0268325
Ni06,20.69793,0.0260025
Ni06,20.76459,0.0241675
Ni06,20.831249999999997,0.02165
Ni06,20.89791,0.020235
Ni06,20.96457,0.0186825
Ni06,21.03123,0.0160425
Ni06,21.09789,0.0147325
Ni06,21.16455,0.01336
Ni06,21.231209999999997,0.01108
Ni06,21.29787,0.0098025
Ni06,21.36453,0.0088475
Ni06,21.43119,0.0071675
Ni06,21.49785,0.0060925
Ni06,21.56451,0.00536
Ni06,21.631169999999997,0.0042725
Ni06,21.69783,0.00351
Ni06,21.76449,0.0029775
Ni06,21.83115,0.0024275
Ni06,21.89781,0.0018875
Ni06,21.96447,0.0014525
Ni06,22.031129999999997,0.0012575
Ni06,22.09779,0.0009225
Ni06,22.16445,0.000705
Ni06,22.23111,0.0005825
Ni06,22.29777,0.0004575
Ni06,22.36443,0.00031
Ni06,22.431089999999998,0.0002775
Ni06,22.49775,0.000195
Ni06,22.56441,0.00013
Ni06,22.63107,8.5e-05
Ni06,22.69773,8e-05
Ni06,22.76439,4e-05
Ni06,22.831049999999998,2.75e-05
Ni06,22.89771,2.75e-05
Ni06,22.96437,1.75e-05
Ni06,23.03103,1e-05
Ni06,23.09769,1e-05
Ni06,23.16435,2.5e-06
Ni06,23.231009999999998,7.5e-06
Ni06,23.29767,5e-06
Ni06,23.36433,2.5e-06
Ni06,23.43099,2.5e-06
Ni06,23.49765,2.5e-06
Ni06,23.56431,0.0
Ir06,15.498449999999998,3.3333333333333333e-06
Ir06,15.56511,3.3333333333333333e-06
Ir06,15.63177,1.6666666666666667e-06
Ir06,15.698429999999998,3.3333333333333333e-06
Ir06,15.76509,6.666666666666667e-06
Ir06,15.83175,1e-05
Ir06,15.898409999999998,1.1666666666666666e-05
Ir06,15.96507,1.5e-05
Ir06,16.03173,2.1666666666666667e-05
Ir06,16.09839,3.6666666666666666e-05
Ir06,16.16505,3.5e-05
Ir06,16.23171,4.5e-05
Ir06,16.29837,5.833333333333333e-05
Ir06,16.365029999999997,0.00010166666666666667
Ir06,16.43169,0.0001
Ir06,16.49835,0.00015333333333333334
Ir06,16.56501,0.00018833333333333332
Ir06,16.63167,0.00022
Ir06,16.69833,0.0003066666666666667
Ir06,16.764989999999997,0.00035
Ir06,16.83165,0.000495
Ir06,16.89831,0.00059
Ir06,16.96497,0.00077
Ir06,17.03163,0.0009116666666666666
Ir06,17.09829,0.001195
Ir06,17.164949999999997,0.001425
Ir06,17.23161,0.0016766666666666666
Ir06,17.29827,0.0020416666666666665
Ir06,17.36493,0.0025066666666666666
Ir06,17.43159,0.002955
Ir06,17.49825,0.0034466666666666665
Ir06,17.564909999999998,0.004143333333333333
Ir06,17.63157,0.004925
Ir06,17.69823,0.005585
Ir06,17.76489,0.006481666666666667
Ir06,17.83155,0.007581666666666666
Ir06,17.89821,0.00849
Ir06,17.964869999999998,0.009891666666666667
Ir06,18.03153,0.01086
Ir06,18.09819,0.012066666666666667
Ir06,18.16485,0.013696666666666666
Ir06,18.23151,0.015001666666666667
Ir06,18.29817,0.016611666666666667
Ir06,18.364829999999998,0.018168333333333335
Ir06,18.43149,0.019568333333333333
Ir06,18.49815,0.021215
Ir06,18.56481,0.023015
Ir06,18.63147,0.024125
Ir06,18.69813,0.025615
Ir06,18.764789999999998,0.027133333333333332
Ir06,18.83145,0.028178333333333333
Ir06,18.89811,0.029238333333333335
Ir06,18.96477,0.030171666666666666
Ir06,19.03143,0.031071666666666668
Ir06,19.09809,0.03164666666666666
Ir06,19.164749999999998,0.031815
Ir06,19.231409999999997,0.03213666666666667
Ir06,19.29807,0.03247
Ir06,19.364729999999998,0.031911666666666665
Ir06,19.43139,0.031485
Ir06,19.49805,0.03133166666666667
Ir06,19.564709999999998,0.029838333333333335
Ir06,19.631369999999997,0.029176666666666667
Ir06,19.69803,0.028266666666666666
Ir06,19.764689999999998,0.026636666666666666
Ir06,19.83135,0.025171666666666665
Ir06,19.89801,0.024116666666666668
Ir06,19.964669999999998,0.022445
Ir06,20.031329999999997,0.020518333333333333
Ir06,20.09799,0.019341666666666667
Ir06,20.164649999999998,0.017811666666666667
Ir06,20.23131,0.015865
Ir06,20.29797,0.014533333333333334
Ir06,20.36463,0.013158333333333333
Ir06,20.431289999999997,0.011458333333333333
Ir06,20.49795,0.010268333333333334
Ir06,20.56461,0.009003333333333334
Ir06,20.63127,0.0076883333333333335
Ir06,20.69793,0.006716666666666667
Ir06,20.76459,0.0058133333333333335
Ir06,20.831249999999997,0.004873333333333334
Ir06,20.89791,0.004115
Ir06,20.96457,0.003576666666666667
Ir06,21.03123,0.002805
Ir06,21.09789,0.0023683333333333334
Ir06,21.16455,0.00195
Ir06,21.231209999999997,0.0015616666666666667
Ir06,21.29787,0.0012683333333333333
Ir06,21.36453,0.000965
Ir06,21.43119,0.00079
Ir06,21.49785,0.0006083333333333333
Ir06,21.56451,0.0004783333333333333
Ir06,21.631169999999997,0.000375
Ir06,21.69783,0.00028
Ir06,21.76449,0.00022166666666666667
Ir06,21.83115,0.00019
Ir06,21.89781,0.00012
Ir06,21.96447,8.333333333333333e-05
Ir06,22.031129999999997,6.333333333333333e-05
Ir06,22.09779,5e-05
Ir06,22.16445,3.1666666666666666e-05
Ir06,22.23111,1.8333333333333333e-05
Ir06,22.29777,1.8333333333333333e-05
Ir06,22.36443,1.1666666666666666e-05
Ir06,22.431089999999998,5e-06
Ir06,22.49775,1e-05
Ir06,22.56441,1.6666666666666667e-06
Ir06,22.63107,5e-06
Ir06,22.69773,3.3333333333333333e-06
Ir06,22.76439,1.6666666666666667e-06
Ir06,22.831049999999998,1.6666666666666667e-06
Ir06,22.89771,1.6666666666666667e-06
Ir06,22.96437,0.0
Cu06,14.76519,5e-06
Cu06,14.83185,5e-06
Cu06,14.898509999999998,2.5e-06
Cu06,14.96517,7.5e-06
Cu06,15.03183,7.5e-06
Cu06,15.098489999999998,1.5e-05
Cu06,15.16515,1.5e-05
Cu06,15.23181,2e-05
Cu06,15.298469999999998,2.75e-05
Cu06,15.36513,6e-05
Cu06,15.43179,4.5e-05
Cu06,15.498449999999998,5.25e-05
Cu06,15.56511,8.5e-05
Cu06,15.63177,0.00014
Cu06,15.698429999999998,0.0001125
Cu06,15.76509,0.0002275
Cu06,15.83175,0.0002175
Cu06,15.898409999999998,0.00031
Cu06,15.96507,0.0003525
Cu06,16.03173,0.00048
Cu06,16.09839,0.0005975
Cu06,16.16505,0.0007525
Cu06,16.23171,0.00095
Cu06,16.29837,0.001165
Cu06,16.365029999999997,0.001385
Cu06,16.43169,0.001775
Cu06,16.49835,0.00215
Cu06,16.56501,0.0024
Cu06,16.63167,0.00306
Cu06,16.69833,0.00364
Cu06,16.764989999999997,0.004215
Cu06,16.83165,0.0049575
Cu06,16.89831,0.00585
Cu06,16.96497,0.006875
Cu06,17.03163,0.00773
Cu06,17.09829,0.0088025
Cu06,17.164949999999997,0.0102175
Cu06,17.23161,0.0114075
Cu06,17.29827,0.013015
Cu06,17.36493,0.01427
Cu06,17.43159,0.01562
Cu06,17.49825,0.01771
Cu06,17.564909999999998,0.01871
Cu06,17.63157,0.020845
Cu06,17.69823,0.0226575
Cu06,17.76489,0.02401
Cu06,17.83155,0.0256725
Cu06,17.89821,0.027095
Cu06,17.964869999999998,0.028675
Cu06,18.03153,0.029705
Cu06,18.09819,0.0309025
Cu06,18.16485,0.0316575
Cu06,18.23151,0.032625
Cu06,18.29817,0.03285
Cu06,18.364829999999998,0.033335
Cu06,18.43149,0.0332075
Cu06,18.49815,0.0329675
Cu06,18.56481,0.03275
Cu06,18.63147,0.0319125
Cu06,18.69813,0.0313975
Cu06,18.764789999999998,0.02982
Cu06,18.83145,0.0293075
Cu06,18.89811,0.02769
Cu06,18.96477,0.02551
Cu06,19.03143,0.0248425
Cu06,19.09809,0.0233575
Cu06,19.164749999999998,0.0207375
Cu06,19.231409999999997,0.019645
Cu06,19.29807,0.0181775
Cu06,19.364729999999998,0.016005
Cu06,19.43139,0.014475
Cu06,19.49805,0.0131925
Cu06,19.564709999999998,0.0114375
Cu06,19.631369999999997,0.0100175
Cu06,19.69803,0.0089125
Cu06,19.764689999999998,0.0077775
Cu06,19.83135,0.006425
Cu06,19.89801,0.0055625
Cu06,19.964669999999998,0.0048725
Cu06,20.031329999999997,0.00386
Cu06,20.09799,0.003285
Cu06,20.164649999999998,0.002705
Cu06,20.23131,0.0022775
Cu06,20.29797,0.0018325
Cu06,20.36463,0.00138
Cu06,20.431289999999997,0.001165
Cu06,20.49795,0.000935
Cu06,20.56461,0.000705
Cu06,20.63127,0.0005625
Cu06,20.69793,0.0004775
Cu06,20.76459,0.0003275
Cu06,20.831249999999997,0.0002925
Cu06,20.89791,0.0002025
Cu06,20.96457,0.00015
Cu06,21.03123,0.0001025
Cu06,21.09789,7.25e-05
Cu06,21.16455,5.75e-05
Cu06,21.231209999999997,3.25e-05
Cu06,21.29787,2.25e-05
Cu06,21.36453,2.25e-05
Cu06,21.43119,1.5e-05
Cu06,21.49785,1e-05
Cu06,21.56451,1e-05
Cu06,21.631169999999997,7.5e-06
Cu06,21.69783,2.5e-06
Cu06,21.76449,5e-06
Cu06,21.83115,2.5e-06
Cu06,21.89781,2.5e-06
Cu06,21.96447,2.5e-06
Cu06,22.031129999999997,0.0
Ni07,13.898609999999998,2.5e-06
Ni07,13.96527,2.5e-06
Ni07,14.03193,7.5e-06
Ni07,14.098589999999998,2.5e-06
Ni07,14.16525,7.5e-06
Ni07,14.23191,1e-05
Ni07,14.298569999999998,1.5e-05
Ni07,14.36523,1.25e-05
Ni07,14.43189,2.25e-05
Ni07,14.498549999999998,2.75e-05
Ni07,14.56521,6.5e-05
Ni07,14.63187,4e-05
Ni07,14.698529999999998,5e-05
Ni07,14.76519,7.25e-05
Ni07,14.83185,0.0001375
Ni07,14.898509999999998,0.00012
Ni07,14.96517,0.0001875
Ni07,15.03183,0.0001975
Ni07,15.098489999999998,0.0003
Ni07,15.16515,0.0003175
Ni07,15.23181,0.00045
Ni07,15.298469999999998,0.00048
Ni07,15.36513,0.0006975
Ni07,15.43179,0.00084
Ni07,15.498449999999998,0.00104
Ni07,15.56511,0.0011525
Ni07,15.63177,0.0015775
Ni07,15.698429999999998,0.001795
Ni07,15.76509,0.0022025
Ni07,15.83175,0.002415
Ni07,15.898409999999998,0.0031675
Ni07,15.96507,0.0036425
Ni07,16.03173,0.0042775
Ni07,16.09839,0.00476
Ni07,16.16505,0.00579
Ni07,16.23171,0.006705
Ni07,16.29837,0.0075675
Ni07,16.365029999999997,0.0084025
Ni07,16.43169,0.009745
Ni07,16.49835,0.0110975
Ni07,16.56501,0.012335
Ni07,16.63167,0.013335
Ni07,16.69833,0.0148
Ni07,16.764989999999997,0.016645
Ni07,16.83165,0.0180075
Ni07,16.89831,0.0197325
Ni07,16.96497,0.0208825
Ni07,17.03163,0.02269
Ni07,17.09829,0.023885
Ni07,17.164949999999997,0.0258125
Ni07,17.23161,0.0267
Ni07,17.29827,0.0281375
Ni07,17.36493,0.0290775
Ni07,17.43159,0.030195
Ni07,17.49825,0.0307975
Ni07,17.564909999999998,0.03139
Ni07,17.63157,0.0320375
Ni07,17.69823,0.03228
Ni07,17.76489,0.0319075
Ni07,17.83155,0.031495
Ni07,17.89821,0.0315375
Ni07,17.964869999999998,0.03085
Ni07,18.03153,0.02995
Ni07,18.09819,0.029075
Ni07,18.16485,0.02788
Ni07,18.23151,0.0269925
Ni07,18.29817,0.02466
Ni07,18.364829999999998,0.0240225
Ni07,18.43149,0.0226725
Ni07,18.49815,0.0204725
Ni07,18.56481,0.01908
Ni07,18.63147,0.01796
Ni07,18.69813,0.016195
Ni07,18.764789999999998,0.0141325
Ni07,18.83145,0.0133675
Ni07,18.89811,0.0118875
Ni07,18.96477,0.0098875
Ni07,19.03143,0.0090225
Ni07,19.09809,0.00816
Ni07,19.164749999999998,0.00675
Ni07,19.231409999999997,0.0057375
Ni07,19.29807,0.0051275
Ni07,19.364729999999998,0.0043275
Ni07,19.43139,0.003425
Ni07,19.49805,0.00294
Ni07,19.564709999999998,0.002525
Ni07,19.631369999999997,0.00204
Ni07,19.69803,0.001635
Ni07,19.764689999999998,0.0013075
Ni07,19.83135,0.00108
Ni07,19.89801,0.0008275
Ni07,19.964669999999998,0.0006625
Ni07,20.031329999999997,0.0005375
Ni07,20.09799,0.0004475
Ni07,20.164649999999998,0.0002925
Ni07,20.23131,0.00026
Ni07,20.29797,0.000215
Ni07,20.36463,0.0001425
Ni07,20.431289999999997,9e-05
Ni07,20.49795,8e-05
Ni07,20.56461,5e-05
Ni07,20.63127,4.75e-05
Ni07,20.69793,2e-05
Ni07,20.76459,2e-05
Ni07,20.831249999999997,1.75e-05
Ni07,20.89791,1e-05
Ni07,20.96457,1e-05
Ni07,21.03123,2.5e-06
Ni07,21.09789,7.5e-06
Ni07,21.16455,5e-06
Ni07,21.231209999999997,2.5e-06
Ni07,21.29787,2.5e-06
Ni07,21.36453,2.5e-06
Ni07,21.43119,0.0
Ir07,12.56541,2.8571428571428573e-06
Ir07,12.632069999999999,2.8571428571428573e-06
Ir07,12.69873,1.4285714285714286e-06
Ir07,12.76539,2.8571428571428573e-06
Ir07,12.832049999999999,4.2857142857142855e-06
Ir07,12.89871,7.142857142857143e-06
Ir07,12.96537,7.142857142857143e-06
Ir07,13.032029999999999,1e-05
Ir07,13.09869,1.2857142857142857e-05
Ir07,13.16535,1.7142857142857142e-05
Ir07,13.232009999999999,2.7142857142857144e-05
Ir07,13.29867,3.285714285714286e-05
Ir07,13.36533,3e-05
Ir07,13.431989999999999,4.2857142857142856e-05
Ir07,13.49865,6.428571428571429e-05
Ir07,13.56531,7.571428571428571e-05
Ir07,13.631969999999999,9.142857142857143e-05
Ir07,13.69863,0.00012571428571428572
Ir07,13.76529,0.00015
Ir07,13.831949999999999,0.00016857142857142857
Ir07,13.898609999999998,0.00024857142857142857
Ir07,13.96527,0.00027714285714285715
Ir07,14.03193,0.00030857142857142856
Ir07,14.098589999999998,0.00046857142857142855
Ir07,14.16525,0.0005257142857142857
Ir07,14.23191,0.0006257142857142858
Ir07,14.298569999999998,0.0007971428571428572
Ir07,14.36523,0.0009742857142857143
Ir07,14.43189,0.0011271428571428572
Ir07,14.498549999999998,0.0013528571428571428
Ir07,14.56521,0.0016242857142857142
Ir07,14.63187,0.0019
Ir07,14.698529999999998,0.0022414285714285713
Ir07,14.76519,0.002625714285714286
Ir07,14.83185,0.0030657142857142858
Ir07,14.898509999999998,0.0035671428571428573
Ir07,14.96517,0.0041
Ir07,15.03183,0.004744285714285714
Ir07,15.098489999999998,0.005427142857142857
Ir07,15.16515,0.006097142857142857
Ir07,15.23181,0.0069471428571428575
Ir07,15.298469999999998,0.007897142857142858
Ir07,15.36513,0.008812857142857143
Ir07,15.43179,0.009712857142857143
Ir07,15.498449999999998,0.010875714285714285
Ir07,15.56511,0.01200857142857143
Ir07,15.63177,0.012997142857142856
Ir07,15.698429999999998,0.014364285714285715
Ir07,15.76509,0.01575
Ir07,15.83175,0.016762857142857142
Ir07,15.898409999999998,0.018292857142857142
Ir07,15.96507,0.019555714285714287
Ir07,16.03173,0.020714285714285713
Ir07,16.09839,0.021964285714285714
Ir07,16.16505,0.023245714285714286
Ir07,16.23171,0.024285714285714285
Ir07,16.29837,0.025254285714285715
Ir07,16.365029999999997,0.02636857142857143
Ir07,16.43169,0.026965714285714287
Ir07,16.49835,0.02767285714285714
Ir07,16.56501,0.028722857142857144
Ir07,16.63167,0.028752857142857143
Ir07,16.69833,0.028961428571428572
Ir07,16.764989999999997,0.02955
Ir07,16.83165,0.02937
Ir07,16.89831,0.02926857142857143
Ir07,16.96497,0.029072857142857143
Ir07,17.03163,0.028427142857142856
Ir07,17.09829,0.027858571428571427
Ir07,17.164949999999997,0.027088571428571427
Ir07,17.23161,0.026277142857142857
Ir07,17.29827,0.02505
Ir07,17.36493,0.02421
Ir07,17.43159,0.023047142857142856
Ir07,17.49825,0.021574285714285716
Ir07,17.564909999999998,0.020572857142857143
Ir07,17.63157,0.01910857142857143
Ir07,17.69823,0.017728571428571427
Ir07,17.76489,0.016625714285714285
Ir07,17.83155,0.015042857142857143
Ir07,17.89821,0.01374
Ir07,17.964869999999998,0.012651428571428572
Ir07,18.03153,0.01128
Ir07,18.09819,0.010205714285714285
Ir07,18.16485,0.008894285714285714
Ir07,18.23151,0.008017142857142856
Ir07,18.29817,0.007027142857142857
Ir07,18.364829999999998,0.006024285714285715
Ir07,18.43149,0.005372857142857143
Ir07,18.49815,0.004588571428571429
Ir07,18.56481,0.00386
Ir07,18.63147,0.003367142857142857
Ir07,18.69813,0.002842857142857143
Ir07,18.764789999999998,0.002342857142857143
Ir07,18.83145,0.001977142857142857
Ir07,18.89811,0.00161
Ir07,18.96477,0.0013171428571428572
Ir07,19.03143,0.0010857142857142858
Ir07,19.09809,0.00087
Ir07,19.164749999999998,0.0006971428571428571
Ir07,19.231409999999997,0.0005385714285714286
Ir07,19.29807,0.00045142857142857143
Ir07,19.364729999999998,0.00034
Ir07,19.43139,0.0002957142857142857
Ir07,19.49805,0.00020285714285714286
Ir07,19.564709999999998,0.00017428571428571428
Ir07,19.631369999999997,0.00013714285714285713
Ir07,19.69803,9.571428571428571e-05
Ir07,19.764689999999998,5.857142857142857e-05
Ir07,19.83135,6.285714285714286e-05
Ir07,19.89801,3.4285714285714284e-05
Ir07,19.964669999999998,2.857142857142857e-05
Ir07,20.031329999999997,1.7142857142857142e-05
Ir07,20.09799,1.4285714285714285e-05
Ir07,20.164649999999998,1.2857142857142857e-05
Ir07,20.23131,4.2857142857142855e-06
Ir07,20.29797,5.7142857142857145e-06
Ir07,20.36463,5.7142857142857145e-06
Ir07,20.431289999999997,4.2857142857142855e-06
Ir07,20.49795,1.4285714285714286e-06
Ir07,20.56461,2.8571428571428573e-06
Ir07,20.63127,1.4285714285714286e-06
Ir07,20.69793,1.4285714285714286e-06
Ir07,20.76459,1.4285714285714286e-06
Ir07,20.831249999999997,0.0
Cu07,11.698830000000001,2e-06
Cu07,11.76549,2e-06
Cu07,11.832149999999999,6e-06
Cu07,11.89881,4e-06
Cu07,11.96547,4e-06
Cu07,12.032129999999999,8e-06
Cu07,12.09879,1.2e-05
Cu07,12.16545,1.2e-05
Cu07,12.232109999999999,1.6e-05
Cu07,12.29877,2.2e-05
Cu07,12.36543,2.6e-05
Cu07,12.432089999999999,5e-05
Cu07,12.49875,4.6e-05
Cu07,12.56541,4.2e-05
Cu07,12.632069999999999,8.2e-05
Cu07,12.69873,9.6e-05
Cu07,12.76539,8.8e-05
Cu07,12.832049999999999,0.00016
Cu07,12.89871,0.000188
Cu07,12.96537,0.000184
Cu07,13.032029999999999,0.000286
Cu07,13.09869,0.000336
Cu07,13.16535,0.000362
Cu07,13.232009999999999,0.00048
Cu07,13.29867,0.000632
Cu07,13.36533,0.000678
Cu07,13.431989999999999,0.000894
Cu07,13.49865,0.001106
Cu07,13.56531,0.001242
Cu07,13.631969999999999,0.001508
Cu07,13.69863,0.001842
Cu07,13.76529,0.00207
Cu07,13.831949999999999,0.00246
Cu07,13.898609999999998,0.002964
Cu07,13.96527,0.003426
Cu07,14.03193,0.00384
Cu07,14.098589999999998,0.00462
Cu07,14.16525,0.005152
Cu07,14.23191,0.006014
Cu07,14.298569999999998,0.006752
Cu07,14.36523,0.007614
Cu07,14.43189,0.008748
Cu07,14.498549999999998,0.00942
Cu07,14.56521,0.010776
Cu07,14.63187,0.01208
Cu07,14.698529999999998,0.012758
Cu07,14.76519,0.014268
Cu07,14.83185,0.015886
Cu07,14.898509999999998,0.016586
Cu07,14.96517,0.018336
Cu07,15.03183,0.019738
Cu07,15.098489999999998,0.020902
Cu07,15.16515,0.022596
Cu07,15.23181,0.023564
Cu07,15.298469999999998,0.024746
Cu07,15.36513,0.026192
Cu07,15.43179,0.026816
Cu07,15.498449999999998,0.027804
Cu07,15.56511,0.028718
Cu07,15.63177,0.029172
Cu07,15.698429999999998,0.029704
Cu07,15.76509,0.030198
Cu07,15.83175,0.030156
Cu07,15.898409999999998,0.030232
Cu07,15.96507,0.02974
Cu07,16.03173,0.029608
Cu07,16.09839,0.028874
Cu07,16.16505,0.028122
Cu07,16.23171,0.027514
Cu07,16.29837,0.026546
Cu07,16.365029999999997,0.025542
Cu07,16.43169,0.024186
Cu07,16.49835,0.022878
Cu07,16.56501,0.021682
Cu07,16.63167,0.020374
Cu07,16.69833,0.01881
Cu07,16.764989999999997,0.017522
Cu07,16.83165,0.016194
Cu07,16.89831,0.014812
Cu07,16.96497,0.013128
Cu07,17.03163,0.012204
Cu07,17.09829,0.01083
Cu07,17.164949999999997,0.009602
Cu07,17.23161,0.008502
Cu07,17.29827,0.00741
Cu07,17.36493,0.006618
Cu07,17.43159,0.005704
Cu07,17.49825,0.004836
Cu07,17.564909999999998,0.004276
Cu07,17.63157,0.003434
Cu07,17.69823,0.002994
Cu07,17.76489,0.002538
Cu07,17.83155,0.002048
Cu07,17.89821,0.001756
Cu07,17.964869999999998,0.00139
Cu07,18.03153,0.001194
Cu07,18.09819,0.000888
Cu07,18.16485,0.000746
Cu07,18.23151,0.000632
Cu07,18.29817,0.000468
Cu07,18.364829999999998,0.000424
Cu07,18.43149,0.000288
Cu07,18.49815,0.00025
Cu07,18.56481,0.00019
Cu07,18.63147,0.000142
Cu07,18.69813,8.6e-05
Cu07,18.764789999999998,7.8e-05
Cu07,18.83145,6.4e-05
Cu07,18.89811,2.8e-05
Cu07,18.96477,3.8e-05
Cu07,19.03143,1.2e-05
Cu07,19.09809,2.4e-05
Cu07,19.164749999999998,8e-06
Cu07,19.231409999999997,1e-05
Cu07,19.29807,8e-06
Cu07,19.364729999999998,2e-06
Cu07,19.43139,8e-06
Cu07,19.49805,2e-06
Cu07,19.564709999999998,6e-06
Cu07,19.631369999999997,0.0
Cu07,19.69803,4e-06
Cu07,19.764689999999998,0.0
Ni08,10.69893,1.6666666666666667e-06
Ni08,10.76559,1.6666666666666667e-06
Ni08,10.832249999999998,3.3333333333333333e-06
Ni08,10.89891,3.3333333333333333e-06
Ni08,10.96557,3.3333333333333333e-06
Ni08,11.032229999999998,6.666666666666667e-06
Ni08,11.09889,8.333333333333334e-06
Ni08,11.16555,8.333333333333334e-06
Ni08,11.232209999999998,1.1666666666666666e-05
Ni08,11.29887,1.5e-05
Ni08,11.36553,2.1666666666666667e-05
Ni08,11.432189999999999,2e-05
Ni08,11.498850000000001,4.5e-05
Ni08,11.56551,3.5e-05
Ni08,11.632169999999999,3.5e-05
Ni08,11.698830000000001,8e-05
Ni08,11.76549,7e-05
Ni08,11.832149999999999,8.833333333333333e-05
Ni08,11.89881,0.00011666666666666667
Ni08,11.96547,0.00016166666666666668
Ni08,12.032129999999999,0.00015
Ni08,12.09879,0.00022166666666666667
Ni08,12.16545,0.0002866666666666667
Ni08,12.232109999999999,0.0002866666666666667
Ni08,12.29877,0.00036333333333333335
Ni08,12.36543,0.00046833333333333335
Ni08,12.432089999999999,0.0005666666666666667
Ni08,12.49875,0.000685
Ni08,12.56541,0.0007933333333333333
Ni08,12.632069999999999,0.0009833333333333332
Ni08,12.69873,0.0012016666666666666
Ni08,12.76539,0.0013616666666666666
Ni08,12.832049999999999,0.0016
Ni08,12.89871,0.0019766666666666665
Ni08,12.96537,0.002135
Ni08,13.032029999999999,0.0026016666666666666
Ni08,13.09869,0.0029716666666666667
Ni08,13.16535,0.0034716666666666667
Ni08,13.232009999999999,0.004015
Ni08,13.29867,0.004566666666666667
Ni08,13.36533,0.005175
Ni08,13.431989999999999,0.005995
Ni08,13.49865,0.0066033333333333335
Ni08,13.56531,0.007546666666666667
Ni08,13.631969999999999,0.008336666666666666
Ni08,13.69863,0.009233333333333333
Ni08,13.76529,0.010563333333333333
Ni08,13.831949999999999,0.011181666666666666
Ni08,13.898609999999998,0.012535
Ni08,13.96527,0.013671666666666667
Ni08,14.03193,0.014636666666666666
Ni08,14.098589999999998,0.016235
Ni08,14.16525,0.017188333333333333
Ni08,14.23191,0.018673333333333333
Ni08,14.298569999999998,0.019801666666666665
Ni08,14.36523,0.021163333333333333
Ni08,14.43189,0.022378333333333333
Ni08,14.498549999999998,0.023296666666666667
Ni08,14.56521,0.02455
Ni08,14.63187,0.025523333333333332
Ni08,14.698529999999998,0.026336666666666668
Ni08,14.76519,0.027041666666666665
Ni08,14.83185,0.02807
Ni08,14.898509999999998,0.028273333333333334
Ni08,14.96517,0.028663333333333332
Ni08,15.03183,0.029063333333333333
Ni08,15.098489999999998,0.029093333333333332
Ni08,15.16515,0.029035
Ni08,15.23181,0.028635
Ni08,15.298469999999998,0.028543333333333334
Ni08,15.36513,0.027633333333333333
Ni08,15.43179,0.027223333333333332
Ni08,15.498449999999998,0.026368333333333334
Ni08,15.56511,0.025686666666666667
Ni08,15.63177,0.024491666666666665
Ni08,15.698429999999998,0.023581666666666667
Ni08,15.76509,0.022306666666666666
Ni08,15.83175,0.020933333333333335
Ni08,15.898409999999998,0.019861666666666666
Ni08,15.96507,0.01838
Ni08,16.03173,0.017321666666666666
Ni08,16.09839,0.01596
Ni08,16.16505,0.014686666666666667
Ni08,16.23171,0.013288333333333333
Ni08,16.29837,0.012115
Ni08,16.365029999999997,0.010835
Ni08,16.43169,0.009843333333333334
Ni08,16.49835,0.00855
Ni08,16.56501,0.007761666666666667
Ni08,16.63167,0.006791666666666666
Ni08,16.69833,0.0059566666666666665
Ni08,16.764989999999997,0.005183333333333333
Ni08,16.83165,0.004468333333333334
Ni08,16.89831,0.003831666666666667
Ni08,16.96497,0.0032
Ni08,17.03163,0.0026866666666666666
Ni08,17.09829,0.0023716666666666665
Ni08,17.164949999999997,0.0019433333333333334
Ni08,17.23161,0.0015783333333333333
Ni08,17.29827,0.0013066666666666667
Ni08,17.36493,0.0010816666666666668
Ni08,17.43159,0.0008916666666666667
Ni08,17.49825,0.0006783333333333333
Ni08,17.564909999999998,0.0006066666666666667
Ni08,17.63157,0.00045
Ni08,17.69823,0.0003933333333333333
Ni08,17.76489,0.00030166666666666666
Ni08,17.83155,0.00023166666666666667
Ni08,17.89821,0.00020333333333333333
Ni08,17.964869999999998,0.00013
Ni08,18.03153,0.0001
Ni08,18.09819,7.833333333333333e-05
Ni08,18.16485,5.333333333333333e-05
Ni08,18.23151,4.5e-05
Ni08,18.29817,2.3333333333333332e-05
Ni08,18.364829999999998,2.6666666666666667e-05
Ni08,18.43149,1.1666666666666666e-05
Ni08,18.49815,1.6666666666666667e-05
Ni08,18.56481,8.333333333333334e-06
Ni08,18.63147,6.666666666666667e-06
Ni08,18.69813,8.333333333333334e-06
Ni08,18.764789999999998,3.3333333333333333e-06
Ni08,18.83145,6.666666666666667e-06
Ni08,18.89811,0.0
Ni08,18.96477,5e-06
Ni08,19.03143,0.0
Ni08,19.09809,3.3333333333333333e-06
Ni08,19.164749999999998,0.0
Ir08,9.03243,1.111111111111111e-06
Ir08,9.09909,1.111111111111111e-06
Ir08,9.16575,2.222222222222222e-06
Ir08,9.23241,1.111111111111111e-06
Ir08,9.29907,3.3333333333333333e-06
Ir08,9.36573,0.0
Ir08,9.43239,4.444444444444444e-06
Ir08,9.49905,5.555555555555556e-06
Ir08,9.56571,5.555555555555556e-06
Ir08,9.632369999999998,7.777777777777777e-06
Ir08,9.69903,8.888888888888888e-06
Ir08,9.76569,1.1111111111111112e-05
Ir08,9.832349999999998,1.3333333333333333e-05
Ir08,9.89901,2.3333333333333332e-05
Ir08,9.96567,2.4444444444444445e-05
Ir08,10.032329999999998,2.5555555555555554e-05
Ir08,10.09899,3.3333333333333335e-05
Ir08,10.16565,4.111111111111111e-05
Ir08,10.232309999999998,5e-05
Ir08,10.29897,5.555555555555556e-05
Ir08,10.36563,7.11111111111111e-05
Ir08,10.432289999999998,0.00010777777777777778
Ir08,10.49895,9.11111111111111e-05
Ir08,10.56561,0.00013111111111111111
Ir08,10.632269999999998,0.00017444444444444444
Ir08,10.69893,0.0001677777777777778
Ir08,10.76559,0.00022888888888888888
Ir08,10.832249999999998,0.00027
Ir08,10.89891,0.0002988888888888889
Ir08,10.96557,0.0004011111111111111
Ir08,11.032229999999998,0.0004566666666666667
Ir08,11.09889,0.0005388888888888889
Ir08,11.16555,0.0006388888888888889
Ir08,11.232209999999998,0.00079
Ir08,11.29887,0.0008855555555555556
Ir08,11.36553,0.0010122222222222223
Ir08,11.432189999999999,0.0012333333333333332
Ir08,11.498850000000001,0.0013688888888888889
Ir08,11.56551,0.0015755555555555555
Ir08,11.632169999999999,0.0019388888888888889
Ir08,11.698830000000001,0.0021
Ir08,11.76549,0.002437777777777778
Ir08,11.832149999999999,0.002807777777777778
Ir08,11.89881,0.003147777777777778
Ir08,11.96547,0.0036144444444444444
Ir08,12.032129999999999,0.004025555555555556
Ir08,12.09879,0.004544444444444445
Ir08,12.16545,0.005178888888888889
Ir08,12.232109999999999,0.005693333333333333
Ir08,12.29877,0.006236666666666666
Ir08,12.36543,0.007227777777777777
Ir08,12.432089999999999,0.007663333333333334
Ir08,12.49875,0.008494444444444445
Ir08,12.56541,0.009413333333333333
Ir08,12.632069999999999,0.010052222222222223
Ir08,12.69873,0.011137777777777778
Ir08,12.76539,0.011944444444444445
Ir08,12.832049999999999,0.012945555555555556
Ir08,12.89871,0.0141
Ir08,12.96537,0.014796666666666666
Ir08,13.032029999999999,0.016064444444444444
Ir08,13.09869,0.016967777777777776
Ir08,13.16535,0.018057777777777777
Ir08,13.232009999999999,0.018836666666666668
Ir08,13.29867,0.019994444444444443
Ir08,13.36533,0.02077
Ir08,13.431989999999999,0.021734444444444445
Ir08,13.49865,0.022435555555555556
Ir08,13.56531,0.02327111111111111
Ir08,13.631969999999999,0.023874444444444445
Ir08,13.69863,0.02448777777777778
Ir08,13.76529,0.025094444444444444
Ir08,13.831949999999999,0.02547111111111111
Ir08,13.898609999999998,0.025642222222222222
Ir08,13.96527,0.02587888888888889
Ir08,14.03193,0.026184444444444444
Ir08,14.098589999999998,0.026226666666666665
Ir08,14.16525,0.02601
Ir08,14.23191,0.025777777777777778
Ir08,14.298569999999998,0.02549
Ir08,14.36523,0.025048888888888888
Ir08,14.43189,0.024453333333333334
Ir08,14.498549999999998,0.023933333333333334
Ir08,14.56521,0.02293777777777778
Ir08,14.63187,0.0223
Ir08,14.698529999999998,0.02132111111111111
Ir08,14.76519,0.020635555555555556
Ir08,14.83185,0.019577777777777777
Ir08,14.898509999999998,0.018396666666666665
Ir08,14.96517,0.017365555555555554
Ir08,15.03183,0.016352222222222223
Ir08,15.098489999999998,0.015472222222222222
Ir08,15.16515,0.014283333333333334
Ir08,15.23181,0.013286666666666667
Ir08,15.298469999999998,0.012053333333333333
Ir08,15.36513,0.011198888888888888
Ir08,15.43179,0.010057777777777778
Ir08,15.498449999999998,0.00922
Ir08,15.56511,0.008324444444444445
Ir08,15.63177,0.007497777777777778
Ir08,15.698429999999998,0.006583333333333333
Ir08,15.76509,0.0057911111111111115
Ir08,15.83175,0.005238888888888889
Ir08,15.898409999999998,0.004476666666666667
Ir08,15.96507,0.004007777777777778
Ir08,16.03173,0.0034566666666666665
Ir08,16.09839,0.0030455555555555557
Ir08,16.16505,0.00256
Ir08,16.23171,0.002188888888888889
Ir08,16.29837,0.0018177777777777778
Ir08,16.365029999999997,0.0015955555555555556
Ir08,16.43169,0.001298888888888889
Ir08,16.49835,0.0010722222222222222
Ir08,16.56501,0.0008922222222222222
Ir08,16.63167,0.0007277777777777778
Ir08,16.69833,0.0006055555555555556
Ir08,16.764989999999997,0.0004788888888888889
Ir08,16.83165,0.00040444444444444447
Ir08,16.89831,0.0003333333333333333
Ir08,16.96497,0.0002522222222222222
Ir08,17.03163,0.00021777777777777778
Ir08,17.09829,0.0001577777777777778
Ir08,17.164949999999997,0.0001422222222222222
Ir08,17.23161,0.00010666666666666667
Ir08,17.29827,6.555555555555556e-05
Ir08,17.36493,5.4444444444444446e-05
Ir08,17.43159,5e-05
Ir08,17.49825,3.222222222222222e-05
Ir08,17.564909999999998,1.888888888888889e-05
Ir08,17.63157,1.888888888888889e-05
Ir08,17.69823,1.3333333333333333e-05
Ir08,17.76489,1e-05
Ir08,17.83155,1e-05
Ir08,17.89821,3.3333333333333333e-06
Ir08,17.964869999999998,5.555555555555556e-06
Ir08,18.03153,3.3333333333333333e-06
Ir08,18.09819,2.222222222222222e-06
Ir08,18.16485,4.444444444444444e-06
Ir08,18.23151,0.0
Ir08,18.29817,3.3333333333333333e-06
Ir08,18.364829999999998,0.0
Ir08,18.43149,2.222222222222222e-06
Ir08,18.49815,0.0
Cu08,7.96587,1.4285714285714286e-06
Cu08,8.03253,1.4285714285714286e-06
Cu08,8.09919,2.8571428571428573e-06
Cu08,8.165849999999999,4.2857142857142855e-06
Cu08,8.23251,1.4285714285714286e-06
Cu08,8.29917,5.7142857142857145e-06
Cu08,8.365829999999999,4.2857142857142855e-06
Cu08,8.43249,5.7142857142857145e-06
Cu08,8.49915,1e-05
Cu08,8.565809999999999,8.571428571428571e-06
Cu08,8.63247,1.2857142857142857e-05
Cu08,8.69913,1.8571428571428572e-05
Cu08,8.765789999999999,1.2857142857142857e-05
Cu08,8.83245,2.1428571428571428e-05
Cu08,8.89911,3.857142857142857e-05
Cu08,8.96577,3.285714285714286e-05
Cu08,9.03243,4.2857142857142856e-05
Cu08,9.09909,5.142857142857143e-05
Cu08,9.16575,5e-05
Cu08,9.23241,8e-05
Cu08,9.29907,8.285714285714286e-05
Cu08,9.36573,8.857142857142857e-05
Cu08,9.43239,0.00014714285714285713
Cu08,9.49905,0.00012428571428571428
Cu08,9.56571,0.00018285714285714286
Cu08,9.632369999999998,0.00023
Cu08,9.69903,0.00023
Cu08,9.76569,0.0002928571428571429
Cu08,9.832349999999998,0.0003385714285714286
Cu08,9.89901,0.0003857142857142857
Cu08,9.96567,0.0005185714285714286
Cu08,10.032329999999998,0.0005485714285714285
Cu08,10.09899,0.00067
Cu08,10.16565,0.0007957142857142857
Cu08,10.232309999999998,0.0009128571428571429
Cu08,10.29897,0.0011271428571428572
Cu08,10.36563,0.0012114285714285714
Cu08,10.432289999999998,0.0014585714285714286
Cu08,10.49895,0.0016485714285714285
Cu08,10.56561,0.001882857142857143
Cu08,10.632269999999998,0.0022128571428571427
Cu08,10.69893,0.0024442857142857144
Cu08,10.76559,0.0029142857142857143
Cu08,10.832249999999998,0.0031885714285714286
Cu08,10.89891,0.003654285714285714
Cu08,10.96557,0.00412
Cu08,11.032229999999998,0.004608571428571429
Cu08,11.09889,0.005251428571428572
Cu08,11.16555,0.005741428571428572
Cu08,11.232209999999998,0.006485714285714286
Cu08,11.29887,0.007052857142857143
Cu08,11.36553,0.007882857142857143
Cu08,11.432189999999999,0.008538571428571428
Cu08,11.498850000000001,0.009651428571428571
Cu08,11.56551,0.01022
Cu08,11.632169999999999,0.01139
Cu08,11.698830000000001,0.012011428571428572
Cu08,11.76549,0.013245714285714286
Cu08,11.832149999999999,0.014011428571428572
Cu08,11.89881,0.015004285714285715
Cu08,11.96547,0.01636857142857143
Cu08,12.032129999999999,0.017135714285714285
Cu08,12.09879,0.018284285714285715
Cu08,12.16545,0.01921857142857143
Cu08,12.232109999999999,0.02031142857142857
Cu08,12.29877,0.021028571428571428
Cu08,12.36543,0.022234285714285713
Cu08,12.432089999999999,0.022877142857142856
Cu08,12.49875,0.02372
Cu08,12.56541,0.024425714285714287
Cu08,12.632069999999999,0.02496857142857143
Cu08,12.69873,0.025551428571428572
Cu08,12.76539,0.025891428571428572
Cu08,12.832049999999999,0.026244285714285713
Cu08,12.89871,0.026465714285714287
Cu08,12.96537,0.02634
Cu08,13.032029999999999,0.026592857142857144
Cu08,13.09869,0.025971428571428572
Cu08,13.16535,0.026041428571428573
Cu08,13.232009999999999,0.025317142857142858
Cu08,13.29867,0.025218571428571427
Cu08,13.36533,0.024284285714285713
Cu08,13.431989999999999,0.023828571428571428
Cu08,13.49865,0.023025714285714285
Cu08,13.56531,0.02219857142857143
Cu08,13.631969999999999,0.021135714285714285
Cu08,13.69863,0.020368571428571427
Cu08,13.76529,0.019187142857142857
Cu08,13.831949999999999,0.018352857142857143
Cu08,13.898609999999998,0.016895714285714285
Cu08,13.96527,0.016174285714285714
Cu08,14.03193,0.01474
Cu08,14.098589999999998,0.014101428571428572
Cu08,14.16525,0.012627142857142858
Cu08,14.23191,0.011785714285714287
Cu08,14.298569999999998,0.010611428571428572
Cu08,14.36523,0.009804285714285715
Cu08,14.43189,0.008587142857142857
Cu08,14.498549999999998,0.007942857142857142
Cu08,14.56521,0.006981428571428572
Cu08,14.63187,0.006234285714285714
Cu08,14.698529999999998,0.005544285714285714
Cu08,14.76519,0.004851428571428572
Cu08,14.83185,0.0042757142857142855
Cu08,14.898509999999998,0.003694285714285714
Cu08,14.96517,0.003125714285714286
Cu08,15.03183,0.0027271428571428572
Cu08,15.098489999999998,0.0023514285714285716
Cu08,15.16515,0.002024285714285714
Cu08,15.23181,0.00165
Cu08,15.298469999999998,0.0014314285714285713
Cu08,15.36513,0.0011385714285714287
Cu08,15.43179,0.0009971428571428572
Cu08,15.498449999999998,0.0007914285714285714
Cu08,15.56511,0.0006742857142857143
Cu08,15.63177,0.00056
Cu08,15.698429999999998,0.0004342857142857143
Cu08,15.76509,0.0003814285714285714
Cu08,15.83175,0.0003042857142857143
Cu08,15.898409999999998,0.00023857142857142857
Cu08,15.96507,0.00020857142857142857
Cu08,16.03173,0.00013857142857142857
Cu08,16.09839,0.00010571428571428571
Cu08,16.16505,8.857142857142857e-05
Cu08,16.23171,7e-05
Cu08,16.29837,5e-05
Cu08,16.365029999999997,3e-05
Cu08,16.43169,2.857142857142857e-05
Cu08,16.49835,2e-05
Cu08,16.56501,1.8571428571428572e-05
Cu08,16.63167,1e-05
Cu08,16.69833,1e-05
Cu08,16.764989999999997,5.7142857142857145e-06
Cu08,16.83165,7.142857142857143e-06
Cu08,16.89831,7.142857142857143e-06
Cu08,16.96497,2.8571428571428573e-06
Cu08,17.03163,4.2857142857142855e-06
Cu08,17.09829,1.4285714285714286e-06
Cu08,17.164949999999997,2.8571428571428573e-06
Cu08,17.23161,1.4285714285714286e-06
Cu08,17.29827,1.4285714285714286e-06
Cu08,17.36493,1.4285714285714286e-06
Ni09,6.69933,1.25e-06
Ni09,6.76599,1.25e-06
Ni09,6.832649999999999,3.75e-06
Ni09,6.89931,1.25e-06
Ni09,6.9659699999999996,1.25e-06
Ni09,7.032629999999999,5e-06
Ni09,7.09929,5e-06
Ni09,7.16595,2.5e-06
Ni09,7.232609999999999,7.5e-06
Ni09,7.29927,7.5e-06
Ni09,7.36593,6.25e-06
Ni09,7.432589999999999,1e-05
Ni09,7.49925,1.25e-05
Ni09,7.56591,1.75e-05
Ni09,7.632569999999999,1.625e-05
Ni09,7.69923,2.75e-05
Ni09,7.76589,2.75e-05
Ni09,7.8325499999999995,3.125e-05
Ni09,7.89921,3.25e-05
Ni09,7.96587,5.5e-05
Ni09,8.03253,4.75e-05
Ni09,8.09919,6.25e-05
Ni09,8.165849999999999,7.375e-05
Ni09,8.23251,6.875e-05
Ni09,8.29917,0.00012375
Ni09,8.365829999999999,0.00012125
Ni09,8.43249,0.00014375
Ni09,8.49915,0.000175
Ni09,8.565809999999999,0.00018125
Ni09,8.63247,0.00024375
Ni09,8.69913,0.00026375
Ni09,8.765789999999999,0.00033
Ni09,8.83245,0.00033875
Ni09,8.89911,0.00044375
Ni09,8.96577,0.000495
Ni09,9.03243,0.00057875
Ni09,9.09909,0.00070875
Ni09,9.16575,0.0007975
Ni09,9.23241,0.00093
Ni09,9.29907,0.00104625
Ni09,9.36573,0.00120125
Ni09,9.43239,0.0014375
Ni09,9.49905,0.00153625
Ni09,9.56571,0.00180625
Ni09,9.632369999999998,0.0020175
Ni09,9.69903,0.00236625
Ni09,9.76569,0.00260125
Ni09,9.832349999999998,0.00293125
Ni09,9.89901,0.0033725
Ni09,9.96567,0.0036725
Ni09,10.032329999999998,0.00419875
Ni09,10.09899,0.00462375
Ni09,10.16565,0.0051475
Ni09,10.232309999999998,0.00568625
Ni09,10.29897,0.00625625
Ni09,10.36563,0.00703625
Ni09,10.432289999999998,0.00739875
Ni09,10.49895,0.00845125
Ni09,10.56561,0.008925
Ni09,10.632269999999998,0.00993625
Ni09,10.69893,0.0104625
Ni09,10.76559,0.0115275
Ni09,10.832249999999998,0.012235
Ni09,10.89891,0.01319
Ni09,10.96557,0.01398875
Ni09,11.032229999999998,0.01519
Ni09,11.09889,0.01593625
Ni09,11.16555,0.01697125
Ni09,11.232209999999998,0.01778875
Ni09,11.29887,0.018795
Ni09,11.36553,0.01960125
Ni09,11.432189999999999,0.02053375
Ni09,11.498850000000001,0.02118375
Ni09,11.56551,0.0220975
Ni09,11.632169999999999,0.022445
Ni09,11.698830000000001,0.0235375
Ni09,11.76549,0.023575
Ni09,11.832149999999999,0.02454
Ni09,11.89881,0.024465
Ni09,11.96547,0.02514875
Ni09,12.032129999999999,0.02495
Ni09,12.09879,0.02523125
Ni09,12.16545,0.02510625
Ni09,12.232109999999999,0.02505
Ni09,12.29877,0.0246625
Ni09,12.36543,0.024455
Ni09,12.432089999999999,0.02402125
Ni09,12.49875,0.02350125
Ni09,12.56541,0.02299625
Ni09,12.632069999999999,0.022205
Ni09,12.69873,0.0217175
Ni09,12.76539,0.02057875
Ni09,12.832049999999999,0.02011625
Ni09,12.89871,0.0189175
Ni09,12.96537,0.01828625
Ni09,13.032029999999999,0.01699625
Ni09,13.09869,0.01621625
Ni09,13.16535,0.01491375
Ni09,13.232009999999999,0.01429625
Ni09,13.29867,0.01312125
Ni09,13.36533,0.01215625
Ni09,13.431989999999999,0.01119125
Ni09,13.49865,0.01023875
Ni09,13.56531,0.00939
Ni09,13.631969999999999,0.0083725
Ni09,13.69863,0.00766125
Ni09,13.76529,0.0069275
Ni09,13.831949999999999,0.00611875
Ni09,13.898609999999998,0.00551875
Ni09,13.96527,0.00480875
Ni09,14.03193,0.00424875
Ni09,14.098589999999998,0.00379
Ni09,14.16525,0.0032275
Ni09,14.23191,0.00280875
Ni09,14.298569999999998,0.002385
Ni09,14.36523,0.00212
Ni09,14.43189,0.00175875
Ni09,14.498549999999998,0.00151125
Ni09,14.56521,0.0012675
Ni09,14.63187,0.00103875
Ni09,14.698529999999998,0.0009175
Ni09,14.76519,0.00071
Ni09,14.83185,0.00064
Ni09,14.898509999999998,0.00049
Ni09,14.96517,0.00043
Ni09,15.03183,0.000365
Ni09,15.098489999999998,0.0002675
Ni09,15.16515,0.000235
Ni09,15.23181,0.00018375
Ni09,15.298469999999998,0.00015
Ni09,15.36513,0.00012
Ni09,15.43179,7e-05
Ni09,15.498449999999998,6.75e-05
Ni09,15.56511,4.875e-05
Ni09,15.63177,4e-05
Ni09,15.698429999999998,2.625e-05
Ni09,15.76509,1.625e-05
Ni09,15.83175,2e-05
Ni09,15.898409999999998,1.5e-05
Ni09,15.96507,5e-06
Ni09,16.03173,1e-05
Ni09,16.09839,6.25e-06
Ni09,16.16505,5e-06
Ni09,16.23171,6.25e-06
Ni09,16.29837,2.5e-06
Ni09,16.365029999999997,3.75e-06
Ni09,16.43169,2.5e-06
Ni09,16.49835,1.25e-06
Ni09,16.56501,2.5e-06
Ni09,16.63167,1.25e-06
Ni09,16.69833,0.0
Ir09,4.43289,7.692307692307693e-07
Ir09,4.499549999999999,7.692307692307693e-07
Ir09,4.56621,0.0
Ir09,4.6328700000000005,2.3076923076923077e-06
Ir09,4.699529999999999,7.692307692307693e-07
Ir09,4.76619,7.692307692307693e-07
Ir09,4.83285,3.076923076923077e-06
Ir09,4.899509999999999,7.692307692307693e-07
Ir09,4.96617,2.3076923076923077e-06
Ir09,5.03283,3.846153846153846e-06
Ir09,5.099489999999999,2.3076923076923077e-06
Ir09,5.16615,3.846153846153846e-06
Ir09,5.23281,5.384615384615385e-06
Ir09,5.2994699999999995,4.615384615384615e-06
Ir09,5.36613,3.846153846153846e-06
Ir09,5.43279,8.461538461538462e-06
Ir09,5.4994499999999995,8.461538461538462e-06
Ir09,5.56611,7.692307692307692e-06
Ir09,5.63277,1.1538461538461538e-05
Ir09,5.6994299999999996,2.076923076923077e-05
Ir09,5.76609,1.3846153846153847e-05
Ir09,5.83275,1.923076923076923e-05
Ir09,5.89941,2.230769230769231e-05
Ir09,5.96607,2.3846153846153846e-05
Ir09,6.032729999999999,3e-05
Ir09,6.09939,2.5384615384615386e-05
Ir09,6.16605,4.461538461538462e-05
Ir09,6.232709999999999,4.153846153846154e-05
Ir09,6.29937,4.307692307692308e-05
Ir09,6.36603,6.76923076923077e-05
Ir09,6.432689999999999,7e-05
Ir09,6.49935,8.076923076923076e-05
Ir09,6.56601,9.692307692307692e-05
Ir09,6.632669999999999,9.615384615384615e-05
Ir09,6.69933,0.0001323076923076923
Ir09,6.76599,0.00013846153846153847
Ir09,6.832649999999999,0.00016076923076923077
Ir09,6.89931,0.00019076923076923077
Ir09,6.9659699999999996,0.00019076923076923077
Ir09,7.032629999999999,0.0002507692307692308
Ir09,7.09929,0.0002753846153846154
Ir09,7.16595,0.0003276923076923077
Ir09,7.232609999999999,0.0003869230769230769
Ir09,7.29927,0.0003923076923076923
Ir09,7.36593,0.0005146153846153846
Ir09,7.432589999999999,0.0005192307692307692
Ir09,7.49925,0.0006615384615384616
Ir09,7.56591,0.0007038461538461539
Ir09,7.632569999999999,0.0008
Ir09,7.69923,0.000913076923076923
Ir09,7.76589,0.000983076923076923
Ir09,7.8325499999999995,0.0011730769230769232
Ir09,7.89921,0.0012446153846153846
Ir09,7.96587,0.0014761538461538462
Ir09,8.03253,0.0015769230769230769
Ir09,8.09919,0.00183
Ir09,8.165849999999999,0.0020146153846153847
Ir09,8.23251,0.0022276923076923077
Ir09,8.29917,0.0024784615384615383
Ir09,8.365829999999999,0.002743846153846154
Ir09,8.43249,0.003093076923076923
Ir09,8.49915,0.0033276923076923075
Ir09,8.565809999999999,0.003724615384615385
Ir09,8.63247,0.004023846153846154
Ir09,8.69913,0.004533846153846154
Ir09,8.765789999999999,0.0048
Ir09,8.83245,0.005423846153846154
Ir09,8.89911,0.005763076923076923
Ir09,8.96577,0.0063407692307692306
Ir09,9.03243,0.00679076923076923
Ir09,9.09909,0.007368461538461538
Ir09,9.16575,0.007946923076923077
Ir09,9.23241,0.008479230769230768
Ir09,9.29907,0.009173846153846154
Ir09,9.36573,0.009738461538461538
Ir09,9.43239,0.010520769230769231
Ir09,9.49905,0.011128461538461538
Ir09,9.56571,0.011903846153846154
Ir09,9.632369999999998,0.01252
Ir09,9.69903,0.013433076923076923
Ir09,9.76569,0.01393
Ir09,9.832349999999998,0.014913846153846154
Ir09,9.89901,0.015370769230769231
Ir09,9.96567,0.01628846153846154
Ir09,10.032329999999998,0.016799230769230768
Ir09,10.09899,0.017627692307692306
Ir09,10.16565,0.018162307692307693
Ir09,10.232309999999998,0.018824615384615384
Ir09,10.29897,0.01936076923076923
Ir09,10.36563,0.01991923076923077
Ir09,10.432289999999998,0.02044769230769231
Ir09,10.49895,0.020833076923076923
Ir09,10.56561,0.021343076923076923
Ir09,10.632269999999998,0.021472307692307693
Ir09,10.69893,0.021954615384615385
Ir09,10.76559,0.022012307692307692
Ir09,10.832249999999998,0.02227923076923077
Ir09,10.89891,0.0224
Ir09,10.96557,0.02235923076923077
Ir09,11.032229999999998,0.022401538461538462
Ir09,11.09889,0.02218846153846154
Ir09,11.16555,0.02201076923076923
Ir09,11.232209999999998,0.021706153846153847
Ir09,11.29887,0.021516923076923076
Ir09,11.36553,0.02084230769230769
Ir09,11.432189999999999,0.02056076923076923
Ir09,11.498850000000001,0.0199
Ir09,11.56551,0.019443846153846155
Ir09,11.632169999999999,0.018752307692307693
Ir09,11.698830000000001,0.018115384615384617
Ir09,11.76549,0.017426153846153845
Ir09,11.832149999999999,0.016588461538461538
Ir09,11.89881,0.01600230769230769
Ir09,11.96547,0.015183846153846154
Ir09,12.032129999999999,0.014396153846153847
Ir09,12.09879,0.013554615384615385
Ir09,12.16545,0.012756153846153846
Ir09,12.232109999999999,0.012000769230769232
Ir09,12.29877,0.011094615384615385
Ir09,12.36543,0.010486923076923078
Ir09,12.432089999999999,0.00959076923076923
Ir09,12.49875,0.008947692307692308
Ir09,12.56541,0.008077692307692308
Ir09,12.632069999999999,0.007487692307692308
Ir09,12.69873,0.0067292307692307695
Ir09,12.76539,0.006182307692307693
Ir09,12.832049999999999,0.005496923076923077
Ir09,12.89871,0.00501
Ir09,12.96537,0.00449
Ir09,13.032029999999999,0.003953846153846154
Ir09,13.09869,0.0035615384615384615
Ir09,13.16535,0.0031084615384615387
Ir09,13.232009999999999,0.002806923076923077
Ir09,13.29867,0.0024246153846153844
Ir09,13.36533,0.0020692307692307694
Ir09,13.431989999999999,0.0018615384615384616
Ir09,13.49865,0.0015461538461538462
Ir09,13.56531,0.0013892307692307693
Ir09,13.631969999999999,0.0011584615384615385
Ir09,13.69863,0.0009569230769230769
Ir09,13.76529,0.0008484615384615385
Ir09,13.831949999999999,0.0006784615384615385
Ir09,13.898609999999998,0.0005984615384615385
Ir09,13.96527,0.0004846153846153846
Ir09,14.03193,0.00040384615384615383
Ir09,14.098589999999998,0.0003376923076923077
Ir09,14.16525,0.0003
Ir09,14.23191,0.00022153846153846155
Ir09,14.298569999999998,0.00019923076923076923
Ir09,14.36523,0.00015615384615384615
Ir09,14.43189,0.00012923076923076923
Ir09,14.498549999999998,0.0001076923076923077
Ir09,14.56521,7.538461538461539e-05
Ir09,14.63187,5.923076923076923e-05
Ir09,14.698529999999998,4.846153846153846e-05
Ir09,14.76519,4e-05
Ir09,14.83185,2.6923076923076923e-05
Ir09,14.898509999999998,2.076923076923077e-05
Ir09,14.96517,1.6923076923076924e-05
Ir09,15.03183,1.1538461538461538e-05
Ir09,15.098489999999998,1.1538461538461538e-05
Ir09,15.16515,9.23076923076923e-06
Ir09,15.23181,3.846153846153846e-06
Ir09,15.298469999999998,4.615384615384615e-06
Ir09,15.36513,4.615384615384615e-06
Ir09,15.43179,3.076923076923077e-06
Ir09,15.498449999999998,3.076923076923077e-06
Ir09,15.56511,2.3076923076923077e-06
Ir09,15.63177,2.3076923076923077e-06
Ir09,15.698429999999998,7.692307692307693e-07
Ir09,15.76509,1.5384615384615385e-06
Ir09,15.83175,1.5384615384615385e-06
Ir09,15.898409999999998,0.0
Ir09,15.96507,7.692307692307693e-07
Cu09,2.43309,1e-06
Cu09,2.4997499999999997,0.0
Cu09,2.56641,1e-06
Cu09,2.63307,0.0
Cu09,2.6997299999999997,2e-06
Cu09,2.76639,1e-06
Cu09,2.83305,1e-06
Cu09,2.89971,1e-06
Cu09,2.96637,3e-06
Cu09,3.03303,2e-06
Cu09,3.09969,1e-06
Cu09,3.1663499999999996,3e-06
Cu09,3.23301,3e-06
Cu09,3.29967,2e-06
Cu09,3.3663299999999996,4e-06
Cu09,3.4329899999999998,7e-06
Cu09,3.49965,4e-06
Cu09,3.5663099999999996,5e-06
Cu09,3.63297,7e-06
Cu09,3.69963,5e-06
Cu09,3.7662899999999997,7e-06
Cu09,3.83295,1.1e-05
Cu09,3.89961,1e-05
Cu09,3.9662699999999997,1e-05
Cu09,4.03293,1.4e-05
Cu09,4.099589999999999,2.3e-05
Cu09,4.16625,1.5e-05
Cu09,4.23291,2.2e-05
Cu09,4.299569999999999,2.8e-05
Cu09,4.36623,1.9e-05
Cu09,4.43289,3.6e-05
Cu09,4.499549999999999,3.8e-05
Cu09,4.56621,2.2e-05
Cu09,4.6328700000000005,5.6e-05
Cu09,4.699529999999999,4.9e-05
Cu09,4.76619,4.2e-05
Cu09,4.83285,7.1e-05
Cu09,4.899509999999999,7e-05
Cu09,4.96617,8.2e-05
Cu09,5.03283,9.8e-05
Cu09,5.099489999999999,9.3e-05
Cu09,5.16615,0.000133
Cu09,5.23281,0.000122
Cu09,5.2994699999999995,0.000153
Cu09,5.36613,0.000185
Cu09,5.43279,0.000172
Cu09,5.4994499999999995,0.000241
Cu09,5.56611,0.000219
Cu09,5.63277,0.000279
Cu09,5.6994299999999996,0.000308
Cu09,5.76609,0.000344
Cu09,5.83275,0.000415
Cu09,5.89941,0.000442
Cu09,5.96607,0.000522
Cu09,6.032729999999999,0.000588
Cu09,6.09939,0.000622
Cu09,6.16605,0.000727
Cu09,6.232709999999999,0.000839
Cu09,6.29937,0.000879
Cu09,6.36603,0.001055
Cu09,6.432689999999999,0.001101
Cu09,6.49935,0.001287
Cu09,6.56601,0.001357
Cu09,6.632669999999999,0.001568
Cu09,6.69933,0.001695
Cu09,6.76599,0.001887
Cu09,6.832649999999999,0.002112
Cu09,6.89931,0.002302
Cu09,6.9659699999999996,0.002599
Cu09,7.032629999999999,0.002795
Cu09,7.09929,0.003108
Cu09,7.16595,0.003383
Cu09,7.232609999999999,0.003726
Cu09,7.29927,0.004049
Cu09,7.36593,0.004457
Cu09,7.432589999999999,0.004768
Cu09,7.49925,0.005226
Cu09,7.56591,0.005703
Cu09,7.632569999999999,0.006003
Cu09,7.69923,0.006713
Cu09,7.76589,0.007021
Cu09,7.8325499999999995,0.007804
Cu09,7.89921,0.008077
Cu09,7.96587,0.008944
Cu09,8.03253,0.009224
Cu09,8.09919,0.010019
Cu09,8.165849999999999,0.010563
Cu09,8.23251,0.011259
Cu09,8.29917,0.011814
Cu09,8.365829999999999,0.012664
Cu09,8.43249,0.01328
Cu09,8.49915,0.014031
Cu09,8.565809999999999,0.014618
Cu09,8.63247,0.015444
Cu09,8.69913,0.015979
Cu09,8.765789999999999,0.016785
Cu09,8.83245,0.017312
Cu09,8.89911,0.017984
Cu09,8.96577,0.018481
Cu09,9.03243,0.018939
Cu09,9.09909,0.019543
Cu09,9.16575,0.020034
Cu09,9.23241,0.020699
Cu09,9.29907,0.020709
Cu09,9.36573,0.02135
Cu09,9.43239,0.021386
Cu09,9.49905,0.021596
Cu09,9.56571,0.021621
Cu09,9.632369999999998,0.021841
Cu09,9.69903,0.021933
Cu09,9.76569,0.021543
Cu09,9.832349999999998,0.021699
Cu09,9.89901,0.02121
Cu09,9.96567,0.02116
Cu09,10.032329999999998,0.020933
Cu09,10.09899,0.020218
Cu09,10.16565,0.020175
Cu09,10.232309999999998,0.019442
Cu09,10.29897,0.018849
Cu09,10.36563,0.018658
Cu09,10.432289999999998,0.01762
Cu09,10.49895,0.017201
Cu09,10.56561,0.0164
Cu09,10.632269999999998,0.015576
Cu09,10.69893,0.015145
Cu09,10.76559,0.014249
Cu09,10.832249999999998,0.013267
Cu09,10.89891,0.012798
Cu09,10.96557,0.011916
Cu09,11.032229999999998,0.011156
Cu09,11.09889,0.010318
Cu09,11.16555,0.009708
Cu09,11.232209999999998,0.008818
Cu09,11.29887,0.008253
Cu09,11.36553,0.007501
Cu09,11.432189999999999,0.006848
Cu09,11.498850000000001,0.006284
Cu09,11.56551,0.005746
Cu09,11.632169999999999,0.005082
Cu09,11.698830000000001,0.004602
Cu09,11.76549,0.004202
Cu09,11.832149999999999,0.00365
Cu09,11.89881,0.003307
Cu09,11.96547,0.002866
Cu09,12.032129999999999,0.002506
Cu09,12.09879,0.002229
Cu09,12.16545,0.001958
Cu09,12.232109999999999,0.001671
Cu09,12.29877,0.001461
Cu09,12.36543,0.001245
Cu09,12.432089999999999,0.001056
Cu09,12.49875,0.000923
Cu09,12.56541,0.000782
Cu09,12.632069999999999,0.00066
Cu09,12.69873,0.000563
Cu09,12.76539,0.000474
Cu09,12.832049999999999,0.000396
Cu09,12.89871,0.000327
Cu09,12.96537,0.000293
Cu09,13.032029999999999,0.000212
Cu09,13.09869,0.000219
Cu09,13.16535,0.000156
Cu09,13.232009999999999,0.000119
Cu09,13.29867,8.8e-05
Cu09,13.36533,7.9e-05
Cu09,13.431989999999999,6e-05
Cu09,13.49865,4.6e-05
Cu09,13.56531,3.5e-05
Cu09,13.631969999999999,2.5e-05
Cu09,13.69863,2.2e-05
Cu09,13.76529,1.5e-05
Cu09,13.831949999999999,1.5e-05
Cu09,13.898609999999998,1.2e-05
Cu09,13.96527,6e-06
Cu09,14.03193,7e-06
Cu09,14.098589999999998,7e-06
Cu09,14.16525,5e-06
Cu09,14.23191,5e-06
Cu09,14.298569999999998,3e-06
Cu09,14.36523,4e-06
Cu09,14.43189,1e-06
Cu09,14.498549999999998,2e-06
Cu09,14.56521,2e-06
Cu09,14.63187,2e-06
Cu09,14.698529999999998,0.0
Cu09,14.76519,1e-06
Ni10,0.03333,1.5384615384615384e-05
Ni10,0.09999,3.076923076923077e-06
Ni10,0.16665,3.076923076923077e-06
Ni10,0.23331,2.3076923076923077e-06
Ni10,0.29996999999999996,7.692307692307693e-07
Ni10,0.36663,2.3076923076923077e-06
Ni10,0.43328999999999995,7.692307692307693e-07
Ni10,0.49995,1.5384615384615385e-06
Ni10,0.56661,2.3076923076923077e-06
Ni10,0.63327,2.3076923076923077e-06
Ni10,0.6999299999999999,2.3076923076923077e-06
Ni10,0.76659,2.3076923076923077e-06
Ni10,0.8332499999999999,2.3076923076923077e-06
Ni10,0.89991,3.076923076923077e-06
Ni10,0.9665699999999999,3.076923076923077e-06
Ni10,1.03323,3.076923076923077e-06
Ni10,1.0998899999999998,3.846153846153846e-06
Ni10,1.16655,3.076923076923077e-06
Ni10,1.23321,6.153846153846154e-06
Ni10,1.2998699999999999,3.076923076923077e-06
Ni10,1.36653,7.692307692307692e-06
Ni10,1.43319,5.384615384615385e-06
Ni10,1.49985,5.384615384615385e-06
Ni10,1.56651,7.692307692307692e-06
Ni10,1.6331699999999998,1.076923076923077e-05
Ni10,1.69983,1.076923076923077e-05
Ni10,1.76649,1e-05
Ni10,1.8331499999999998,9.23076923076923e-06
Ni10,1.89981,1.6153846153846154e-05
Ni10,1.96647,1.2307692307692308e-05
Ni10,2.03313,1.3846153846153847e-05
Ni10,2.0997899999999996,9.23076923076923e-06
Ni10,2.16645,2.3076923076923076e-05
Ni10,2.23311,1.846153846153846e-05
Ni10,2.2997699999999996,2e-05
Ni10,2.36643,2.076923076923077e-05
Ni10,2.43309,2.3846153846153846e-05
Ni10,2.4997499999999997,3.230769230769231e-05
Ni10,2.56641,2.6153846153846153e-05
Ni10,2.63307,3.230769230769231e-05
Ni10,2.6997299999999997,3.923076923076923e-05
Ni10,2.76639,3.230769230769231e-05
Ni10,2.83305,4.461538461538462e-05
Ni10,2.89971,5.692307692307692e-05
Ni10,2.96637,4.769230769230769e-05
Ni10,3.03303,6.615384615384616e-05
Ni10,3.09969,6.538461538461539e-05
Ni10,3.1663499999999996,7.23076923076923e-05
Ni10,3.23301,7.846153846153847e-05
Ni10,3.29967,8.615384615384615e-05
Ni10,3.3663299999999996,0.00010538461538461538
Ni10,3.4329899999999998,0.00011461538461538461
Ni10,3.49965,0.00010923076923076923
Ni10,3.5663099999999996,0.00013923076923076923
Ni10,3.63297,0.00014846153846153847
Ni10,3.69963,0.0001476923076923077
Ni10,3.7662899999999997,0.0001846153846153846
Ni10,3.83295,0.00018153846153846155
Ni10,3.89961,0.0002230769230769231
Ni10,3.9662699999999997,0.00024615384615384614
Ni10,4.03293,0.0002530769230769231
Ni10,4.099589999999999,0.0002976923076923077
Ni10,4.16625,0.0003315384615384615
Ni10,4.23291,0.00035846153846153846
Ni10,4.299569999999999,0.00041615384615384615
Ni10,4.36623,0.0004453846153846154
Ni10,4.43289,0.00045923076923076923
Ni10,4.499549999999999,0.0005576923076923077
Ni10,4.56621,0.0006176923076923077
Ni10,4.6328700000000005,0.0006253846153846154
Ni10,4.699529999999999,0.0007492307692307692
Ni10,4.76619,0.0007823076923076923
Ni10,4.83285,0.0008915384615384615
Ni10,4.899509999999999,0.0009553846153846154
Ni10,4.96617,0.0010392307692307693
Ni10,5.03283,0.001116923076923077
Ni10,5.099489999999999,0.0012592307692307692
Ni10,5.16615,0.001346153846153846
Ni10,5.23281,0.0015161538461538461
Ni10,5.2994699999999995,0.0016507692307692308
Ni10,5.36613,0.0018123076923076923
Ni10,5.43279,0.0019538461538461537
Ni10,5.4994499999999995,0.002117692307692308
Ni10,5.56611,0.0023384615384615384
Ni10,5.63277,0.002496923076923077
Ni10,5.6994299999999996,0.002757692307692308
Ni10,5.76609,0.0029538461538461537
Ni10,5.83275,0.0032392307692307694
Ni10,5.89941,0.0034515384615384616
Ni10,5.96607,0.0037715384615384616
Ni10,6.032729999999999,0.004033076923076923
Ni10,6.09939,0.004361538461538462
Ni10,6.16605,0.00471
Ni10,6.232709999999999,0.004996923076923077
Ni10,6.29937,0.005428461538461538
Ni10,6.36603,0.005743846153846154
Ni10,6.432689999999999,0.0062723076923076925
Ni10,6.49935,0.006617692307692308
Ni10,6.56601,0.007067692307692308
Ni10,6.632669999999999,0.007483076923076923
Ni10,6.69933,0.007951538461538461
Ni10,6.76599,0.00846
Ni10,6.832649999999999,0.008951538461538462
Ni10,6.89931,0.009352307692307693
Ni10,6.9659699999999996,0.009967692307692308
Ni10,7.032629999999999,0.010616923076923078
Ni10,7.09929,0.011072307692307692
Ni10,7.16595,0.01158923076923077
Ni10,7.232609999999999,0.01224
Ni10,7.29927,0.012796153846153846
Ni10,7.36593,0.013367692307692308
Ni10,7.432589999999999,0.013973076923076923
Ni10,7.49925,0.014393076923076923
Ni10,7.56591,0.015066153846153845
Ni10,7.632569999999999,0.015618461538461538
Ni10,7.69923,0.01605153846153846
Ni10,7.76589,0.016670769230769232
Ni10,7.8325499999999995,0.01706076923076923
Ni10,7.89921,0.01736692307692308
Ni10,7.96587,0.01801
Ni10,8.03253,0.018303076923076922
Ni10,8.09919,0.018572307692307694
Ni10,8.165849999999999,0.01917076923076923
Ni10,8.23251,0.019203076923076923
Ni10,8.29917,0.019563076923076923
Ni10,8.365829999999999,0.01978923076923077
Ni10,8.43249,0.019806923076923076
Ni10,8.49915,0.019903846153846154
Ni10,8.565809999999999,0.020097692307692306
Ni10,8.63247,0.019824615384615385
Ni10,8.69913,0.01980153846153846
Ni10,8.765789999999999,0.019865384615384615
Ni10,8.83245,0.01946846153846154
Ni10,8.89911,0.019423846153846153
Ni10,8.96577,0.01910076923076923
Ni10,9.03243,0.018793846153846154
Ni10,9.09909,0.018403846153846153
Ni10,9.16575,0.018165384615384614
Ni10,9.23241,0.017582307692307692
Ni10,9.29907,0.01713
Ni10,9.36573,0.016656923076923076
Ni10,9.43239,0.01605
Ni10,9.49905,0.015536153846153845
Ni10,9.56571,0.014984615384615384
Ni10,9.632369999999998,0.01437923076923077
Ni10,9.69903,0.01360923076923077
Ni10,9.76569,0.013086153846153846
Ni10,9.832349999999998,0.012299230769230769
Ni10,9.89901,0.011772307692307693
Ni10,9.96567,0.01113076923076923
Ni10,10.032329999999998,0.01041923076923077
Ni10,10.09899,0.009754615384615384
Ni10,10.16565,0.009074615384615384
Ni10,10.232309999999998,0.008522307692307692
Ni10,10.29897,0.007816923076923077
Ni10,10.36563,0.00731
Ni10,10.432289999999998,0.006668461538461538
Ni10,10.49895,0.006124615384615385
Ni10,10.56561,0.005656153846153846
Ni10,10.632269999999998,0.0051092307692307696
Ni10,10.69893,0.0046807692307692305
Ni10,10.76559,0.004231538461538462
Ni10,10.832249999999998,0.0037953846153846154
Ni10,10.89891,0.003393076923076923
Ni10,10.96557,0.003123076923076923
Ni10,11.032229999999998,0.0026869230769230768
Ni10,11.09889,0.002363846153846154
Ni10,11.16555,0.0021130769230769232
Ni10,11.232209999999998,0.0018715384615384616
Ni10,11.29887,0.0016630769230769232
Ni10,11.36553,0.0014323076923076924
Ni10,11.432189999999999,0.00125
Ni10,11.498850000000001,0.0010746153846153846
Ni10,11.56551,0.0009115384615384616
Ni10,11.632169999999999,0.0008115384615384615
Ni10,11.698830000000001,0.0006915384615384615
Ni10,11.76549,0.0005676923076923077
Ni10,11.832149999999999,0.0005
Ni10,11.89881,0.00043307692307692307
Ni10,11.96547,0.0003546153846153846
Ni10,12.032129999999999,0.00030384615384615384
Ni10,12.09879,0.0002707692307692308
Ni10,12.16545,0.00020846153846153847
Ni10,12.232109999999999,0.00018615384615384615
Ni10,12.29877,0.0001553846153846154
Ni10,12.36543,0.00011384615384615384
Ni10,12.432089999999999,9.23076923076923e-05
Ni10,12.49875,7.384615384615384e-05
Ni10,12.56541,6e-05
Ni10,12.632069999999999,5.1538461538461536e-05
Ni10,12.69873,3.538461538461538e-05
Ni10,12.76539,2.923076923076923e-05
Ni10,12.832049999999999,1.846153846153846e-05
Ni10,12.89871,1.6153846153846154e-05
Ni10,12.96537,1.5384615384615384e-05
Ni10,13.032029999999999,1.2307692307692308e-05
Ni10,13.09869,1.076923076923077e-05
Ni10,13.16535,6.923076923076923e-06
Ni10,13.232009999999999,6.923076923076923e-06
Ni10,13.29867,4.615384615384615e-06
Ni10,13.36533,3.846153846153846e-06
Ni10,13.431989999999999,3.846153846153846e-06
Ni10,13.49865,3.076923076923077e-06
Ni10,13.56531,3.076923076923077e-06
Ni10,13.631969999999999,2.3076923076923077e-06
Ni10,13.69863,2.3076923076923077e-06
Ni10,13.76529,1.5384615384615385e-06
Ni10,13.831949999999999,1.5384615384615385e-06
Ni10,13.898609999999998,7.692307692307693e-07
Ni10,13.96527,7.692307692307693e-07
Ir10,0.03333,0.00144625
Ir10,0.09999,0.00013875
Ir10,0.16665,9.958333333333333e-05
Ir10,0.23331,7.416666666666666e-05
Ir10,0.29996999999999996,5.75e-05
Ir10,0.36663,7e-05
Ir10,0.43328999999999995,8.083333333333334e-05
Ir10,0.49995,8.25e-05
Ir10,0.56661,8.083333333333334e-05
Ir10,0.63327,8.75e-05
Ir10,0.6999299999999999,0.00010333333333333333
Ir10,0.76659,0.00011625
Ir10,0.8332499999999999,0.00010666666666666667
Ir10,0.89991,0.00012916666666666667
Ir10,0.9665699999999999,0.00015083333333333333
Ir10,1.03323,0.00014583333333333335
Ir10,1.0998899999999998,0.00015958333333333333
Ir10,1.16655,0.00019083333333333333
Ir10,1.23321,0.000185
Ir10,1.2998699999999999,0.00020416666666666668
Ir10,1.36653,0.00023541666666666668
Ir10,1.43319,0.00022208333333333333
Ir10,1.49985,0.0002725
Ir10,1.56651,0.00028416666666666667
Ir10,1.6331699999999998,0.00029458333333333333
Ir10,1.69983,0.00033
Ir10,1.76649,0.00033916666666666665
Ir10,1.8331499999999998,0.00038416666666666666
Ir10,1.89981,0.00040375
Ir10,1.96647,0.0004133333333333333
Ir10,2.03313,0.00046083333333333333
Ir10,2.0997899999999996,0.0004895833333333333
Ir10,2.16645,0.000515
Ir10,2.23311,0.0005608333333333333
Ir10,2.2997699999999996,0.0005983333333333333
Ir10,2.36643,0.0006370833333333334
Ir10,2.43309,0.0007
Ir10,2.4997499999999997,0.0007441666666666666
Ir10,2.56641,0.00079125
Ir10,2.63307,0.000855
Ir10,2.6997299999999997,0.0009220833333333333
Ir10,2.76639,0.0009833333333333332
Ir10,2.83305,0.0010454166666666667
Ir10,2.89971,0.0011420833333333333
Ir10,2.96637,0.0012116666666666667
Ir10,3.03303,0.0013008333333333333
Ir10,3.09969,0.0013754166666666667
Ir10,3.1663499999999996,0.0015008333333333334
Ir10,3.23301,0.0015716666666666667
Ir10,3.29967,0.00169375
Ir10,3.3663299999999996,0.00181
Ir10,3.4329899999999998,0.0019516666666666667
Ir10,3.49965,0.00206
Ir10,3.5663099999999996,0.00224125
Ir10,3.63297,0.0023379166666666665
Ir10,3.69963,0.0025408333333333333
Ir10,3.7662899999999997,0.0026633333333333335
Ir10,3.83295,0.0028795833333333334
Ir10,3.89961,0.0030325
Ir10,3.9662699999999997,0.003214583333333333
Ir10,4.03293,0.00344625
Ir10,4.099589999999999,0.0036533333333333335
Ir10,4.16625,0.0038708333333333333
Ir10,4.23291,0.004119583333333334
Ir10,4.299569999999999,0.00433
Ir10,4.36623,0.0046125
Ir10,4.43289,0.00483625
Ir10,4.499549999999999,0.0051275
Ir10,4.56621,0.0054175
Ir10,4.6328700000000005,0.005672083333333334
Ir10,4.699529999999999,0.005997083333333333
Ir10,4.76619,0.006325
Ir10,4.83285,0.0066125
Ir10,4.899509999999999,0.00696875
Ir10,4.96617,0.007343333333333334
Ir10,5.03283,0.007705416666666667
Ir10,5.099489999999999,0.0080525
Ir10,5.16615,0.008500416666666667
Ir10,5.23281,0.00882
Ir10,5.2994699999999995,0.00921375
Ir10,5.36613,0.009665833333333334
Ir10,5.43279,0.01001
Ir10,5.4994499999999995,0.010420833333333334
Ir10,5.56611,0.01083625
Ir10,5.63277,0.011247083333333333
Ir10,5.6994299999999996,0.01164625
Ir10,5.76609,0.011991666666666666
Ir10,5.83275,0.01248875
Ir10,5.89941,0.012795416666666667
Ir10,5.96607,0.0131975
Ir10,6.032729999999999,0.013617916666666667
Ir10,6.09939,0.0139525
Ir10,6.16605,0.0143175
Ir10,6.232709999999999,0.01459125
Ir10,6.29937,0.01497
Ir10,6.36603,0.015295416666666667
Ir10,6.432689999999999,0.015541666666666667
Ir10,6.49935,0.015766666666666665
Ir10,6.56601,0.016061666666666665
Ir10,6.632669999999999,0.016295416666666666
Ir10,6.69933,0.016535833333333333
Ir10,6.76599,0.016664166666666667
Ir10,6.832649999999999,0.0168175
Ir10,6.89931,0.01694375
Ir10,6.9659699999999996,0.017056666666666668
Ir10,7.032629999999999,0.01702125
Ir10,7.09929,0.017195833333333334
Ir10,7.16595,0.017092083333333334
Ir10,7.232609999999999,0.017015
Ir10,7.29927,0.016916666666666667
Ir10,7.36593,0.016877916666666666
Ir10,7.432589999999999,0.01669625
Ir10,7.49925,0.016495416666666665
Ir10,7.56591,0.0163025
Ir10,7.632569999999999,0.016065416666666665
Ir10,7.69923,0.015751666666666667
Ir10,7.76589,0.015522916666666668
Ir10,7.8325499999999995,0.015075416666666668
Ir10,7.89921,0.0148125
Ir10,7.96587,0.014421666666666666
Ir10,8.03253,0.013972916666666666
Ir10,8.09919,0.01358875
Ir10,8.165849999999999,0.013163333333333334
Ir10,8.23251,0.012703333333333334
Ir10,8.29917,0.012229583333333334
Ir10,8.365829999999999,0.011772916666666666
Ir10,8.43249,0.0113075
Ir10,8.49915,0.010793333333333334
Ir10,8.565809999999999,0.010301666666666667
Ir10,8.63247,0.009742083333333333
Ir10,8.69913,0.009302083333333334
Ir10,8.765789999999999,0.008839166666666667
Ir10,8.83245,0.008287083333333334
Ir10,8.89911,0.00782375
Ir10,8.96577,0.00730875
Ir10,9.03243,0.006834166666666666
Ir10,9.09909,0.00638875
Ir10,9.16575,0.00593875
Ir10,9.23241,0.005480416666666666
Ir10,9.29907,0.005071666666666667
Ir10,9.36573,0.004684583333333333
Ir10,9.43239,0.00431125
Ir10,9.49905,0.003966666666666667
Ir10,9.56571,0.003615
Ir10,9.632369999999998,0.0032845833333333334
Ir10,9.69903,0.002979583333333333
Ir10,9.76569,0.00270125
Ir10,9.832349999999998,0.0024445833333333333
Ir10,9.89901,0.00222
Ir10,9.96567,0.0019616666666666667
Ir10,10.032329999999998,0.0017483333333333333
Ir10,10.09899,0.0015579166666666667
Ir10,10.16565,0.0013883333333333334
Ir10,10.232309999999998,0.0012308333333333333
Ir10,10.29897,0.0010808333333333334
Ir10,10.36563,0.0009470833333333333
Ir10,10.432289999999998,0.0008175
Ir10,10.49895,0.00071625
Ir10,10.56561,0.0006170833333333333
Ir10,10.632269999999998,0.0005383333333333334
Ir10,10.69893,0.00045916666666666664
Ir10,10.76559,0.0003958333333333333
Ir10,10.832249999999998,0.00034166666666666666
Ir10,10.89891,0.000295
Ir10,10.96557,0.00025291666666666664
Ir10,11.032229999999998,0.00021625
Ir10,11.09889,0.000185
Ir10,11.16555,0.00015333333333333334
Ir10,11.232209999999998,0.0001325
Ir10,11.29887,0.00011
Ir10,11.36553,9.458333333333333e-05
Ir10,11.432189999999999,6.833333333333333e-05
Ir10,11.498850000000001,5.9166666666666664e-05
Ir10,11.56551,4.5e-05
Ir10,11.632169999999999,3.9166666666666665e-05
Ir10,11.698830000000001,3.0833333333333335e-05
Ir10,11.76549,2.375e-05
Ir10,11.832149999999999,1.9166666666666667e-05
Ir10,11.89881,1.4166666666666666e-05
Ir10,11.96547,1.2083333333333333e-05
Ir10,12.032129999999999,1e-05
Ir10,12.09879,8.333333333333334e-06
Ir10,12.16545,7.916666666666667e-06
Ir10,12.232109999999999,3.75e-06
Ir10,12.29877,4.583333333333333e-06
Ir10,12.36543,3.75e-06
Ir10,12.432089999999999,2.9166666666666666e-06
Ir10,12.49875,2.5e-06
Ir10,12.56541,2.9166666666666666e-06
Ir10,12.632069999999999,2.0833333333333334e-06
Ir10,12.69873,1.6666666666666667e-06
Ir10,12.76539,1.25e-06
Ir10,12.832049999999999,1.25e-06
Ir10,12.89871,8.333333333333333e-07
Ir10,12.96537,8.333333333333333e-07
Ir10,13.032029999999999,8.333333333333333e-07
Ir10,13.09869,4.1666666666666667e-07
Cu10,0.03333,0.0254216
Cu10,0.09999,0.0018948
Cu10,0.16665,0.000828
Cu10,0.23331,0.0007888
Cu10,0.29996999999999996,0.0008456
Cu10,0.36663,0.0008564
Cu10,0.43328999999999995,0.0008848
Cu10,0.49995,0.0009888
Cu10,0.56661,0.0010104
Cu10,0.63327,0.0010568
Cu10,0.6999299999999999,0.0011464
Cu10,0.76659,0.0011888
Cu10,0.8332499999999999,0.0012732
Cu10,0.89991,0.0013236
Cu10,0.9665699999999999,0.0014036
Cu10,1.03323,0.0014768
Cu10,1.0998899999999998,0.0015524
Cu10,1.16655,0.0016696
Cu10,1.23321,0.0017156
Cu10,1.2998699999999999,0.0018512
Cu10,1.36653,0.0019252
Cu10,1.43319,0.0020192
Cu10,1.49985,0.0021288
Cu10,1.56651,0.0022756
Cu10,1.6331699999999998,0.0023352
Cu10,1.69983,0.0025148
Cu10,1.76649,0.0025672
Cu10,1.8331499999999998,0.002774
Cu10,1.89981,0.0028744
Cu10,1.96647,0.0030616
Cu10,2.03313,0.00322
Cu10,2.0997899999999996,0.0033764
Cu10,2.16645,0.0035616
Cu10,2.23311,0.0037616
Cu10,2.2997699999999996,0.003924
Cu10,2.36643,0.0041
Cu10,2.43309,0.0043152
Cu10,2.4997499999999997,0.0044816
Cu10,2.56641,0.0046756
Cu10,2.63307,0.004926
Cu10,2.6997299999999997,0.0051172
Cu10,2.76639,0.0053492
Cu10,2.83305,0.005594
Cu10,2.89971,0.0058428
Cu10,2.96637,0.0060724
Cu10,3.03303,0.006342
Cu10,3.09969,0.006584
Cu10,3.1663499999999996,0.0069092
Cu10,3.23301,0.0071572
Cu10,3.29967,0.007464
Cu10,3.3663299999999996,0.0077508
Cu10,3.4329899999999998,0.0080776
Cu10,3.49965,0.0083924
Cu10,3.5663099999999996,0.0086364
Cu10,3.63297,0.0089212
Cu10,3.69963,0.0092968
Cu10,3.7662899999999997,0.009596
Cu10,3.83295,0.0099056
Cu10,3.89961,0.0102592
Cu10,3.9662699999999997,0.010582
Cu10,4.03293,0.01087
Cu10,4.099589999999999,0.0111716
Cu10,4.16625,0.0114124
Cu10,4.23291,0.0117592
Cu10,4.299569999999999,0.0120484
Cu10,4.36623,0.0123488
Cu10,4.43289,0.012654
Cu10,4.499549999999999,0.0129456
Cu10,4.56621,0.013166
Cu10,4.6328700000000005,0.0134872
Cu10,4.699529999999999,0.0137048
Cu10,4.76619,0.0139152
Cu10,4.83285,0.0141304
Cu10,4.899509999999999,0.0143344
Cu10,4.96617,0.0145136
Cu10,5.03283,0.0146204
Cu10,5.099489999999999,0.014776
Cu10,5.16615,0.014856
Cu10,5.23281,0.0149632
Cu10,5.2994699999999995,0.015052
Cu10,5.36613,0.015134
Cu10,5.43279,0.0151268
Cu10,5.4994499999999995,0.0150608
Cu10,5.56611,0.01512
Cu10,5.63277,0.0150388
Cu10,5.6994299999999996,0.0149556
Cu10,5.76609,0.014908
Cu10,5.83275,0.014738
Cu10,5.89941,0.0146284
Cu10,5.96607,0.014468
Cu10,6.032729999999999,0.0142808
Cu10,6.09939,0.0140992
Cu10,6.16605,0.0138396
Cu10,6.232709999999999,0.0136148
Cu10,6.29937,0.0133212
Cu10,6.36603,0.013036
Cu10,6.432689999999999,0.0127492
Cu10,6.49935,0.0123928
Cu10,6.56601,0.0120236
Cu10,6.632669999999999,0.0116992
Cu10,6.69933,0.0113176
Cu10,6.76599,0.0109232
Cu10,6.832649999999999,0.0105056
Cu10,6.89931,0.010112
Cu10,6.9659699999999996,0.0097144
Cu10,7.032629999999999,0.0093468
Cu10,7.09929,0.0088776
Cu10,7.16595,0.0084828
Cu10,7.232609999999999,0.0080492
Cu10,7.29927,0.0076288
Cu10,7.36593,0.0072072
Cu10,7.432589999999999,0.0067864
Cu10,7.49925,0.0064156
Cu10,7.56591,0.005956
Cu10,7.632569999999999,0.0056336
Cu10,7.69923,0.005268
Cu10,7.76589,0.0049
Cu10,7.8325499999999995,0.004586
Cu10,7.89921,0.0042332
Cu10,7.96587,0.0038716
Cu10,8.03253,0.0036172
Cu10,8.09919,0.00331
Cu10,8.165849999999999,0.0030368
Cu10,8.23251,0.002798
Cu10,8.29917,0.002506
Cu10,8.365829999999999,0.0022672
Cu10,8.43249,0.0020312
Cu10,8.49915,0.0018764
Cu10,8.565809999999999,0.0016704
Cu10,8.63247,0.0015096
Cu10,8.69913,0.0013344
Cu10,8.765789999999999,0.0011968
Cu10,8.83245,0.0010588
Cu10,8.89911,0.0009408
Cu10,8.96577,0.0008256
Cu10,9.03243,0.0007364
Cu10,9.09909,0.000642
Cu10,9.16575,0.0005624
Cu10,9.23241,0.0004952
Cu10,9.29907,0.0004324
Cu10,9.36573,0.0003824
Cu10,9.43239,0.0003252
Cu10,9.49905,0.0002844
Cu10,9.56571,0.0002532
Cu10,9.632369999999998,0.0002132
Cu10,9.69903,0.0001856
Cu10,9.76569,0.0001604
Cu10,9.832349999999998,0.0001364
Cu10,9.89901,0.0001032
Cu10,9.96567,8.76e-05
Cu10,10.032329999999998,7.12e-05
Cu10,10.09899,5.72e-05
Cu10,10.16565,4.96e-05
Cu10,10.232309999999998,3.96e-05
Cu10,10.29897,3.2e-05
Cu10,10.36563,2.48e-05
Cu10,10.432289999999998,1.84e-05
Cu10,10.49895,1.84e-05
Cu10,10.56561,1.28e-05
Cu10,10.632269999999998,1.2e-05
Cu10,10.69893,1.04e-05
Cu10,10.76559,6e-06
Cu10,10.832249999999998,5.6e-06
Cu10,10.89891,6e-06
Cu10,10.96557,6.4e-06
Cu10,11.032229999999998,3.6e-06
Cu10,11.09889,3.6e-06
Cu10,11.16555,4e-06
Cu10,11.232209999999998,3.2e-06
Cu10,11.29887,2e-06
Cu10,11.36553,1.6e-06
Cu10,11.432189999999999,2e-06
Cu10,11.498850000000001,1.6e-06
Cu10,11.56551,1.6e-06
Cu10,11.632169999999999,4e-07
Cu10,11.698830000000001,8e-07
Cu10,11.76549,8e-07
SS02,0.03333,0.6547593069306931
SS02,0.09999,0.005513465346534654
SS02,0.16665,0.0031302970297029703
SS02,0.23331,0.0021214851485148517
SS02,0.29996999999999996,0.0020792079207920793
SS02,0.36663,0.0020936633663366337
SS02,0.43328999999999995,0.002175643564356436
SS02,0.49995,0.0022125742574257428
SS02,0.56661,0.002354752475247525
SS02,0.63327,0.002470792079207921
SS02,0.6999299999999999,0.0025715841584158417
SS02,0.76659,0.002650990099009901
SS02,0.8332499999999999,0.0028081188118811882
SS02,0.89991,0.002915148514851485
SS02,0.9665699999999999,0.0029504950495049505
SS02,1.03323,0.0031246534653465345
SS02,1.0998899999999998,0.0032145544554455447
SS02,1.16655,0.003253861386138614
SS02,1.23321,0.0033903960396039603
SS02,1.2998699999999999,0.0034534653465346536
SS02,1.36653,0.0035483168316831682
SS02,1.43319,0.0036423762376237624
SS02,1.49985,0.0036723762376237624
SS02,1.56651,0.0037898019801980197
SS02,1.6331699999999998,0.003829108910891089
SS02,1.69983,0.0039297029702970296
SS02,1.76649,0.00395029702970297
SS02,1.8331499999999998,0.004051782178217822
SS02,1.89981,0.004094158415841584
SS02,1.96647,0.004151089108910891
SS02,2.03313,0.004202178217821782
SS02,2.0997899999999996,0.004253366336633663
SS02,2.16645,0.004299009900990099
SS02,2.23311,0.0043477227722772275
SS02,2.2997699999999996,0.004362970297029703
SS02,2.36643,0.00444029702970297
SS02,2.43309,0.004441485148514852
SS02,2.4997499999999997,0.004508712871287129
SS02,2.56641,0.004508514851485149
SS02,2.63307,0.004569207920792079
SS02,2.6997299999999997,0.004555940594059406
SS02,2.76639,0.0045917821782178216
SS02,2.83305,0.004621782178217822
SS02,2.89971,0.0046107920792079204
SS02,2.96637,0.00465930693069307
SS02,3.03303,0.004626237623762376
SS02,3.09969,0.004641980198019802
SS02,3.1663499999999996,0.0046557425742574255
SS02,3.23301,0.004634455445544554
SS02,3.29967,0.00461950495049505
SS02,3.3663299999999996,0.004629306930693069
SS02,3.4329899999999998,0.004588514851485148
SS02,3.49965,0.00456960396039604
SS02,3.5663099999999996,0.004570693069306931
SS02,3.63297,0.004517227722772277
SS02,3.69963,0.004477326732673267
SS02,3.7662899999999997,0.004473366336633663
SS02,3.83295,0.0044134653465346535
SS02,3.89961,0.0043648514851485146
SS02,3.9662699999999997,0.004326435643564356
SS02,4.03293,0.004298217821782178
SS02,4.099589999999999,0.004205445544554456
SS02,4.16625,0.004158415841584159
SS02,4.23291,0.004091485148514851
SS02,4.299569999999999,0.0040552475247524755
SS02,4.36623,0.003968910891089109
SS02,4.43289,0.003898019801980198
SS02,4.499549999999999,0.003816138613861386
SS02,4.56621,0.0037487128712871288
SS02,4.6328700000000005,0.0036694059405940594
SS02,4.699529999999999,0.0035944554455445542
SS02,4.76619,0.0034965346534653464
SS02,4.83285,0.0034197029702970295
SS02,4.899509999999999,0.003316930693069307
SS02,4.96617,0.003235841584158416
SS02,5.03283,0.0031482178217821784
SS02,5.099489999999999,0.0030645544554455447
SS02,5.16615,0.002959306930693069
SS02,5.23281,0.002858118811881188
SS02,5.2994699999999995,0.0027593069306930695
SS02,5.36613,0.0026631683168316833
SS02,5.43279,0.0025557425742574256
SS02,5.4994499999999995,0.0024612871287128715
SS02,5.56611,0.00236980198019802
SS02,5.63277,0.002276633663366337
SS02,5.6994299999999996,0.0021731683168316833
SS02,5.76609,0.0020834653465346535
SS02,5.83275,0.00198009900990099
SS02,5.89941,0.001881089108910891
SS02,5.96607,0.0017844554455445545
SS02,6.032729999999999,0.0016956435643564356
SS02,6.09939,0.0016045544554455446
SS02,6.16605,0.0015154455445544554
SS02,6.232709999999999,0.001427029702970297
SS02,6.29937,0.001340990099009901
SS02,6.36603,0.0012602970297029704
SS02,6.432689999999999,0.001184158415841584
SS02,6.49935,0.0011089108910891088
SS02,6.56601,0.00104009900990099
SS02,6.632669999999999,0.0009710891089108911
SS02,6.69933,0.000897029702970297
SS02,6.76599,0.0008304950495049505
SS02,6.832649999999999,0.0007701980198019802
SS02,6.89931,0.0007142574257425743
SS02,6.9659699999999996,0.0006552475247524753
SS02,7.032629999999999,0.0006037623762376237
SS02,7.09929,0.0005594059405940594
SS02,7.16595,0.0005065346534653465
SS02,7.232609999999999,0.000458019801980198
SS02,7.29927,0.0004189108910891089
SS02,7.36593,0.0003884158415841584
SS02,7.432589999999999,0.0003459405940594059
SS02,7.49925,0.00031643564356435643
SS02,7.56591,0.00027871287128712873
SS02,7.632569999999999,0.0002502970297029703
SS02,7.69923,0.00022772277227722774
SS02,7.76589,0.00020158415841584157
SS02,7.8325499999999995,0.00018366336633663367
SS02,7.89921,0.0001591089108910891
SS02,7.96587,0.00014158415841584158
SS02,8.03253,0.00012287128712871288
SS02,8.09919,0.00011158415841584158
SS02,8.165849999999999,9.722772277227723e-05
SS02,8.23251,8.99009900990099e-05
SS02,8.29917,7.554455445544554e-05
SS02,8.365829999999999,6.524752475247524e-05
SS02,8.43249,5.891089108910891e-05
SS02,8.49915,5.267326732673267e-05
SS02,8.565809999999999,4.653465346534654e-05
SS02,8.63247,3.821782178217822e-05
SS02,8.69913,3.4158415841584156e-05
SS02,8.765789999999999,2.9306930693069308e-05
SS02,8.83245,2.5742574257425742e-05
SS02,8.89911,1.900990099009901e-05
SS02,8.96577,1.693069306930693e-05
SS02,9.03243,1.4257425742574257e-05
SS02,9.09909,1.1287128712871288e-05
SS02,9.16575,1.0099009900990099e-05
SS02,9.23241,7.821782178217822e-06
SS02,9.29907,6.633663366336634e-06
SS02,9.36573,5.445544554455446e-06
SS02,9.43239,4.356435643564356e-06
SS02,9.49905,3.7623762376237625e-06
SS02,9.56571,3.1683168316831685e-06
SS02,9.632369999999998,2.673267326732673e-06
SS02,9.69903,2.178217821782178e-06
SS02,9.76569,1.8811881188118813e-06
SS02,9.832349999999998,1.2871287128712872e-06
SS02,9.89901,1.089108910891089e-06
SS02,9.96567,1.089108910891089e-06
SS02,10.032329999999998,1.2871287128712872e-06
SS02,10.09899,6.93069306930693e-07
SS02,10.16565,7.920792079207921e-07
SS02,10.232309999999998,6.93069306930693e-07
SS02,10.29897,4.950495049504951e-07
SS02,10.36563,5.940594059405941e-07
SS02,10.432289999999998,2.9702970297029703e-07
SS02,10.49895,3.9603960396039606e-07
SS02,10.56561,2.9702970297029703e-07
SS02,10.632269999999998,1.9801980198019803e-07
SS02,10.69893,2.9702970297029703e-07
SS02,10.76559,9.900990099009901e-08
SS02,10.832249999999998,1.9801980198019803e-07
