name,energy,flux
SS01,26.874787500000004,1.4285714285714285e-07
SS01,26.937652500000002,2.857142857142857e-07
SS01,27.0005175,1.1428571428571428e-06
SS01,27.063382500000003,1.4285714285714286e-06
SS01,27.1262475,1.2857142857142858e-06
SS01,27.1891125,3.142857142857143e-06
SS01,27.251977500000002,3.142857142857143e-06
SS01,27.314842500000005,4.142857142857143e-06
SS01,27.3777075,9.857142857142857e-06
SS01,27.440572500000002,1.5428571428571428e-05
SS01,27.503437500000004,2.3285714285714287e-05
SS01,27.5663025,3.3285714285714286e-05
SS01,27.6291675,4.957142857142857e-05
SS01,27.692032500000003,7.5e-05
SS01,27.754897500000002,0.00010514285714285714
SS01,27.8177625,0.00014542857142857142
SS01,27.880627500000003,0.000211
SS01,27.9434925,0.00029714285714285715
SS01,28.0063575,0.0004002857142857143
SS01,28.069222500000002,0.0005105714285714286
SS01,28.132087500000004,0.000689
SS01,28.1949525,0.0009022857142857143
SS01,28.2578175,0.001181857142857143
SS01,28.320682500000004,0.0015282857142857142
SS01,28.383547500000002,0.0019282857142857142
SS01,28.4464125,0.0023784285714285713
SS01,28.509277500000003,0.002934
SS01,28.5721425,0.0035522857142857144
SS01,28.6350075,0.004309857142857143
SS01,28.697872500000003,0.005133571428571428
SS01,28.760737500000005,0.006016142857142857
SS01,28.8236025,0.0069284285714285715
SS01,28.886467500000002,0.007991428571428571
SS01,28.949332500000004,0.009129
SS01,29.0121975,0.010293142857142857
SS01,29.0750625,0.01151042857142857
SS01,29.137927500000004,0.012646857142857144
SS01,29.200792500000002,0.013814428571428571
SS01,29.2636575,0.015038857142857142
SS01,29.326522500000003,0.016173285714285713
SS01,29.3893875,0.01730857142857143
SS01,29.4522525,0.018367285714285714
SS01,29.515117500000002,0.019216428571428572
SS01,29.577982500000005,0.020103
SS01,29.6408475,0.02094357142857143
SS01,29.7037125,0.021609857142857142
SS01,29.766577500000004,0.02225
SS01,29.829442500000003,0.022870857142857144
SS01,29.8923075,0.023201714285714287
SS01,29.955172500000003,0.023676
SS01,30.018037500000002,0.024010285714285713
SS01,30.0809025,0.02422785714285714
SS01,30.143767500000003,0.024497857142857144
SS01,30.206632500000005,0.02473914285714286
SS01,30.2694975,0.024733428571428573
SS01,30.332362500000002,0.024829857142857143
SS01,30.395227500000004,0.024912
SS01,30.4580925,0.024950857142857143
SS01,30.5209575,0.024990857142857145
SS01,30.583822500000004,0.024911
SS01,30.646687500000002,0.02471
SS01,30.7095525,0.024610857142857143
SS01,30.772417500000003,0.024328142857142857
SS01,30.8352825,0.024083857142857143
SS01,30.8981475,0.02375542857142857
SS01,30.961012500000002,0.023182857142857144
SS01,31.023877500000005,0.022645285714285715
SS01,31.0867425,0.021973142857142858
SS01,31.149607500000002,0.021213285714285716
SS01,31.212472500000004,0.020361
SS01,31.275337500000003,0.019430285714285716
SS01,31.3382025,0.01826214285714286
SS01,31.401067500000003,0.017181571428571428
SS01,31.463932500000002,0.015925142857142856
SS01,31.5267975,0.014599142857142857
SS01,31.589662500000003,0.013361714285714286
SS01,31.6525275,0.012050714285714286
SS01,31.7153925,0.010735285714285715
SS01,31.778257500000002,0.009392285714285714
SS01,31.841122500000004,0.008202285714285714
SS01,31.9039875,0.007115285714285715
SS01,31.9668525,0.006073857142857143
SS01,32.029717500000004,0.0050378571428571425
SS01,32.092582500000006,0.004215
SS01,32.1554475,0.0034117142857142857
SS01,32.2183125,0.002807142857142857
SS01,32.2811775,0.002213857142857143
SS01,32.3440425,0.0017497142857142857
SS01,32.4069075,0.0013037142857142857
SS01,32.469772500000005,0.001012
SS01,32.5326375,0.0007754285714285714
SS01,32.5955025,0.0005841428571428572
SS01,32.658367500000004,0.00042
SS01,32.7212325,0.000292
SS01,32.7840975,0.00020371428571428572
SS01,32.846962500000004,0.00015628571428571427
SS01,32.909827500000006,0.00010614285714285714
SS01,32.9726925,6.8e-05
SS01,33.0355575,4.428571428571428e-05
SS01,33.0984225,2.6571428571428573e-05
SS01,33.1612875,2.1285714285714286e-05
SS01,33.2241525,1.5428571428571428e-05
SS01,33.287017500000005,8.142857142857143e-06
SS01,33.34988250000001,6.714285714285714e-06
SS01,33.4127475,2e-06
SS01,33.475612500000004,1.857142857142857e-06
SS01,33.5384775,1e-06
SS01,33.6013425,7.142857142857143e-07
SS01,33.6642075,4.2857142857142857e-07
SS01,33.727072500000006,0.0
SS01,33.7899375,0.0
Ni01,26.309002500000002,3.3333333333333335e-07
Ni01,26.3718675,0.0
Ni01,26.434732500000003,1e-06
Ni01,26.4975975,2.333333333333333e-06
Ni01,26.5604625,4e-06
Ni01,26.623327500000002,4.333333333333333e-06
Ni01,26.686192500000004,6.666666666666667e-06
Ni01,26.7490575,1.1e-05
Ni01,26.8119225,1.6666666666666667e-05
Ni01,26.874787500000004,2.7333333333333335e-05
Ni01,26.937652500000002,3.9666666666666664e-05
Ni01,27.0005175,6.333333333333333e-05
Ni01,27.063382500000003,8.9e-05
Ni01,27.1262475,0.00014333333333333334
Ni01,27.1891125,0.00020833333333333335
Ni01,27.251977500000002,0.000289
Ni01,27.314842500000005,0.00039833333333333333
Ni01,27.3777075,0.000586
Ni01,27.440572500000002,0.0008213333333333333
Ni01,27.503437500000004,0.0010886666666666666
Ni01,27.5663025,0.0014143333333333334
Ni01,27.6291675,0.001906
Ni01,27.692032500000003,0.002543333333333333
Ni01,27.754897500000002,0.0032963333333333334
Ni01,27.8177625,0.004156666666666667
Ni01,27.880627500000003,0.005305
Ni01,27.9434925,0.006637333333333334
Ni01,28.0063575,0.008186
Ni01,28.069222500000002,0.009865333333333334
Ni01,28.132087500000004,0.011944333333333333
Ni01,28.1949525,0.014187333333333333
Ni01,28.2578175,0.016668
Ni01,28.320682500000004,0.019174666666666666
Ni01,28.383547500000002,0.021978666666666667
Ni01,28.4464125,0.02502566666666667
Ni01,28.509277500000003,0.027939666666666668
Ni01,28.5721425,0.030605
Ni01,28.6350075,0.03350566666666667
Ni01,28.697872500000003,0.03617
Ni01,28.760737500000005,0.038603
Ni01,28.8236025,0.040448333333333336
Ni01,28.886467500000002,0.041964666666666664
Ni01,28.949332500000004,0.043236666666666666
Ni01,29.0121975,0.04407433333333333
Ni01,29.0750625,0.04401066666666666
Ni01,29.137927500000004,0.043452
Ni01,29.200792500000002,0.042680666666666665
Ni01,29.2636575,0.041244333333333334
Ni01,29.326522500000003,0.03935633333333333
Ni01,29.3893875,0.03716166666666667
Ni01,29.4522525,0.03465566666666667
Ni01,29.515117500000002,0.031872
Ni01,29.577982500000005,0.028871333333333332
Ni01,29.6408475,0.026169
Ni01,29.7037125,0.023113333333333333
Ni01,29.766577500000004,0.020185666666666668
Ni01,29.829442500000003,0.017347
Ni01,29.8923075,0.015032666666666666
Ni01,29.955172500000003,0.012661
Ni01,30.018037500000002,0.010553333333333333
Ni01,30.0809025,0.008501
Ni01,30.143767500000003,0.007071666666666667
Ni01,30.206632500000005,0.005579
Ni01,30.2694975,0.004473666666666667
Ni01,30.332362500000002,0.003390666666666667
Ni01,30.395227500000004,0.0026436666666666666
Ni01,30.4580925,0.0019913333333333332
Ni01,30.5209575,0.001527
Ni01,30.583822500000004,0.0011306666666666668
Ni01,30.646687500000002,0.0008123333333333333
Ni01,30.7095525,0.000564
Ni01,30.772417500000003,0.00041833333333333333
Ni01,30.8352825,0.000279
Ni01,30.8981475,0.000215
Ni01,30.961012500000002,0.00013233333333333334
Ni01,31.023877500000005,8.533333333333334e-05
Ni01,31.0867425,6.166666666666667e-05
Ni01,31.149607500000002,4.6666666666666665e-05
Ni01,31.212472500000004,3e-05
Ni01,31.275337500000003,1.5e-05
Ni01,31.3382025,1.4666666666666666e-05
Ni01,31.401067500000003,5e-06
Ni01,31.463932500000002,3e-06
Ni01,31.5267975,1.6666666666666667e-06
Ni01,31.589662500000003,2e-06
Ni01,31.6525275,1e-06
Ni01,31.7153925,0.0
Ni01,31.778257500000002,0.0
Ir01,25.491757500000002,3.3333333333333335e-07
Ir01,25.5546225,3.3333333333333335e-07
Ir01,25.617487500000003,1e-06
Ir01,25.6803525,3e-06
Ir01,25.7432175,3.3333333333333333e-06
Ir01,25.806082500000002,5.333333333333334e-06
Ir01,25.868947500000004,5.666666666666667e-06
Ir01,25.9318125,9e-06
Ir01,25.9946775,1.4e-05
Ir01,26.057542500000004,2.7333333333333335e-05
Ir01,26.1204075,3.6666666666666666e-05
Ir01,26.1832725,5.966666666666667e-05
Ir01,26.246137500000003,8.766666666666667e-05
Ir01,26.309002500000002,0.00012233333333333334
Ir01,26.3718675,0.00017633333333333333
Ir01,26.434732500000003,0.00024966666666666665
Ir01,26.4975975,0.00033866666666666664
Ir01,26.5604625,0.00048466666666666667
Ir01,26.623327500000002,0.0006793333333333333
Ir01,26.686192500000004,0.0008926666666666667
Ir01,26.7490575,0.0011346666666666666
Ir01,26.8119225,0.0015226666666666667
Ir01,26.874787500000004,0.0019746666666666667
Ir01,26.937652500000002,0.0025466666666666667
Ir01,27.0005175,0.003245
Ir01,27.063382500000003,0.004103666666666667
Ir01,27.1262475,0.005064
Ir01,27.1891125,0.006153
Ir01,27.251977500000002,0.007438333333333333
Ir01,27.314842500000005,0.008934666666666667
Ir01,27.3777075,0.010609666666666667
Ir01,27.440572500000002,0.012471666666666667
Ir01,27.503437500000004,0.014252
Ir01,27.5663025,0.016372
Ir01,27.6291675,0.018642666666666665
Ir01,27.692032500000003,0.020801
Ir01,27.754897500000002,0.023301333333333334
Ir01,27.8177625,0.025620333333333332
Ir01,27.880627500000003,0.027721333333333334
Ir01,27.9434925,0.029970333333333335
Ir01,28.0063575,0.032029
Ir01,28.069222500000002,0.033967
Ir01,28.132087500000004,0.03556733333333333
Ir01,28.1949525,0.037066
Ir01,28.2578175,0.037921
Ir01,28.320682500000004,0.038684666666666666
Ir01,28.383547500000002,0.039058666666666665
Ir01,28.4464125,0.039287
Ir01,28.509277500000003,0.038723
Ir01,28.5721425,0.038232
Ir01,28.6350075,0.03729233333333333
Ir01,28.697872500000003,0.03592666666666667
Ir01,28.760737500000005,0.034266
Ir01,28.8236025,0.032413
Ir01,28.886467500000002,0.030275333333333335
Ir01,28.949332500000004,0.028166
Ir01,29.0121975,0.025988333333333332
Ir01,29.0750625,0.023462
Ir01,29.137927500000004,0.021088
Ir01,29.200792500000002,0.018662333333333333
Ir01,29.2636575,0.016503
Ir01,29.326522500000003,0.014278666666666667
Ir01,29.3893875,0.012445666666666667
Ir01,29.4522525,0.010388333333333333
Ir01,29.515117500000002,0.00884
Ir01,29.577982500000005,0.007236666666666666
Ir01,29.6408475,0.006083666666666667
Ir01,29.7037125,0.004850666666666666
Ir01,29.766577500000004,0.0039106666666666665
Ir01,29.829442500000003,0.002983
Ir01,29.8923075,0.00235
Ir01,29.955172500000003,0.0018636666666666667
Ir01,30.018037500000002,0.001411
Ir01,30.0809025,0.0010453333333333332
Ir01,30.143767500000003,0.0007833333333333334
Ir01,30.206632500000005,0.0005413333333333333
Ir01,30.2694975,0.000402
Ir01,30.332362500000002,0.000302
Ir01,30.395227500000004,0.00020933333333333334
Ir01,30.4580925,0.000139
Ir01,30.5209575,8.933333333333333e-05
Ir01,30.583822500000004,5.766666666666667e-05
Ir01,30.646687500000002,4.7333333333333336e-05
Ir01,30.7095525,3.4666666666666665e-05
Ir01,30.772417500000003,1.9e-05
Ir01,30.8352825,1.5333333333333334e-05
Ir01,30.8981475,5.666666666666667e-06
Ir01,30.961012500000002,4.666666666666666e-06
Ir01,31.023877500000005,2.333333333333333e-06
Ir01,31.0867425,2.333333333333333e-06
Ir01,31.149607500000002,6.666666666666667e-07
Ir01,31.212472500000004,6.666666666666667e-07
Ir01,31.275337500000003,0.0
Ir01,31.3382025,3.3333333333333335e-07
Cu01,24.988837500000002,3.3333333333333335e-07
Cu01,25.0517025,3.3333333333333335e-07
Cu01,25.1145675,1e-06
Cu01,25.177432500000002,3e-06
Cu01,25.240297500000004,3.6666666666666666e-06
Cu01,25.3031625,5.666666666666667e-06
Cu01,25.3660275,5.666666666666667e-06
Cu01,25.428892500000003,1.2e-05
Cu01,25.491757500000002,1.6666666666666667e-05
Cu01,25.5546225,3.0333333333333333e-05
Cu01,25.617487500000003,3.7e-05
Cu01,25.6803525,6.4e-05
Cu01,25.7432175,8.866666666666666e-05
Cu01,25.806082500000002,0.00014233333333333334
Cu01,25.868947500000004,0.00019633333333333333
Cu01,25.9318125,0.000274
Cu01,25.9946775,0.00037233333333333335
Cu01,26.057542500000004,0.0005496666666666666
Cu01,26.1204075,0.0007523333333333334
Cu01,26.1832725,0.00102
Cu01,26.246137500000003,0.00131
Cu01,26.309002500000002,0.001736
Cu01,26.3718675,0.0022956666666666668
Cu01,26.434732500000003,0.0029876666666666667
Cu01,26.4975975,0.003756
Cu01,26.5604625,0.004765
Cu01,26.623327500000002,0.005965
Cu01,26.686192500000004,0.007358
Cu01,26.7490575,0.008906
Cu01,26.8119225,0.010700333333333333
Cu01,26.874787500000004,0.012787666666666666
Cu01,26.937652500000002,0.015093
Cu01,27.0005175,0.017402666666666667
Cu01,27.063382500000003,0.019973333333333333
Cu01,27.1262475,0.022718
Cu01,27.1891125,0.025574
Cu01,27.251977500000002,0.028348666666666668
Cu01,27.314842500000005,0.031025
Cu01,27.3777075,0.033655
Cu01,27.440572500000002,0.03608033333333333
Cu01,27.503437500000004,0.038378333333333334
Cu01,27.5663025,0.040001666666666665
Cu01,27.6291675,0.041468333333333336
Cu01,27.692032500000003,0.042403333333333335
Cu01,27.754897500000002,0.04319833333333333
Cu01,27.8177625,0.04304533333333333
Cu01,27.880627500000003,0.042361
Cu01,27.9434925,0.041522333333333335
Cu01,28.0063575,0.040196666666666665
Cu01,28.069222500000002,0.03836766666666667
Cu01,28.132087500000004,0.03605733333333333
Cu01,28.1949525,0.033773
Cu01,28.2578175,0.030987666666666667
Cu01,28.320682500000004,0.028288
Cu01,28.383547500000002,0.025542
Cu01,28.4464125,0.022689333333333332
Cu01,28.509277500000003,0.01987533333333333
Cu01,28.5721425,0.017267333333333332
Cu01,28.6350075,0.014887666666666667
Cu01,28.697872500000003,0.012575
Cu01,28.760737500000005,0.010586
Cu01,28.8236025,0.008643333333333333
Cu01,28.886467500000002,0.007179666666666667
Cu01,28.949332500000004,0.005739
Cu01,29.0121975,0.004592
Cu01,29.0750625,0.0035403333333333333
Cu01,29.137927500000004,0.002794333333333333
Cu01,29.200792500000002,0.0021223333333333333
Cu01,29.2636575,0.0016223333333333333
Cu01,29.326522500000003,0.0012296666666666667
Cu01,29.3893875,0.0008813333333333334
Cu01,29.4522525,0.000653
Cu01,29.515117500000002,0.000456
Cu01,29.577982500000005,0.0003336666666666667
Cu01,29.6408475,0.00024
Cu01,29.7037125,0.00015766666666666666
Cu01,29.766577500000004,0.00011066666666666667
Cu01,29.829442500000003,6.533333333333333e-05
Cu01,29.8923075,6.0333333333333334e-05
Cu01,29.955172500000003,3.566666666666667e-05
Cu01,30.018037500000002,2.2333333333333332e-05
Cu01,30.0809025,1.633333333333333e-05
Cu01,30.143767500000003,7.666666666666667e-06
Cu01,30.206632500000005,5.333333333333334e-06
Cu01,30.2694975,2.333333333333333e-06
Cu01,30.332362500000002,2.333333333333333e-06
Cu01,30.395227500000004,1e-06
Cu01,30.4580925,1e-06
Cu01,30.5209575,0.0
Cu01,30.583822500000004,3.3333333333333335e-07
Fe01,24.4859175,3.3333333333333335e-07
Fe01,24.5487825,0.0
Fe01,24.611647500000004,1e-06
Fe01,24.674512500000002,2.333333333333333e-06
Fe01,24.7373775,4.333333333333333e-06
Fe01,24.800242500000003,3.6666666666666666e-06
Fe01,24.8631075,7e-06
Fe01,24.9259725,9.333333333333333e-06
Fe01,24.988837500000002,1.3333333333333333e-05
Fe01,25.0517025,2.4333333333333333e-05
Fe01,25.1145675,3.6666666666666666e-05
Fe01,25.177432500000002,5.1e-05
Fe01,25.240297500000004,8.1e-05
Fe01,25.3031625,0.00011366666666666666
Fe01,25.3660275,0.000168
Fe01,25.428892500000003,0.00024366666666666666
Fe01,25.491757500000002,0.000334
Fe01,25.5546225,0.00045033333333333335
Fe01,25.617487500000003,0.000644
Fe01,25.6803525,0.0008976666666666666
Fe01,25.7432175,0.0011573333333333333
Fe01,25.806082500000002,0.00151
Fe01,25.868947500000004,0.001984333333333333
Fe01,25.9318125,0.0026316666666666667
Fe01,25.9946775,0.003294
Fe01,26.057542500000004,0.004207666666666667
Fe01,26.1204075,0.00528
Fe01,26.1832725,0.0065973333333333335
Fe01,26.246137500000003,0.007935666666666667
Fe01,26.309002500000002,0.009646
Fe01,26.3718675,0.011559
Fe01,26.434732500000003,0.013635666666666667
Fe01,26.4975975,0.016061333333333334
Fe01,26.5604625,0.018339333333333332
Fe01,26.623327500000002,0.020945333333333333
Fe01,26.686192500000004,0.023755666666666668
Fe01,26.7490575,0.026450333333333333
Fe01,26.8119225,0.029301333333333332
Fe01,26.874787500000004,0.031788666666666666
Fe01,26.937652500000002,0.034469
Fe01,27.0005175,0.03659933333333333
Fe01,27.063382500000003,0.038767666666666666
Fe01,27.1262475,0.04030333333333333
Fe01,27.1891125,0.041557333333333335
Fe01,27.251977500000002,0.04261966666666667
Fe01,27.314842500000005,0.042852
Fe01,27.3777075,0.042621
Fe01,27.440572500000002,0.0418
Fe01,27.503437500000004,0.040959
Fe01,27.5663025,0.03926366666666667
Fe01,27.6291675,0.03740533333333333
Fe01,27.692032500000003,0.035231
Fe01,27.754897500000002,0.032716666666666665
Fe01,27.8177625,0.030054666666666667
Fe01,27.880627500000003,0.027216
Fe01,27.9434925,0.024550333333333334
Fe01,28.0063575,0.021728666666666667
Fe01,28.069222500000002,0.019097
Fe01,28.132087500000004,0.016501
Fe01,28.1949525,0.014137
Fe01,28.2578175,0.012025333333333334
Fe01,28.320682500000004,0.009999666666666667
Fe01,28.383547500000002,0.008277
Fe01,28.4464125,0.006721
Fe01,28.509277500000003,0.005461
Fe01,28.5721425,0.004315
Fe01,28.6350075,0.0033666666666666667
Fe01,28.697872500000003,0.002608333333333333
Fe01,28.760737500000005,0.0020343333333333333
Fe01,28.8236025,0.0015223333333333334
Fe01,28.886467500000002,0.0011663333333333332
Fe01,28.949332500000004,0.0008333333333333334
Fe01,29.0121975,0.0006023333333333333
Fe01,29.0750625,0.000438
Fe01,29.137927500000004,0.000315
Fe01,29.200792500000002,0.00022966666666666667
Fe01,29.2636575,0.00015033333333333335
Fe01,29.326522500000003,0.000107
Fe01,29.3893875,6e-05
Fe01,29.4522525,6.3e-05
Fe01,29.515117500000002,3.2e-05
Fe01,29.577982500000005,2.0666666666666666e-05
Fe01,29.6408475,1.6e-05
Fe01,29.7037125,7e-06
Fe01,29.766577500000004,5.333333333333334e-06
Fe01,29.829442500000003,2.333333333333333e-06
Fe01,29.8923075,2.333333333333333e-06
Fe01,29.955172500000003,1e-06
Fe01,30.018037500000002,1e-06
Fe01,30.0809025,0.0
Fe01,30.143767500000003,3.3333333333333335e-07
Ni02,23.9201325,3.3333333333333335e-07
Ni02,23.982997500000003,0.0
Ni02,24.045862500000002,1e-06
Ni02,24.1087275,2.333333333333333e-06
Ni02,24.171592500000003,4e-06
Ni02,24.2344575,3.6666666666666666e-06
Ni02,24.2973225,6.666666666666667e-06
Ni02,24.360187500000002,9e-06
Ni02,24.423052500000004,1.2e-05
Ni02,24.4859175,2.1333333333333335e-05
Ni02,24.5487825,3.3e-05
Ni02,24.611647500000004,4.4666666666666664e-05
Ni02,24.674512500000002,7.466666666666666e-05
Ni02,24.7373775,9.866666666666666e-05
Ni02,24.800242500000003,0.000149
Ni02,24.8631075,0.00021533333333333333
Ni02,24.9259725,0.00029466666666666666
Ni02,24.988837500000002,0.000384
Ni02,25.0517025,0.0005646666666666667
Ni02,25.1145675,0.000771
Ni02,25.177432500000002,0.0010113333333333333
Ni02,25.240297500000004,0.0012676666666666667
Ni02,25.3031625,0.001717
Ni02,25.3660275,0.002219333333333333
Ni02,25.428892500000003,0.0028836666666666668
Ni02,25.491757500000002,0.003570666666666667
Ni02,25.5546225,0.004478333333333333
Ni02,25.617487500000003,0.0055773333333333334
Ni02,25.6803525,0.00686
Ni02,25.7432175,0.008274
Ni02,25.806082500000002,0.009860666666666667
Ni02,25.868947500000004,0.011744333333333334
Ni02,25.9318125,0.013816333333333333
Ni02,25.9946775,0.015924333333333332
Ni02,26.057542500000004,0.018222666666666668
Ni02,26.1204075,0.020737666666666668
Ni02,26.1832725,0.023415
Ni02,26.246137500000003,0.026003
Ni02,26.309002500000002,0.028438
Ni02,26.3718675,0.030892
Ni02,26.434732500000003,0.03336633333333333
Ni02,26.4975975,0.03551066666666667
Ni02,26.5604625,0.0375
Ni02,26.623327500000002,0.038948333333333335
Ni02,26.686192500000004,0.040103
Ni02,26.7490575,0.04096366666666667
Ni02,26.8119225,0.04168633333333333
Ni02,26.874787500000004,0.041385333333333336
Ni02,26.937652500000002,0.04079066666666667
Ni02,27.0005175,0.03993566666666667
Ni02,27.063382500000003,0.03861766666666667
Ni02,27.1262475,0.037005
Ni02,27.1891125,0.034978666666666665
Ni02,27.251977500000002,0.03283066666666667
Ni02,27.314842500000005,0.030321333333333332
Ni02,27.3777075,0.027638666666666666
Ni02,27.440572500000002,0.025298333333333332
Ni02,27.503437500000004,0.022376666666666666
Ni02,27.5663025,0.019982
Ni02,27.6291675,0.017351
Ni02,27.692032500000003,0.015222
Ni02,27.754897500000002,0.01287
Ni02,27.8177625,0.011047666666666667
Ni02,27.880627500000003,0.009131
Ni02,27.9434925,0.007620666666666667
Ni02,28.0063575,0.006158
Ni02,28.069222500000002,0.005016
Ni02,28.132087500000004,0.004011333333333334
Ni02,28.1949525,0.0031156666666666668
Ni02,28.2578175,0.002427
Ni02,28.320682500000004,0.00186
Ni02,28.383547500000002,0.0014613333333333334
Ni02,28.4464125,0.0010806666666666666
Ni02,28.509277500000003,0.0008113333333333333
Ni02,28.5721425,0.000561
Ni02,28.6350075,0.000427
Ni02,28.697872500000003,0.00029833333333333334
Ni02,28.760737500000005,0.000231
Ni02,28.8236025,0.00014166666666666668
Ni02,28.886467500000002,0.00010133333333333333
Ni02,28.949332500000004,6.7e-05
Ni02,29.0121975,5.2333333333333336e-05
Ni02,29.0750625,3.566666666666667e-05
Ni02,29.137927500000004,2.1333333333333335e-05
Ni02,29.200792500000002,1.5666666666666667e-05
Ni02,29.2636575,9.333333333333333e-06
Ni02,29.326522500000003,4.666666666666666e-06
Ni02,29.3893875,2.333333333333333e-06
Ni02,29.4522525,1.6666666666666667e-06
Ni02,29.515117500000002,2e-06
Ni02,29.577982500000005,1e-06
Ni02,29.6408475,0.0
Ni02,29.7037125,0.0
Ni02,29.766577500000004,3.3333333333333335e-07
Ir02,23.0400225,2.5e-07
Ir02,23.1028875,2.5e-07
Ir02,23.165752500000004,7.5e-07
Ir02,23.228617500000002,2.25e-06
Ir02,23.2914825,2.5e-06
Ir02,23.354347500000003,3.5e-06
Ir02,23.4172125,4.25e-06
Ir02,23.4800775,7.25e-06
Ir02,23.542942500000002,8.5e-06
Ir02,23.6058075,1.825e-05
Ir02,23.6686725,2.55e-05
Ir02,23.7315375,3.425e-05
Ir02,23.794402500000004,5.275e-05
Ir02,23.8572675,7.475e-05
Ir02,23.9201325,0.0001105
Ir02,23.982997500000003,0.00015425
Ir02,24.045862500000002,0.0002115
Ir02,24.1087275,0.000277
Ir02,24.171592500000003,0.000393
Ir02,24.2344575,0.000548
Ir02,24.2973225,0.000715
Ir02,24.360187500000002,0.00090725
Ir02,24.423052500000004,0.0011645
Ir02,24.4859175,0.00153525
Ir02,24.5487825,0.00198775
Ir02,24.611647500000004,0.0024935
Ir02,24.674512500000002,0.0030795
Ir02,24.7373775,0.0038605
Ir02,24.800242500000003,0.004724
Ir02,24.8631075,0.00576975
Ir02,24.9259725,0.006859
Ir02,24.988837500000002,0.00817525
Ir02,25.0517025,0.0096605
Ir02,25.1145675,0.0113245
Ir02,25.177432500000002,0.01292425
Ir02,25.240297500000004,0.01479875
Ir02,25.3031625,0.016882
Ir02,25.3660275,0.018934
Ir02,25.428892500000003,0.021161
Ir02,25.491757500000002,0.0231575
Ir02,25.5546225,0.02533375
Ir02,25.617487500000003,0.0275505
Ir02,25.6803525,0.02970825
Ir02,25.7432175,0.0314345
Ir02,25.806082500000002,0.0330245
Ir02,25.868947500000004,0.03465
Ir02,25.9318125,0.03591225
Ir02,25.9946775,0.03699225
Ir02,26.057542500000004,0.03753325
Ir02,26.1204075,0.037727
Ir02,26.1832725,0.0380155
Ir02,26.246137500000003,0.037597
Ir02,26.309002500000002,0.03704275
Ir02,26.3718675,0.035984
Ir02,26.434732500000003,0.0347965
Ir02,26.4975975,0.0333235
Ir02,26.5604625,0.03152625
Ir02,26.623327500000002,0.0298205
Ir02,26.686192500000004,0.02742325
Ir02,26.7490575,0.02559275
Ir02,26.8119225,0.0231605
Ir02,26.874787500000004,0.02108575
Ir02,26.937652500000002,0.01882175
Ir02,27.0005175,0.01671475
Ir02,27.063382500000003,0.0146005
Ir02,27.1262475,0.012612
Ir02,27.1891125,0.0110805
Ir02,27.251977500000002,0.00929175
Ir02,27.314842500000005,0.007942
Ir02,27.3777075,0.00647175
Ir02,27.440572500000002,0.00541775
Ir02,27.503437500000004,0.004379
Ir02,27.5663025,0.00354425
Ir02,27.6291675,0.0028095
Ir02,27.692032500000003,0.002214
Ir02,27.754897500000002,0.0017165
Ir02,27.8177625,0.001319
Ir02,27.880627500000003,0.0010245
Ir02,27.9434925,0.00077675
Ir02,28.0063575,0.00056925
Ir02,28.069222500000002,0.0004025
Ir02,28.132087500000004,0.00029875
Ir02,28.1949525,0.000216
Ir02,28.2578175,0.000167
Ir02,28.320682500000004,0.000102
Ir02,28.383547500000002,7.35e-05
Ir02,28.4464125,4.9e-05
Ir02,28.509277500000003,3.7e-05
Ir02,28.5721425,2.7e-05
Ir02,28.6350075,1.55e-05
Ir02,28.697872500000003,1.2e-05
Ir02,28.760737500000005,7.5e-06
Ir02,28.8236025,3.5e-06
Ir02,28.886467500000002,1.75e-06
Ir02,28.949332500000004,1.25e-06
Ir02,29.0121975,1.25e-06
Ir02,29.0750625,1e-06
Ir02,29.137927500000004,0.0
Ir02,29.200792500000002,0.0
Ir02,29.2636575,2.5e-07
Cu02,22.4742375,3.3333333333333335e-07
Cu02,22.537102500000003,0.0
Cu02,22.5999675,1e-06
Cu02,22.6628325,2.333333333333333e-06
Cu02,22.725697500000003,3.6666666666666666e-06
Cu02,22.7885625,3e-06
Cu02,22.8514275,7.333333333333333e-06
Cu02,22.914292500000002,8.666666666666666e-06
Cu02,22.977157500000004,9e-06
Cu02,23.0400225,1.8e-05
Cu02,23.1028875,3e-05
Cu02,23.165752500000004,3.7e-05
Cu02,23.228617500000002,6e-05
Cu02,23.2914825,8.3e-05
Cu02,23.354347500000003,0.00012266666666666668
Cu02,23.4172125,0.00017333333333333334
Cu02,23.4800775,0.00024233333333333333
Cu02,23.542942500000002,0.0003243333333333333
Cu02,23.6058075,0.0004313333333333333
Cu02,23.6686725,0.0006113333333333333
Cu02,23.7315375,0.0008333333333333334
Cu02,23.794402500000004,0.0010603333333333333
Cu02,23.8572675,0.0013393333333333334
Cu02,23.9201325,0.001776
Cu02,23.982997500000003,0.002288
Cu02,24.045862500000002,0.0029073333333333334
Cu02,24.1087275,0.003569333333333333
Cu02,24.171592500000003,0.0045056666666666665
Cu02,24.2344575,0.005534666666666667
Cu02,24.2973225,0.006763333333333333
Cu02,24.360187500000002,0.008094333333333334
Cu02,24.423052500000004,0.009622666666666667
Cu02,24.4859175,0.011367
Cu02,24.5487825,0.0133
Cu02,24.611647500000004,0.015469666666666666
Cu02,24.674512500000002,0.017485
Cu02,24.7373775,0.019873
Cu02,24.800242500000003,0.022402666666666668
Cu02,24.8631075,0.024756333333333335
Cu02,24.9259725,0.02728
Cu02,24.988837500000002,0.029583333333333333
Cu02,25.0517025,0.031884333333333334
Cu02,25.1145675,0.033997
Cu02,25.177432500000002,0.03609233333333333
Cu02,25.240297500000004,0.037506333333333336
Cu02,25.3031625,0.03876533333333333
Cu02,25.3660275,0.03964666666666666
Cu02,25.428892500000003,0.04060966666666667
Cu02,25.491757500000002,0.040425
Cu02,25.5546225,0.040122333333333336
Cu02,25.617487500000003,0.039343
Cu02,25.6803525,0.038601666666666666
Cu02,25.7432175,0.036848
Cu02,25.806082500000002,0.035218
Cu02,25.868947500000004,0.033224666666666666
Cu02,25.9318125,0.031067
Cu02,25.9946775,0.028606666666666666
Cu02,26.057542500000004,0.026103333333333333
Cu02,26.1204075,0.023729333333333335
Cu02,26.1832725,0.021219333333333333
Cu02,26.246137500000003,0.018707333333333333
Cu02,26.309002500000002,0.016398333333333334
Cu02,26.3718675,0.014249
Cu02,26.434732500000003,0.012236666666666667
Cu02,26.4975975,0.010405333333333334
Cu02,26.5604625,0.008626
Cu02,26.623327500000002,0.007253333333333333
Cu02,26.686192500000004,0.00586
Cu02,26.7490575,0.004812333333333333
Cu02,26.8119225,0.003828
Cu02,26.874787500000004,0.00304
Cu02,26.937652500000002,0.0023723333333333335
Cu02,27.0005175,0.0018406666666666667
Cu02,27.063382500000003,0.0014166666666666668
Cu02,27.1262475,0.0010966666666666666
Cu02,27.1891125,0.000797
Cu02,27.251977500000002,0.0005863333333333333
Cu02,27.314842500000005,0.00043033333333333335
Cu02,27.3777075,0.0003156666666666667
Cu02,27.440572500000002,0.00022933333333333334
Cu02,27.503437500000004,0.00016466666666666667
Cu02,27.5663025,0.00010566666666666667
Cu02,27.6291675,6.933333333333333e-05
Cu02,27.692032500000003,5.5333333333333334e-05
Cu02,27.754897500000002,4.3e-05
Cu02,27.8177625,2.6666666666666667e-05
Cu02,27.880627500000003,1.3666666666666667e-05
Cu02,27.9434925,1.6e-05
Cu02,28.0063575,4e-06
Cu02,28.069222500000002,4.333333333333333e-06
Cu02,28.132087500000004,1.6666666666666667e-06
Cu02,28.1949525,2e-06
Cu02,28.2578175,6.666666666666667e-07
Cu02,28.320682500000004,1e-06
Cu02,28.383547500000002,0.0
Cu02,28.4464125,3.3333333333333335e-07
Fe02,21.9713175,3.3333333333333335e-07
Fe02,22.0341825,3.3333333333333335e-07
Fe02,22.097047500000002,1e-06
Fe02,22.159912500000004,2.666666666666667e-06
Fe02,22.2227775,3.6666666666666666e-06
Fe02,22.2856425,4.333333333333333e-06
Fe02,22.348507500000004,6.333333333333333e-06
Fe02,22.4113725,9.333333333333333e-06
Fe02,22.4742375,1.2333333333333333e-05
Fe02,22.537102500000003,2.1e-05
Fe02,22.5999675,3.1666666666666666e-05
Fe02,22.6628325,3.9666666666666664e-05
Fe02,22.725697500000003,6.466666666666666e-05
Fe02,22.7885625,8.966666666666667e-05
Fe02,22.8514275,0.00013433333333333334
Fe02,22.914292500000002,0.00017966666666666668
Fe02,22.977157500000004,0.00025066666666666667
Fe02,23.0400225,0.0003353333333333333
Fe02,23.1028875,0.00045433333333333334
Fe02,23.165752500000004,0.0006246666666666667
Fe02,23.228617500000002,0.0008546666666666667
Fe02,23.2914825,0.0010726666666666666
Fe02,23.354347500000003,0.001363
Fe02,23.4172125,0.0017916666666666667
Fe02,23.4800775,0.0023166666666666665
Fe02,23.542942500000002,0.0029046666666666665
Fe02,23.6058075,0.003584
Fe02,23.6686725,0.004477
Fe02,23.7315375,0.005525
Fe02,23.794402500000004,0.006698333333333333
Fe02,23.8572675,0.008011666666666667
Fe02,23.9201325,0.009509333333333333
Fe02,23.982997500000003,0.011257
Fe02,24.045862500000002,0.013145333333333334
Fe02,24.1087275,0.015240666666666666
Fe02,24.171592500000003,0.01726
Fe02,24.2344575,0.019519333333333333
Fe02,24.2973225,0.021966333333333334
Fe02,24.360187500000002,0.024446
Fe02,24.423052500000004,0.026803
Fe02,24.4859175,0.029108666666666668
Fe02,24.5487825,0.031393333333333336
Fe02,24.611647500000004,0.033536333333333335
Fe02,24.674512500000002,0.035428666666666664
Fe02,24.7373775,0.03702233333333333
Fe02,24.800242500000003,0.038385666666666665
Fe02,24.8631075,0.03909
Fe02,24.9259725,0.040177333333333336
Fe02,24.988837500000002,0.04013666666666667
Fe02,25.0517025,0.039843333333333335
Fe02,25.1145675,0.03917233333333334
Fe02,25.177432500000002,0.03839066666666666
Fe02,25.240297500000004,0.03697
Fe02,25.3031625,0.035285
Fe02,25.3660275,0.033362666666666665
Fe02,25.428892500000003,0.031271
Fe02,25.491757500000002,0.028863
Fe02,25.5546225,0.026524
Fe02,25.617487500000003,0.024039
Fe02,25.6803525,0.021690666666666667
Fe02,25.7432175,0.019166
Fe02,25.806082500000002,0.016856333333333334
Fe02,25.868947500000004,0.014715
Fe02,25.9318125,0.012698333333333334
Fe02,25.9946775,0.010867333333333333
Fe02,26.057542500000004,0.009066
Fe02,26.1204075,0.007601333333333333
Fe02,26.1832725,0.006226333333333334
Fe02,26.246137500000003,0.005118666666666666
Fe02,26.309002500000002,0.004126
Fe02,26.3718675,0.003219
Fe02,26.434732500000003,0.002612
Fe02,26.4975975,0.001994333333333333
Fe02,26.5604625,0.0015693333333333334
Fe02,26.623327500000002,0.0011913333333333333
Fe02,26.686192500000004,0.000895
Fe02,26.7490575,0.0006613333333333333
Fe02,26.8119225,0.00047966666666666665
Fe02,26.874787500000004,0.00037433333333333334
Fe02,26.937652500000002,0.00024966666666666665
Fe02,27.0005175,0.00019466666666666666
Fe02,27.063382500000003,0.000128
Fe02,27.1262475,9.1e-05
Fe02,27.1891125,5.3666666666666666e-05
Fe02,27.251977500000002,5.833333333333333e-05
Fe02,27.314842500000005,2.8333333333333332e-05
Fe02,27.3777075,1.9333333333333333e-05
Fe02,27.440572500000002,1.5666666666666667e-05
Fe02,27.503437500000004,7.666666666666667e-06
Fe02,27.5663025,4.333333333333333e-06
Fe02,27.6291675,3.3333333333333333e-06
Fe02,27.692032500000003,1.6666666666666667e-06
Fe02,27.754897500000002,1.6666666666666667e-06
Fe02,27.8177625,1.3333333333333334e-06
Fe02,27.880627500000003,0.0
Fe02,27.9434925,0.0
Fe02,28.0063575,3.3333333333333335e-07
Ni03,21.3426675,3.3333333333333335e-07
Ni03,21.4055325,0.0
Ni03,21.468397500000002,1e-06
Ni03,21.531262500000004,2.333333333333333e-06
Ni03,21.5941275,3e-06
Ni03,21.6569925,3e-06
Ni03,21.719857500000003,4.666666666666666e-06
Ni03,21.782722500000002,6e-06
Ni03,21.8455875,1.0333333333333333e-05
Ni03,21.908452500000003,1.4e-05
Ni03,21.9713175,2.1666666666666667e-05
Ni03,22.0341825,3.4666666666666665e-05
Ni03,22.097047500000002,4.2e-05
Ni03,22.159912500000004,7e-05
Ni03,22.2227775,9.066666666666667e-05
Ni03,22.2856425,0.00013433333333333334
Ni03,22.348507500000004,0.00018366666666666667
Ni03,22.4113725,0.00025066666666666667
Ni03,22.4742375,0.0003226666666666667
Ni03,22.537102500000003,0.00045766666666666666
Ni03,22.5999675,0.0006113333333333333
Ni03,22.6628325,0.0008306666666666666
Ni03,22.725697500000003,0.0010276666666666667
Ni03,22.7885625,0.0013083333333333334
Ni03,22.8514275,0.0016963333333333333
Ni03,22.914292500000002,0.0021796666666666666
Ni03,22.977157500000004,0.0027646666666666666
Ni03,23.0400225,0.003377
Ni03,23.1028875,0.0041656666666666665
Ni03,23.165752500000004,0.005108333333333334
Ni03,23.228617500000002,0.006236333333333333
Ni03,23.2914825,0.007431
Ni03,23.354347500000003,0.008794666666666666
Ni03,23.4172125,0.010357333333333333
Ni03,23.4800775,0.012110666666666667
Ni03,23.542942500000002,0.014014666666666667
Ni03,23.6058075,0.015871666666666666
Ni03,23.6686725,0.018014666666666665
Ni03,23.7315375,0.020166333333333335
Ni03,23.794402500000004,0.022634
Ni03,23.8572675,0.024884333333333335
Ni03,23.9201325,0.02701133333333333
Ni03,23.982997500000003,0.029154
Ni03,24.045862500000002,0.03138666666666667
Ni03,24.1087275,0.033279666666666666
Ni03,24.171592500000003,0.03504033333333333
Ni03,24.2344575,0.036321
Ni03,24.2973225,0.03738533333333333
Ni03,24.360187500000002,0.038387333333333336
Ni03,24.423052500000004,0.03908433333333333
Ni03,24.4859175,0.039023666666666665
Ni03,24.5487825,0.038629666666666666
Ni03,24.611647500000004,0.037999333333333336
Ni03,24.674512500000002,0.03721
Ni03,24.7373775,0.035757
Ni03,24.800242500000003,0.03429733333333333
Ni03,24.8631075,0.03240233333333333
Ni03,24.9259725,0.030496666666666665
Ni03,24.988837500000002,0.028218666666666666
Ni03,25.0517025,0.025878
Ni03,25.1145675,0.023769
Ni03,25.177432500000002,0.021203
Ni03,25.240297500000004,0.019095666666666667
Ni03,25.3031625,0.01681
Ni03,25.3660275,0.014676666666666666
Ni03,25.428892500000003,0.012759666666666667
Ni03,25.491757500000002,0.011035
Ni03,25.5546225,0.009314333333333334
Ni03,25.617487500000003,0.007700333333333333
Ni03,25.6803525,0.006562
Ni03,25.7432175,0.005317333333333334
Ni03,25.806082500000002,0.004341666666666666
Ni03,25.868947500000004,0.003475666666666667
Ni03,25.9318125,0.002753666666666667
Ni03,25.9946775,0.002191666666666667
Ni03,26.057542500000004,0.0016793333333333332
Ni03,26.1204075,0.0013313333333333332
Ni03,26.1832725,0.001018
Ni03,26.246137500000003,0.0007523333333333334
Ni03,26.309002500000002,0.000556
Ni03,26.3718675,0.000415
Ni03,26.434732500000003,0.00029966666666666667
Ni03,26.4975975,0.00022533333333333333
Ni03,26.5604625,0.00016333333333333334
Ni03,26.623327500000002,0.000106
Ni03,26.686192500000004,7.366666666666666e-05
Ni03,26.7490575,5.3e-05
Ni03,26.8119225,4.4666666666666664e-05
Ni03,26.874787500000004,2.8666666666666668e-05
Ni03,26.937652500000002,1.4333333333333334e-05
Ni03,27.0005175,1.5666666666666667e-05
Ni03,27.063382500000003,5.666666666666667e-06
Ni03,27.1262475,4.666666666666666e-06
Ni03,27.1891125,2e-06
Ni03,27.251977500000002,1.6666666666666667e-06
Ni03,27.314842500000005,1.6666666666666667e-06
Ni03,27.3777075,1e-06
Ni03,27.440572500000002,0.0
Ni03,27.503437500000004,0.0
Ni03,27.5663025,3.3333333333333335e-07
Ir03,20.3996925,2.5e-07
Ir03,20.462557500000003,2.5e-07
Ir03,20.5254225,7.5e-07
Ir03,20.5882875,1.5e-06
Ir03,20.651152500000002,3e-06
Ir03,20.714017500000004,2.75e-06
Ir03,20.7768825,4.75e-06
Ir03,20.8397475,4.75e-06
Ir03,20.902612500000004,7e-06
Ir03,20.9654775,1.1e-05
Ir03,21.0283425,1.925e-05
Ir03,21.091207500000003,2.425e-05
Ir03,21.1540725,3.45e-05
Ir03,21.2169375,5.2e-05
Ir03,21.279802500000002,6.675e-05
Ir03,21.3426675,9.75e-05
Ir03,21.4055325,0.00013825
Ir03,21.468397500000002,0.00017875
Ir03,21.531262500000004,0.00023575
Ir03,21.5941275,0.00033
Ir03,21.6569925,0.0004255
Ir03,21.719857500000003,0.0005825
Ir03,21.782722500000002,0.000722
Ir03,21.8455875,0.0009065
Ir03,21.908452500000003,0.00117275
Ir03,21.9713175,0.0014845
Ir03,22.0341825,0.0018875
Ir03,22.097047500000002,0.002333
Ir03,22.159912500000004,0.00282675
Ir03,22.2227775,0.003497
Ir03,22.2856425,0.00422425
Ir03,22.348507500000004,0.0050785
Ir03,22.4113725,0.006036
Ir03,22.4742375,0.00706175
Ir03,22.537102500000003,0.008296
Ir03,22.5999675,0.009687
Ir03,22.6628325,0.0110715
Ir03,22.725697500000003,0.0125655
Ir03,22.7885625,0.01420425
Ir03,22.8514275,0.01607575
Ir03,22.914292500000002,0.01778225
Ir03,22.977157500000004,0.0197705
Ir03,23.0400225,0.0215085
Ir03,23.1028875,0.02340275
Ir03,23.165752500000004,0.02534975
Ir03,23.228617500000002,0.027135
Ir03,23.2914825,0.0288675
Ir03,23.354347500000003,0.03026525
Ir03,23.4172125,0.031623
Ir03,23.4800775,0.032984
Ir03,23.542942500000002,0.03408375
Ir03,23.6058075,0.034657
Ir03,23.6686725,0.035147
Ir03,23.7315375,0.03529675
Ir03,23.794402500000004,0.03545
Ir03,23.8572675,0.03516775
Ir03,23.9201325,0.034603
Ir03,23.982997500000003,0.0336835
Ir03,24.045862500000002,0.03261775
Ir03,24.1087275,0.0314705
Ir03,24.171592500000003,0.02986825
Ir03,24.2344575,0.028425
Ir03,24.2973225,0.02651475
Ir03,24.360187500000002,0.024762
Ir03,24.423052500000004,0.02276175
Ir03,24.4859175,0.02074025
Ir03,24.5487825,0.0189785
Ir03,24.611647500000004,0.0168945
Ir03,24.674512500000002,0.015249
Ir03,24.7373775,0.0132755
Ir03,24.800242500000003,0.0116075
Ir03,24.8631075,0.01027125
Ir03,24.9259725,0.00869425
Ir03,24.988837500000002,0.0075185
Ir03,25.0517025,0.00620425
Ir03,25.1145675,0.005254
Ir03,25.177432500000002,0.00429975
Ir03,25.240297500000004,0.003543
Ir03,25.3031625,0.00291825
Ir03,25.3660275,0.0022555
Ir03,25.428892500000003,0.00183125
Ir03,25.491757500000002,0.00143075
Ir03,25.5546225,0.0011195
Ir03,25.617487500000003,0.00087625
Ir03,25.6803525,0.0006735
Ir03,25.7432175,0.000489
Ir03,25.806082500000002,0.00036225
Ir03,25.868947500000004,0.00027175
Ir03,25.9318125,0.00019875
Ir03,25.9946775,0.00015825
Ir03,26.057542500000004,9.9e-05
Ir03,26.1204075,7.05e-05
Ir03,26.1832725,4.85e-05
Ir03,26.246137500000003,3.625e-05
Ir03,26.309002500000002,2.975e-05
Ir03,26.3718675,1.975e-05
Ir03,26.434732500000003,1e-05
Ir03,26.4975975,1.075e-05
Ir03,26.5604625,3.25e-06
Ir03,26.623327500000002,3e-06
Ir03,26.686192500000004,1.5e-06
Ir03,26.7490575,1.75e-06
Ir03,26.8119225,1e-06
Ir03,26.874787500000004,5e-07
Ir03,26.937652500000002,0.0
Ir03,27.0005175,0.0
Ir03,27.063382500000003,2.5e-07
Cu03,19.7710425,3.3333333333333335e-07
Cu03,19.833907500000002,0.0
Cu03,19.8967725,1e-06
Cu03,19.9596375,2.333333333333333e-06
Cu03,20.0225025,2e-06
Cu03,20.085367500000004,3.3333333333333333e-06
Cu03,20.1482325,4e-06
Cu03,20.2110975,5.666666666666667e-06
Cu03,20.273962500000003,9.333333333333333e-06
Cu03,20.336827500000002,1.1333333333333334e-05
Cu03,20.3996925,1.6666666666666667e-05
Cu03,20.462557500000003,2.8333333333333332e-05
Cu03,20.5254225,3.4e-05
Cu03,20.5882875,5.3e-05
Cu03,20.651152500000002,7.1e-05
Cu03,20.714017500000004,0.000103
Cu03,20.7768825,0.00014433333333333334
Cu03,20.8397475,0.00019166666666666667
Cu03,20.902612500000004,0.000259
Cu03,20.9654775,0.000328
Cu03,21.0283425,0.000464
Cu03,21.091207500000003,0.0005986666666666666
Cu03,21.1540725,0.000813
Cu03,21.2169375,0.0010026666666666667
Cu03,21.279802500000002,0.0012393333333333334
Cu03,21.3426675,0.0016156666666666667
Cu03,21.4055325,0.002044
Cu03,21.468397500000002,0.0025526666666666666
Cu03,21.531262500000004,0.0031173333333333335
Cu03,21.5941275,0.003826
Cu03,21.6569925,0.004679
Cu03,21.719857500000003,0.005646333333333333
Cu03,21.782722500000002,0.0066946666666666665
Cu03,21.8455875,0.007952
Cu03,21.908452500000003,0.009308333333333333
Cu03,21.9713175,0.010845333333333334
Cu03,22.0341825,0.012576333333333333
Cu03,22.097047500000002,0.014366666666666666
Cu03,22.159912500000004,0.016069
Cu03,22.2227775,0.018204666666666668
Cu03,22.2856425,0.020239
Cu03,22.348507500000004,0.02246
Cu03,22.4113725,0.024553666666666668
Cu03,22.4742375,0.026575
Cu03,22.537102500000003,0.028528
Cu03,22.5999675,0.030651666666666667
Cu03,22.6628325,0.03227633333333333
Cu03,22.725697500000003,0.033935
Cu03,22.7885625,0.03512333333333333
Cu03,22.8514275,0.03627533333333333
Cu03,22.914292500000002,0.036906666666666664
Cu03,22.977157500000004,0.037773
Cu03,23.0400225,0.03764066666666667
Cu03,23.1028875,0.03738333333333333
Cu03,23.165752500000004,0.036784333333333336
Cu03,23.228617500000002,0.036118333333333336
Cu03,23.2914825,0.034882666666666666
Cu03,23.354347500000003,0.03350966666666667
Cu03,23.4172125,0.03180633333333333
Cu03,23.4800775,0.029911333333333335
Cu03,23.542942500000002,0.028107
Cu03,23.6058075,0.025922333333333332
Cu03,23.6686725,0.023722
Cu03,23.7315375,0.021659333333333333
Cu03,23.794402500000004,0.01946466666666667
Cu03,23.8572675,0.017301666666666667
Cu03,23.9201325,0.015306333333333333
Cu03,23.982997500000003,0.013448333333333333
Cu03,24.045862500000002,0.011596666666666667
Cu03,24.1087275,0.010089
Cu03,24.171592500000003,0.008482333333333333
Cu03,24.2344575,0.007136666666666667
Cu03,24.2973225,0.005978333333333334
Cu03,24.360187500000002,0.004937
Cu03,24.423052500000004,0.004039666666666667
Cu03,24.4859175,0.0032333333333333333
Cu03,24.5487825,0.002607
Cu03,24.611647500000004,0.0020773333333333334
Cu03,24.674512500000002,0.001614
Cu03,24.7373775,0.001272
Cu03,24.800242500000003,0.0009936666666666666
Cu03,24.8631075,0.0007316666666666667
Cu03,24.9259725,0.0005556666666666667
Cu03,24.988837500000002,0.00041033333333333335
Cu03,25.0517025,0.0003153333333333333
Cu03,25.1145675,0.000224
Cu03,25.177432500000002,0.000172
Cu03,25.240297500000004,0.00011
Cu03,25.3031625,8.233333333333333e-05
Cu03,25.3660275,5.133333333333333e-05
Cu03,25.428892500000003,5.433333333333333e-05
Cu03,25.491757500000002,2.8666666666666668e-05
Cu03,25.5546225,2e-05
Cu03,25.617487500000003,1.3666666666666667e-05
Cu03,25.6803525,1.1e-05
Cu03,25.7432175,3.6666666666666666e-06
Cu03,25.806082500000002,4e-06
Cu03,25.868947500000004,1.3333333333333334e-06
Cu03,25.9318125,2e-06
Cu03,25.9946775,6.666666666666667e-07
Cu03,26.057542500000004,1e-06
Cu03,26.1204075,0.0
Cu03,26.1832725,0.0
Cu03,26.246137500000003,3.3333333333333335e-07
Fe03,19.205257500000002,3.3333333333333335e-07
Fe03,19.268122500000004,0.0
Fe03,19.3309875,1e-06
Fe03,19.3938525,2.333333333333333e-06
Fe03,19.456717500000003,2.333333333333333e-06
Fe03,19.5195825,3e-06
Fe03,19.5824475,5e-06
Fe03,19.645312500000003,5e-06
Fe03,19.7081775,9.333333333333333e-06
Fe03,19.7710425,1.2e-05
Fe03,19.833907500000002,1.633333333333333e-05
Fe03,19.8967725,3e-05
Fe03,19.9596375,3.433333333333333e-05
Fe03,20.0225025,5.0333333333333335e-05
Fe03,20.085367500000004,7.366666666666666e-05
Fe03,20.1482325,9.466666666666667e-05
Fe03,20.2110975,0.000137
Fe03,20.273962500000003,0.00018533333333333333
Fe03,20.336827500000002,0.0002503333333333333
Fe03,20.3996925,0.0003156666666666667
Fe03,20.462557500000003,0.0004383333333333333
Fe03,20.5254225,0.000568
Fe03,20.5882875,0.000763
Fe03,20.651152500000002,0.000957
Fe03,20.714017500000004,0.0011713333333333333
Fe03,20.7768825,0.0015203333333333334
Fe03,20.8397475,0.0019083333333333333
Fe03,20.902612500000004,0.002402
Fe03,20.9654775,0.002897
Fe03,21.0283425,0.0035863333333333333
Fe03,21.091207500000003,0.004349
Fe03,21.1540725,0.005301
Fe03,21.2169375,0.006306
Fe03,21.279802500000002,0.007409666666666667
Fe03,21.3426675,0.008709333333333333
Fe03,21.4055325,0.01019
Fe03,21.468397500000002,0.011751333333333334
Fe03,21.531262500000004,0.013552333333333333
Fe03,21.5941275,0.015154333333333334
Fe03,21.6569925,0.017153666666666668
Fe03,21.719857500000003,0.019169666666666668
Fe03,21.782722500000002,0.021332666666666666
Fe03,21.8455875,0.023244666666666667
Fe03,21.908452500000003,0.025412333333333332
Fe03,21.9713175,0.027303333333333332
Fe03,22.0341825,0.029392
Fe03,22.097047500000002,0.031060333333333332
Fe03,22.159912500000004,0.032747
Fe03,22.2227775,0.03413566666666667
Fe03,22.2856425,0.03531033333333333
Fe03,22.348507500000004,0.036167
Fe03,22.4113725,0.037
Fe03,22.4742375,0.037291333333333336
Fe03,22.537102500000003,0.03716966666666666
Fe03,22.5999675,0.036762666666666666
Fe03,22.6628325,0.03614066666666667
Fe03,22.725697500000003,0.03534866666666667
Fe03,22.7885625,0.03384466666666667
Fe03,22.8514275,0.032501
Fe03,22.914292500000002,0.030901
Fe03,22.977157500000004,0.029007333333333333
Fe03,23.0400225,0.026927333333333334
Fe03,23.1028875,0.024966333333333333
Fe03,23.165752500000004,0.022772
Fe03,23.228617500000002,0.020725
Fe03,23.2914825,0.018550333333333332
Fe03,23.354347500000003,0.016546
Fe03,23.4172125,0.014629
Fe03,23.4800775,0.012728
Fe03,23.542942500000002,0.011100333333333334
Fe03,23.6058075,0.009534333333333334
Fe03,23.6686725,0.008037
Fe03,23.7315375,0.0068263333333333336
Fe03,23.794402500000004,0.005653
Fe03,23.8572675,0.00468
Fe03,23.9201325,0.003843
Fe03,23.982997500000003,0.0030573333333333333
Fe03,24.045862500000002,0.0024836666666666666
Fe03,24.1087275,0.0019773333333333335
Fe03,24.171592500000003,0.001547
Fe03,24.2344575,0.0012126666666666666
Fe03,24.2973225,0.00095
Fe03,24.360187500000002,0.0006973333333333333
Fe03,24.423052500000004,0.000527
Fe03,24.4859175,0.0004026666666666667
Fe03,24.5487825,0.00030233333333333333
Fe03,24.611647500000004,0.00021133333333333334
Fe03,24.674512500000002,0.000174
Fe03,24.7373775,0.000109
Fe03,24.800242500000003,8.033333333333334e-05
Fe03,24.8631075,5e-05
Fe03,24.9259725,5.566666666666667e-05
Fe03,24.988837500000002,2.8333333333333332e-05
Fe03,25.0517025,1.9333333333333333e-05
Fe03,25.1145675,1.4e-05
Fe03,25.177432500000002,1.0666666666666667e-05
Fe03,25.240297500000004,4e-06
Fe03,25.3031625,4e-06
Fe03,25.3660275,1.3333333333333334e-06
Fe03,25.428892500000003,1.6666666666666667e-06
Fe03,25.491757500000002,1e-06
Fe03,25.5546225,1e-06
Fe03,25.617487500000003,0.0
Fe03,25.6803525,0.0
Fe03,25.7432175,3.3333333333333335e-07
Ni04,18.5766075,3.3333333333333335e-07
Ni04,18.639472500000004,0.0
Ni04,18.7023375,6.666666666666667e-07
Ni04,18.7652025,1.6666666666666667e-06
Ni04,18.828067500000003,2e-06
Ni04,18.8909325,3.3333333333333333e-06
Ni04,18.9537975,3.6666666666666666e-06
Ni04,19.016662500000002,6.666666666666667e-06
Ni04,19.0795275,7e-06
Ni04,19.1423925,9.666666666666667e-06
Ni04,19.205257500000002,1.2666666666666667e-05
Ni04,19.268122500000004,2.0333333333333334e-05
Ni04,19.3309875,3.233333333333333e-05
Ni04,19.3938525,3.733333333333333e-05
Ni04,19.456717500000003,6e-05
Ni04,19.5195825,7.566666666666667e-05
Ni04,19.5824475,0.00010966666666666667
Ni04,19.645312500000003,0.00015366666666666667
Ni04,19.7081775,0.00019866666666666668
Ni04,19.7710425,0.000266
Ni04,19.833907500000002,0.0003296666666666667
Ni04,19.8967725,0.00045966666666666665
Ni04,19.9596375,0.0005996666666666666
Ni04,20.0225025,0.000779
Ni04,20.085367500000004,0.0009636666666666667
Ni04,20.1482325,0.0011833333333333333
Ni04,20.2110975,0.0015333333333333334
Ni04,20.273962500000003,0.0019173333333333334
Ni04,20.336827500000002,0.002400666666666667
Ni04,20.3996925,0.0028573333333333333
Ni04,20.462557500000003,0.0035423333333333335
Ni04,20.5254225,0.004250333333333333
Ni04,20.5882875,0.005203
Ni04,20.651152500000002,0.006151
Ni04,20.714017500000004,0.007200333333333334
Ni04,20.7768825,0.008403
Ni04,20.8397475,0.00982
Ni04,20.902612500000004,0.011311666666666666
Ni04,20.9654775,0.012973
Ni04,21.0283425,0.014583666666666667
Ni04,21.091207500000003,0.016403666666666667
Ni04,21.1540725,0.018290333333333332
Ni04,21.2169375,0.020447666666666666
Ni04,21.279802500000002,0.02224
Ni04,21.3426675,0.024308333333333335
Ni04,21.4055325,0.026139333333333334
Ni04,21.468397500000002,0.028009666666666665
Ni04,21.531262500000004,0.029937
Ni04,21.5941275,0.031433666666666665
Ni04,21.6569925,0.032961
Ni04,21.719857500000003,0.034110666666666664
Ni04,21.782722500000002,0.035112
Ni04,21.8455875,0.035746
Ni04,21.908452500000003,0.036521333333333336
Ni04,21.9713175,0.036408333333333334
Ni04,22.0341825,0.036241
Ni04,22.097047500000002,0.035638666666666666
Ni04,22.159912500000004,0.03510033333333333
Ni04,22.2227775,0.03399233333333333
Ni04,22.2856425,0.032682666666666665
Ni04,22.348507500000004,0.03119
Ni04,22.4113725,0.029578666666666666
Ni04,22.4742375,0.027829666666666666
Ni04,22.537102500000003,0.025757333333333333
Ni04,22.5999675,0.023736666666666666
Ni04,22.6628325,0.021797333333333332
Ni04,22.725697500000003,0.019758
Ni04,22.7885625,0.017714666666666667
Ni04,22.8514275,0.015748333333333333
Ni04,22.914292500000002,0.013911666666666666
Ni04,22.977157500000004,0.012223
Ni04,23.0400225,0.01064
Ni04,23.1028875,0.009149
Ni04,23.165752500000004,0.007696666666666667
Ni04,23.228617500000002,0.006588333333333333
Ni04,23.2914825,0.005467333333333334
Ni04,23.354347500000003,0.004510333333333333
Ni04,23.4172125,0.003743
Ni04,23.4800775,0.0029723333333333333
Ni04,23.542942500000002,0.0024356666666666667
Ni04,23.6058075,0.0019336666666666666
Ni04,23.6686725,0.0015296666666666666
Ni04,23.7315375,0.0012073333333333333
Ni04,23.794402500000004,0.0009443333333333334
Ni04,23.8572675,0.0007
Ni04,23.9201325,0.0005336666666666667
Ni04,23.982997500000003,0.00040466666666666667
Ni04,24.045862500000002,0.0003156666666666667
Ni04,24.1087275,0.00021666666666666666
Ni04,24.171592500000003,0.00017633333333333333
Ni04,24.2344575,0.00011333333333333333
Ni04,24.2973225,8.533333333333334e-05
Ni04,24.360187500000002,5.1e-05
Ni04,24.423052500000004,5.5e-05
Ni04,24.4859175,3.266666666666666e-05
Ni04,24.5487825,2.2666666666666668e-05
Ni04,24.611647500000004,1.2333333333333333e-05
Ni04,24.674512500000002,1.4666666666666666e-05
Ni04,24.7373775,4.333333333333333e-06
Ni04,24.800242500000003,4.333333333333333e-06
Ni04,24.8631075,2e-06
Ni04,24.9259725,1.6666666666666667e-06
Ni04,24.988837500000002,1.6666666666666667e-06
Ni04,25.0517025,1e-06
Ni04,25.1145675,0.0
Ni04,25.177432500000002,0.0
Ni04,25.240297500000004,3.3333333333333335e-07
Ir04,17.5079025,2e-07
Ir04,17.570767500000002,0.0
Ir04,17.6336325,6e-07
Ir04,17.6964975,1e-06
Ir04,17.7593625,1.2e-06
Ir04,17.822227500000004,1.8e-06
Ir04,17.8850925,2.2e-06
Ir04,17.9479575,4e-06
Ir04,18.010822500000003,3.8e-06
Ir04,18.0736875,6.2e-06
Ir04,18.1365525,7e-06
Ir04,18.199417500000003,1.36e-05
Ir04,18.2622825,1.66e-05
Ir04,18.3251475,2.2e-05
Ir04,18.388012500000002,3.2e-05
Ir04,18.4508775,4.64e-05
Ir04,18.5137425,5.86e-05
Ir04,18.5766075,8.2e-05
Ir04,18.639472500000004,0.0001118
Ir04,18.7023375,0.0001464
Ir04,18.7652025,0.0001926
Ir04,18.828067500000003,0.0002396
Ir04,18.8909325,0.000327
Ir04,18.9537975,0.000422
Ir04,19.016662500000002,0.0005448
Ir04,19.0795275,0.0006476
Ir04,19.1423925,0.0008312
Ir04,19.205257500000002,0.001047
Ir04,19.268122500000004,0.0013142
Ir04,19.3309875,0.0015788
Ir04,19.3938525,0.0019364
Ir04,19.456717500000003,0.002398
Ir04,19.5195825,0.0028726
Ir04,19.5824475,0.0034508
Ir04,19.645312500000003,0.0040794
Ir04,19.7081775,0.0048392
Ir04,19.7710425,0.0056498
Ir04,19.833907500000002,0.0066182
Ir04,19.8967725,0.0076144
Ir04,19.9596375,0.0087696
Ir04,20.0225025,0.009967
Ir04,20.085367500000004,0.011275
Ir04,20.1482325,0.0126492
Ir04,20.2110975,0.0141736
Ir04,20.273962500000003,0.0156678
Ir04,20.336827500000002,0.0173612
Ir04,20.3996925,0.018911
Ir04,20.462557500000003,0.0206114
Ir04,20.5254225,0.0221416
Ir04,20.5882875,0.0238786
Ir04,20.651152500000002,0.025411
Ir04,20.714017500000004,0.0269056
Ir04,20.7768825,0.0281514
Ir04,20.8397475,0.0294622
Ir04,20.902612500000004,0.0306268
Ir04,20.9654775,0.0315424
Ir04,21.0283425,0.0321344
Ir04,21.091207500000003,0.032745
Ir04,21.1540725,0.0330816
Ir04,21.2169375,0.0332452
Ir04,21.279802500000002,0.032889
Ir04,21.3426675,0.0326814
Ir04,21.4055325,0.0322186
Ir04,21.468397500000002,0.0313842
Ir04,21.531262500000004,0.0303
Ir04,21.5941275,0.029245
Ir04,21.6569925,0.0279986
Ir04,21.719857500000003,0.0265228
Ir04,21.782722500000002,0.0249956
Ir04,21.8455875,0.02335
Ir04,21.908452500000003,0.0217352
Ir04,21.9713175,0.0199904
Ir04,22.0341825,0.0182614
Ir04,22.097047500000002,0.0165646
Ir04,22.159912500000004,0.01498
Ir04,22.2227775,0.0133246
Ir04,22.2856425,0.0118784
Ir04,22.348507500000004,0.0104376
Ir04,22.4113725,0.009109
Ir04,22.4742375,0.0079256
Ir04,22.537102500000003,0.006784
Ir04,22.5999675,0.0057852
Ir04,22.6628325,0.0048444
Ir04,22.725697500000003,0.0041148
Ir04,22.7885625,0.0033904
Ir04,22.8514275,0.0028084
Ir04,22.914292500000002,0.00226
Ir04,22.977157500000004,0.0018162
Ir04,23.0400225,0.0014896
Ir04,23.1028875,0.0011704
Ir04,23.165752500000004,0.000929
Ir04,23.228617500000002,0.0007252
Ir04,23.2914825,0.0005694
Ir04,23.354347500000003,0.0004192
Ir04,23.4172125,0.0003162
Ir04,23.4800775,0.0002498
Ir04,23.542942500000002,0.0001856
Ir04,23.6058075,0.0001304
Ir04,23.6686725,9.98e-05
Ir04,23.7315375,7.36e-05
Ir04,23.794402500000004,5.04e-05
Ir04,23.8572675,3.06e-05
Ir04,23.9201325,3.3e-05
Ir04,23.982997500000003,2.02e-05
Ir04,24.045862500000002,1.38e-05
Ir04,24.1087275,8.2e-06
Ir04,24.171592500000003,8.2e-06
Ir04,24.2344575,2.2e-06
Ir04,24.2973225,2.4e-06
Ir04,24.360187500000002,1.8e-06
Ir04,24.423052500000004,1e-06
Ir04,24.4859175,8e-07
Ir04,24.5487825,6e-07
Ir04,24.611647500000004,2e-07
Ir04,24.674512500000002,0.0
Ir04,24.7373775,2e-07
Cu04,16.8163875,3.3333333333333335e-07
Cu04,16.8792525,0.0
Cu04,16.942117500000002,3.3333333333333335e-07
Cu04,17.0049825,6.666666666666667e-07
Cu04,17.0678475,2.333333333333333e-06
Cu04,17.1307125,3.3333333333333333e-06
Cu04,17.193577500000004,2.333333333333333e-06
Cu04,17.2564425,4.666666666666666e-06
Cu04,17.3193075,4.666666666666666e-06
Cu04,17.382172500000003,8.333333333333334e-06
Cu04,17.4450375,8.333333333333334e-06
Cu04,17.5079025,1.4666666666666666e-05
Cu04,17.570767500000002,2.1e-05
Cu04,17.6336325,3.066666666666667e-05
Cu04,17.6964975,3.4e-05
Cu04,17.7593625,5.566666666666667e-05
Cu04,17.822227500000004,6.833333333333333e-05
Cu04,17.8850925,9.366666666666666e-05
Cu04,17.9479575,0.00013533333333333333
Cu04,18.010822500000003,0.000166
Cu04,18.0736875,0.00022433333333333333
Cu04,18.1365525,0.00028566666666666665
Cu04,18.199417500000003,0.000364
Cu04,18.2622825,0.0004873333333333333
Cu04,18.3251475,0.0006243333333333333
Cu04,18.388012500000002,0.0008056666666666667
Cu04,18.4508775,0.0009483333333333334
Cu04,18.5137425,0.0011713333333333333
Cu04,18.5766075,0.0014883333333333333
Cu04,18.639472500000004,0.0018436666666666666
Cu04,18.7023375,0.002288
Cu04,18.7652025,0.0026926666666666666
Cu04,18.828067500000003,0.003263
Cu04,18.8909325,0.003947666666666667
Cu04,18.9537975,0.004700666666666666
Cu04,19.016662500000002,0.005580666666666667
Cu04,19.0795275,0.006466
Cu04,19.1423925,0.007504666666666666
Cu04,19.205257500000002,0.008721666666666667
Cu04,19.268122500000004,0.009977
Cu04,19.3309875,0.011410333333333333
Cu04,19.3938525,0.012950666666666666
Cu04,19.456717500000003,0.014351
Cu04,19.5195825,0.016085666666666668
Cu04,19.5824475,0.017778
Cu04,19.645312500000003,0.019717
Cu04,19.7081775,0.021337333333333333
Cu04,19.7710425,0.023178
Cu04,19.833907500000002,0.024828666666666666
Cu04,19.8967725,0.026526333333333332
Cu04,19.9596375,0.028215333333333332
Cu04,20.0225025,0.029627333333333332
Cu04,20.085367500000004,0.031043666666666667
Cu04,20.1482325,0.032106666666666665
Cu04,20.2110975,0.03297066666666667
Cu04,20.273962500000003,0.03371233333333333
Cu04,20.336827500000002,0.034452666666666666
Cu04,20.3996925,0.034625666666666666
Cu04,20.462557500000003,0.03451333333333333
Cu04,20.5254225,0.03413533333333333
Cu04,20.5882875,0.03361533333333333
Cu04,20.651152500000002,0.033091
Cu04,20.714017500000004,0.03188333333333333
Cu04,20.7768825,0.03077533333333333
Cu04,20.8397475,0.029302666666666668
Cu04,20.902612500000004,0.027858666666666667
Cu04,20.9654775,0.026171
Cu04,21.0283425,0.024382333333333332
Cu04,21.091207500000003,0.022489
Cu04,21.1540725,0.020843333333333332
Cu04,21.2169375,0.018943666666666668
Cu04,21.279802500000002,0.017109333333333334
Cu04,21.3426675,0.015317
Cu04,21.4055325,0.013634
Cu04,21.468397500000002,0.01209
Cu04,21.531262500000004,0.010554
Cu04,21.5941275,0.009243333333333333
Cu04,21.6569925,0.007879666666666667
Cu04,21.719857500000003,0.006671
Cu04,21.782722500000002,0.005789666666666667
Cu04,21.8455875,0.004797333333333333
Cu04,21.908452500000003,0.003976
Cu04,21.9713175,0.0032876666666666666
Cu04,22.0341825,0.0026753333333333334
Cu04,22.097047500000002,0.0021793333333333335
Cu04,22.159912500000004,0.0017456666666666666
Cu04,22.2227775,0.001409
Cu04,22.2856425,0.001109
Cu04,22.348507500000004,0.0008803333333333333
Cu04,22.4113725,0.000663
Cu04,22.4742375,0.0005166666666666667
Cu04,22.537102500000003,0.0003773333333333333
Cu04,22.5999675,0.000307
Cu04,22.6628325,0.00021866666666666668
Cu04,22.725697500000003,0.000176
Cu04,22.7885625,0.00011833333333333333
Cu04,22.8514275,9.166666666666667e-05
Cu04,22.914292500000002,5.7e-05
Cu04,22.977157500000004,4.933333333333333e-05
Cu04,23.0400225,3.933333333333333e-05
Cu04,23.1028875,2.6666666666666667e-05
Cu04,23.165752500000004,1.4666666666666666e-05
Cu04,23.228617500000002,1.4e-05
Cu04,23.2914825,8.333333333333334e-06
Cu04,23.354347500000003,3.6666666666666666e-06
Cu04,23.4172125,3.3333333333333333e-06
Cu04,23.4800775,1.6666666666666667e-06
Cu04,23.542942500000002,1.6666666666666667e-06
Cu04,23.6058075,1e-06
Cu04,23.6686725,1e-06
Cu04,23.7315375,0.0
Cu04,23.794402500000004,0.0
Cu04,23.8572675,3.3333333333333335e-07
Ni05,16.124872500000002,2.5e-07
Ni05,16.1877375,0.0
Ni05,16.2506025,5e-07
Ni05,16.3134675,7.5e-07
Ni05,16.376332500000004,1.5e-06
Ni05,16.4391975,2.5e-06
Ni05,16.5020625,2.75e-06
Ni05,16.564927500000003,4.25e-06
Ni05,16.6277925,4.25e-06
Ni05,16.6906575,7.75e-06
Ni05,16.753522500000003,6.5e-06
Ni05,16.8163875,1.5e-05
Ni05,16.8792525,1.525e-05
Ni05,16.942117500000002,2.45e-05
Ni05,17.0049825,2.825e-05
Ni05,17.0678475,4.825e-05
Ni05,17.1307125,6.175e-05
Ni05,17.193577500000004,7.3e-05
Ni05,17.2564425,0.000105
Ni05,17.3193075,0.0001495
Ni05,17.382172500000003,0.000181
Ni05,17.4450375,0.00023075
Ni05,17.5079025,0.00030375
Ni05,17.570767500000002,0.00040225
Ni05,17.6336325,0.00050675
Ni05,17.6964975,0.00064125
Ni05,17.7593625,0.00079925
Ni05,17.822227500000004,0.00099475
Ni05,17.8850925,0.0012205
Ni05,17.9479575,0.00152875
Ni05,18.010822500000003,0.001832
Ni05,18.0736875,0.002254
Ni05,18.1365525,0.002744
Ni05,18.199417500000003,0.00325275
Ni05,18.2622825,0.0039155
Ni05,18.3251475,0.00461575
Ni05,18.388012500000002,0.00547425
Ni05,18.4508775,0.00635775
Ni05,18.5137425,0.00736525
Ni05,18.5766075,0.00851625
Ni05,18.639472500000004,0.009732
Ni05,18.7023375,0.01115025
Ni05,18.7652025,0.01246
Ni05,18.828067500000003,0.0140355
Ni05,18.8909325,0.0155935
Ni05,18.9537975,0.0172925
Ni05,19.016662500000002,0.01897175
Ni05,19.0795275,0.0206835
Ni05,19.1423925,0.02249075
Ni05,19.205257500000002,0.02416575
Ni05,19.268122500000004,0.02564125
Ni05,19.3309875,0.027385
Ni05,19.3938525,0.02877725
Ni05,19.456717500000003,0.0301765
Ni05,19.5195825,0.0313075
Ni05,19.5824475,0.032235
Ni05,19.645312500000003,0.03311125
Ni05,19.7081775,0.03364475
Ni05,19.7710425,0.0340695
Ni05,19.833907500000002,0.0339515
Ni05,19.8967725,0.03392425
Ni05,19.9596375,0.0334415
Ni05,20.0225025,0.03270625
Ni05,20.085367500000004,0.03191275
Ni05,20.1482325,0.03079775
Ni05,20.2110975,0.02957175
Ni05,20.273962500000003,0.02812375
Ni05,20.336827500000002,0.02652975
Ni05,20.3996925,0.02493025
Ni05,20.462557500000003,0.0233055
Ni05,20.5254225,0.02120075
Ni05,20.5882875,0.019697
Ni05,20.651152500000002,0.01792425
Ni05,20.714017500000004,0.0159685
Ni05,20.7768825,0.01451325
Ni05,20.8397475,0.01284475
Ni05,20.902612500000004,0.01123775
Ni05,20.9654775,0.00994125
Ni05,21.0283425,0.0086095
Ni05,21.091207500000003,0.007327
Ni05,21.1540725,0.0063045
Ni05,21.2169375,0.0053835
Ni05,21.279802500000002,0.00446125
Ni05,21.3426675,0.0037225
Ni05,21.4055325,0.00307025
Ni05,21.468397500000002,0.0025135
Ni05,21.531262500000004,0.00205325
Ni05,21.5941275,0.00164575
Ni05,21.6569925,0.001325
Ni05,21.719857500000003,0.00103775
Ni05,21.782722500000002,0.00082775
Ni05,21.8455875,0.00063275
Ni05,21.908452500000003,0.0004835
Ni05,21.9713175,0.000374
Ni05,22.0341825,0.000289
Ni05,22.097047500000002,0.0002125
Ni05,22.159912500000004,0.000168
Ni05,22.2227775,0.00011225
Ni05,22.2856425,8.825e-05
Ni05,22.348507500000004,6.375e-05
Ni05,22.4113725,4.325e-05
Ni05,22.4742375,3.9e-05
Ni05,22.537102500000003,2.675e-05
Ni05,22.5999675,1.65e-05
Ni05,22.6628325,1.075e-05
Ni05,22.725697500000003,1.025e-05
Ni05,22.7885625,3.75e-06
Ni05,22.8514275,3.75e-06
Ni05,22.914292500000002,1.75e-06
Ni05,22.977157500000004,1.75e-06
Ni05,23.0400225,1.25e-06
Ni05,23.1028875,5e-07
Ni05,23.165752500000004,5e-07
Ni05,23.228617500000002,2.5e-07
Ni05,23.2914825,0.0
Ni05,23.354347500000003,2.5e-07
Ir05,14.9304375,1.6666666666666668e-07
Ir05,14.993302500000002,0.0
Ir05,15.0561675,1.6666666666666668e-07
Ir05,15.119032500000001,3.3333333333333335e-07
Ir05,15.181897500000002,1.3333333333333334e-06
Ir05,15.2447625,1e-06
Ir05,15.307627500000002,1.1666666666666666e-06
Ir05,15.370492500000001,2e-06
Ir05,15.4333575,4.166666666666667e-06
Ir05,15.496222500000002,2.1666666666666665e-06
Ir05,15.5590875,5e-06
Ir05,15.621952500000003,5.333333333333334e-06
Ir05,15.684817500000001,8.833333333333334e-06
Ir05,15.7476825,1.2666666666666667e-05
Ir05,15.810547500000002,1.6e-05
Ir05,15.8734125,1.85e-05
Ir05,15.936277500000001,3.0833333333333335e-05
Ir05,15.999142500000001,3.9e-05
Ir05,16.0620075,4.85e-05
Ir05,16.124872500000002,6.95e-05
Ir05,16.1877375,8.816666666666666e-05
Ir05,16.2506025,0.000116
Ir05,16.3134675,0.0001435
Ir05,16.376332500000004,0.0001845
Ir05,16.4391975,0.00024616666666666667
Ir05,16.5020625,0.0003038333333333333
Ir05,16.564927500000003,0.0003895
Ir05,16.6277925,0.00048266666666666667
Ir05,16.6906575,0.0005895
Ir05,16.753522500000003,0.0007248333333333333
Ir05,16.8163875,0.0009036666666666667
Ir05,16.8792525,0.0011001666666666666
Ir05,16.942117500000002,0.0013355
Ir05,17.0049825,0.0016035
Ir05,17.0678475,0.0019483333333333334
Ir05,17.1307125,0.0023146666666666667
Ir05,17.193577500000004,0.0027555
Ir05,17.2564425,0.0032468333333333333
Ir05,17.3193075,0.0038236666666666666
Ir05,17.382172500000003,0.004464833333333334
Ir05,17.4450375,0.005145833333333333
Ir05,17.5079025,0.005958833333333333
Ir05,17.570767500000002,0.006809
Ir05,17.6336325,0.007813333333333334
Ir05,17.6964975,0.008796833333333334
Ir05,17.7593625,0.009857666666666667
Ir05,17.822227500000004,0.011044833333333334
Ir05,17.8850925,0.012336166666666667
Ir05,17.9479575,0.013631166666666666
Ir05,18.010822500000003,0.014940833333333334
Ir05,18.0736875,0.016443333333333334
Ir05,18.1365525,0.017797666666666666
Ir05,18.199417500000003,0.019213333333333332
Ir05,18.2622825,0.020712
Ir05,18.3251475,0.022158
Ir05,18.388012500000002,0.023466166666666666
Ir05,18.4508775,0.0247565
Ir05,18.5137425,0.026093166666666667
Ir05,18.5766075,0.0271465
Ir05,18.639472500000004,0.0281645
Ir05,18.7023375,0.029179333333333335
Ir05,18.7652025,0.029761166666666665
Ir05,18.828067500000003,0.030412166666666667
Ir05,18.8909325,0.030805833333333334
Ir05,18.9537975,0.031102
Ir05,19.016662500000002,0.031059333333333335
Ir05,19.0795275,0.030942333333333332
Ir05,19.1423925,0.030688833333333332
Ir05,19.205257500000002,0.030024666666666668
Ir05,19.268122500000004,0.029559666666666668
Ir05,19.3309875,0.028554833333333335
Ir05,19.3938525,0.027694
Ir05,19.456717500000003,0.0266155
Ir05,19.5195825,0.025217166666666666
Ir05,19.5824475,0.024010333333333335
Ir05,19.645312500000003,0.022607833333333334
Ir05,19.7081775,0.021053
Ir05,19.7710425,0.019664166666666667
Ir05,19.833907500000002,0.018171333333333334
Ir05,19.8967725,0.016509666666666666
Ir05,19.9596375,0.0151075
Ir05,20.0225025,0.013778666666666666
Ir05,20.085367500000004,0.012236
Ir05,20.1482325,0.010944333333333334
Ir05,20.2110975,0.009820833333333334
Ir05,20.273962500000003,0.008573166666666666
Ir05,20.336827500000002,0.007435833333333333
Ir05,20.3996925,0.006615666666666666
Ir05,20.462557500000003,0.005556166666666667
Ir05,20.5254225,0.004760333333333333
Ir05,20.5882875,0.004132833333333333
Ir05,20.651152500000002,0.003374166666666667
Ir05,20.714017500000004,0.0028513333333333333
Ir05,20.7768825,0.0023853333333333335
Ir05,20.8397475,0.0019225
Ir05,20.902612500000004,0.001587
Ir05,20.9654775,0.0012855
Ir05,21.0283425,0.0010425
Ir05,21.091207500000003,0.0008338333333333333
Ir05,21.1540725,0.0006565
Ir05,21.2169375,0.0005208333333333333
Ir05,21.279802500000002,0.0003916666666666667
Ir05,21.3426675,0.000307
Ir05,21.4055325,0.00023533333333333333
Ir05,21.468397500000002,0.00017833333333333332
Ir05,21.531262500000004,0.00014016666666666667
Ir05,21.5941275,0.00010266666666666666
Ir05,21.6569925,7e-05
Ir05,21.719857500000003,5.933333333333334e-05
Ir05,21.782722500000002,4.05e-05
Ir05,21.8455875,2.6833333333333333e-05
Ir05,21.908452500000003,2.5833333333333332e-05
Ir05,21.9713175,1.7666666666666668e-05
Ir05,22.0341825,9.5e-06
Ir05,22.097047500000002,7.5e-06
Ir05,22.159912500000004,6.833333333333334e-06
Ir05,22.2227775,2.333333333333333e-06
Ir05,22.2856425,2.5e-06
Ir05,22.348507500000004,1e-06
Ir05,22.4113725,1.3333333333333334e-06
Ir05,22.4742375,8.333333333333333e-07
Ir05,22.537102500000003,1.6666666666666668e-07
Ir05,22.5999675,5e-07
Ir05,22.6628325,1.6666666666666668e-07
Ir05,22.725697500000003,0.0
Ir05,22.7885625,1.6666666666666668e-07
Cu05,14.176057500000002,2.5e-07
Cu05,14.238922500000001,0.0
Cu05,14.3017875,2.5e-07
Cu05,14.364652500000002,5e-07
Cu05,14.4275175,2e-06
Cu05,14.4903825,7.5e-07
Cu05,14.553247500000001,2.5e-06
Cu05,14.6161125,2.25e-06
Cu05,14.678977500000002,4.75e-06
Cu05,14.7418425,3.5e-06
Cu05,14.804707500000001,7e-06
Cu05,14.867572500000001,7e-06
Cu05,14.9304375,1.2e-05
Cu05,14.993302500000002,1.35e-05
Cu05,15.0561675,2.175e-05
Cu05,15.119032500000001,2.275e-05
Cu05,15.181897500000002,3.825e-05
Cu05,15.2447625,4.675e-05
Cu05,15.307627500000002,6.1e-05
Cu05,15.370492500000001,7.6e-05
Cu05,15.4333575,0.00011025
Cu05,15.496222500000002,0.00014
Cu05,15.5590875,0.00017675
Cu05,15.621952500000003,0.00021425
Cu05,15.684817500000001,0.000277
Cu05,15.7476825,0.000366
Cu05,15.810547500000002,0.000448
Cu05,15.8734125,0.00057725
Cu05,15.936277500000001,0.00069325
Cu05,15.999142500000001,0.0008445
Cu05,16.0620075,0.0010375
Cu05,16.124872500000002,0.00128
Cu05,16.1877375,0.00153425
Cu05,16.2506025,0.00185625
Cu05,16.3134675,0.002214
Cu05,16.376332500000004,0.0026575
Cu05,16.4391975,0.003133
Cu05,16.5020625,0.00369675
Cu05,16.564927500000003,0.00437175
Cu05,16.6277925,0.005063
Cu05,16.6906575,0.0058675
Cu05,16.753522500000003,0.00673775
Cu05,16.8163875,0.00771825
Cu05,16.8792525,0.00875375
Cu05,16.942117500000002,0.00995375
Cu05,17.0049825,0.01120525
Cu05,17.0678475,0.01245225
Cu05,17.1307125,0.013843
Cu05,17.193577500000004,0.015313
Cu05,17.2564425,0.01672325
Cu05,17.3193075,0.018288
Cu05,17.382172500000003,0.01980425
Cu05,17.4450375,0.02143775
Cu05,17.5079025,0.02283275
Cu05,17.570767500000002,0.02422375
Cu05,17.6336325,0.025789
Cu05,17.6964975,0.02699225
Cu05,17.7593625,0.02824775
Cu05,17.822227500000004,0.02927975
Cu05,17.8850925,0.03030775
Cu05,17.9479575,0.03093875
Cu05,18.010822500000003,0.031584
Cu05,18.0736875,0.0320085
Cu05,18.1365525,0.03211475
Cu05,18.199417500000003,0.03210325
Cu05,18.2622825,0.0318355
Cu05,18.3251475,0.0314405
Cu05,18.388012500000002,0.03072775
Cu05,18.4508775,0.02991375
Cu05,18.5137425,0.02892775
Cu05,18.5766075,0.027721
Cu05,18.639472500000004,0.026578
Cu05,18.7023375,0.02498425
Cu05,18.7652025,0.02364375
Cu05,18.828067500000003,0.0221865
Cu05,18.8909325,0.020363
Cu05,18.9537975,0.01891225
Cu05,19.016662500000002,0.0173965
Cu05,19.0795275,0.0156095
Cu05,19.1423925,0.01415375
Cu05,19.205257500000002,0.0128545
Cu05,19.268122500000004,0.01132675
Cu05,19.3309875,0.00994425
Cu05,19.3938525,0.008996
Cu05,19.456717500000003,0.0075965
Cu05,19.5195825,0.00659225
Cu05,19.5824475,0.00577
Cu05,19.645312500000003,0.004825
Cu05,19.7081775,0.0040915
Cu05,19.7710425,0.00345175
Cu05,19.833907500000002,0.00285125
Cu05,19.8967725,0.002367
Cu05,19.9596375,0.0019425
Cu05,20.0225025,0.00158875
Cu05,20.085367500000004,0.00128825
Cu05,20.1482325,0.00101775
Cu05,20.2110975,0.00081875
Cu05,20.273962500000003,0.0006495
Cu05,20.336827500000002,0.000493
Cu05,20.3996925,0.0003885
Cu05,20.462557500000003,0.000301
Cu05,20.5254225,0.00023375
Cu05,20.5882875,0.0001845
Cu05,20.651152500000002,0.000131
Cu05,20.714017500000004,9e-05
Cu05,20.7768825,7.975e-05
Cu05,20.8397475,5.4e-05
Cu05,20.902612500000004,3.575e-05
Cu05,20.9654775,3.75e-05
Cu05,21.0283425,2.425e-05
Cu05,21.091207500000003,1.3e-05
Cu05,21.1540725,1.075e-05
Cu05,21.2169375,9.5e-06
Cu05,21.279802500000002,3.5e-06
Cu05,21.3426675,3.75e-06
Cu05,21.4055325,1.5e-06
Cu05,21.468397500000002,2e-06
Cu05,21.531262500000004,1.25e-06
Cu05,21.5941275,2.5e-07
Cu05,21.6569925,7.5e-07
Cu05,21.719857500000003,2.5e-07
Cu05,21.782722500000002,0.0
Cu05,21.8455875,2.5e-07
Ni06,13.3588125,2.5e-07
Ni06,13.421677500000001,0.0
Ni06,13.4845425,5e-07
Ni06,13.547407500000002,5e-07
Ni06,13.6102725,1.75e-06
Ni06,13.673137500000001,1.5e-06
Ni06,13.736002500000001,2e-06
Ni06,13.7988675,2.75e-06
Ni06,13.861732500000002,5.25e-06
Ni06,13.9245975,2.5e-06
Ni06,13.9874625,7e-06
Ni06,14.050327500000002,6e-06
Ni06,14.1131925,1.025e-05
Ni06,14.176057500000002,1.425e-05
Ni06,14.238922500000001,1.95e-05
Ni06,14.3017875,2.025e-05
Ni06,14.364652500000002,3.025e-05
Ni06,14.4275175,4.7e-05
Ni06,14.4903825,5.15e-05
Ni06,14.553247500000001,6.875e-05
Ni06,14.6161125,8.925e-05
Ni06,14.678977500000002,0.00011925
Ni06,14.7418425,0.000155
Ni06,14.804707500000001,0.00018525
Ni06,14.867572500000001,0.000225
Ni06,14.9304375,0.0003
Ni06,14.993302500000002,0.00037625
Ni06,15.0561675,0.00046675
Ni06,15.119032500000001,0.000575
Ni06,15.181897500000002,0.00069225
Ni06,15.2447625,0.00084675
Ni06,15.307627500000002,0.00102825
Ni06,15.370492500000001,0.00123325
Ni06,15.4333575,0.0014995
Ni06,15.496222500000002,0.00179225
Ni06,15.5590875,0.00210625
Ni06,15.621952500000003,0.0025395
Ni06,15.684817500000001,0.00296375
Ni06,15.7476825,0.00349425
Ni06,15.810547500000002,0.0040395
Ni06,15.8734125,0.0047565
Ni06,15.936277500000001,0.00543475
Ni06,15.999142500000001,0.00621625
Ni06,16.0620075,0.007084
Ni06,16.124872500000002,0.00807725
Ni06,16.1877375,0.00907825
Ni06,16.2506025,0.0102645
Ni06,16.3134675,0.01133625
Ni06,16.376332500000004,0.01258875
Ni06,16.4391975,0.01391975
Ni06,16.5020625,0.0153015
Ni06,16.564927500000003,0.0166935
Ni06,16.6277925,0.01797375
Ni06,16.6906575,0.019587
Ni06,16.753522500000003,0.02092575
Ni06,16.8163875,0.02230975
Ni06,16.8792525,0.02353625
Ni06,16.942117500000002,0.02504225
Ni06,17.0049825,0.0261805
Ni06,17.0678475,0.027316
Ni06,17.1307125,0.02820325
Ni06,17.193577500000004,0.0291535
Ni06,17.2564425,0.02975675
Ni06,17.3193075,0.03050925
Ni06,17.382172500000003,0.03079675
Ni06,17.4450375,0.03099675
Ni06,17.5079025,0.030959
Ni06,17.570767500000002,0.03080875
Ni06,17.6336325,0.03042875
Ni06,17.6964975,0.02984925
Ni06,17.7593625,0.02917525
Ni06,17.822227500000004,0.02834475
Ni06,17.8850925,0.027265
Ni06,17.9479575,0.02618275
Ni06,18.010822500000003,0.0247705
Ni06,18.0736875,0.02359275
Ni06,18.1365525,0.02221
Ni06,18.199417500000003,0.02062875
Ni06,18.2622825,0.01916425
Ni06,18.3251475,0.0177215
Ni06,18.388012500000002,0.01630875
Ni06,18.4508775,0.01464275
Ni06,18.5137425,0.013427
Ni06,18.5766075,0.01200175
Ni06,18.639472500000004,0.01069975
Ni06,18.7023375,0.00943325
Ni06,18.7652025,0.00846825
Ni06,18.828067500000003,0.0072935
Ni06,18.8909325,0.006325
Ni06,18.9537975,0.00553075
Ni06,19.016662500000002,0.00464
Ni06,19.0795275,0.0039705
Ni06,19.1423925,0.00335325
Ni06,19.205257500000002,0.0028225
Ni06,19.268122500000004,0.00231875
Ni06,19.3309875,0.0019135
Ni06,19.3938525,0.00160025
Ni06,19.456717500000003,0.00128725
Ni06,19.5195825,0.001046
Ni06,19.5824475,0.00083275
Ni06,19.645312500000003,0.000672
Ni06,19.7081775,0.000524
Ni06,19.7710425,0.00040675
Ni06,19.833907500000002,0.00031
Ni06,19.8967725,0.00025275
Ni06,19.9596375,0.000192
Ni06,20.0225025,0.0001525
Ni06,20.085367500000004,0.00010375
Ni06,20.1482325,8.3e-05
Ni06,20.2110975,6.275e-05
Ni06,20.273962500000003,3.875e-05
Ni06,20.336827500000002,3.625e-05
Ni06,20.3996925,3.1e-05
Ni06,20.462557500000003,1.9e-05
Ni06,20.5254225,1.225e-05
Ni06,20.5882875,1.025e-05
Ni06,20.651152500000002,6.75e-06
Ni06,20.714017500000004,3.25e-06
Ni06,20.7768825,2.5e-06
Ni06,20.8397475,2e-06
Ni06,20.902612500000004,1e-06
Ni06,20.9654775,1.25e-06
Ni06,21.0283425,2.5e-07
Ni06,21.091207500000003,7.5e-07
Ni06,21.1540725,2.5e-07
Ni06,21.2169375,0.0
Ni06,21.279802500000002,2.5e-07
Ir06,11.975782500000001,1.4285714285714285e-07
Ir06,12.0386475,0.0
Ir06,12.101512500000002,0.0
Ir06,12.1643775,4.2857142857142857e-07
Ir06,12.227242500000001,4.2857142857142857e-07
Ir06,12.290107500000001,7.142857142857143e-07
Ir06,12.3529725,1.2857142857142858e-06
Ir06,12.415837500000002,1.1428571428571428e-06
Ir06,12.4787025,2e-06
Ir06,12.5415675,2.2857142857142856e-06
Ir06,12.604432500000001,2.4285714285714284e-06
Ir06,12.6672975,3.857142857142857e-06
Ir06,12.730162500000002,3.857142857142857e-06
Ir06,12.7930275,5.857142857142857e-06
Ir06,12.8558925,7.571428571428571e-06
Ir06,12.918757500000002,1.1e-05
Ir06,12.9816225,1.2285714285714286e-05
Ir06,13.0444875,1.6e-05
Ir06,13.107352500000001,2.385714285714286e-05
Ir06,13.1702175,3.042857142857143e-05
Ir06,13.233082500000002,3.3857142857142854e-05
Ir06,13.2959475,4.6e-05
Ir06,13.3588125,6.4e-05
Ir06,13.421677500000001,7.914285714285715e-05
Ir06,13.4845425,9.7e-05
Ir06,13.547407500000002,0.0001237142857142857
Ir06,13.6102725,0.00015014285714285715
Ir06,13.673137500000001,0.00018557142857142858
Ir06,13.736002500000001,0.00023457142857142858
Ir06,13.7988675,0.00029585714285714285
Ir06,13.861732500000002,0.000354
Ir06,13.9245975,0.0004352857142857143
Ir06,13.9874625,0.0005178571428571428
Ir06,14.050327500000002,0.000629
Ir06,14.1131925,0.000766
Ir06,14.176057500000002,0.000901
Ir06,14.238922500000001,0.0010754285714285714
Ir06,14.3017875,0.0012872857142857143
Ir06,14.364652500000002,0.0015158571428571428
Ir06,14.4275175,0.0018017142857142856
Ir06,14.4903825,0.0021045714285714287
Ir06,14.553247500000001,0.0024582857142857145
Ir06,14.6161125,0.0028367142857142857
Ir06,14.678977500000002,0.0033115714285714285
Ir06,14.7418425,0.003804714285714286
Ir06,14.804707500000001,0.004344285714285715
Ir06,14.867572500000001,0.004916
Ir06,14.9304375,0.005637857142857143
Ir06,14.993302500000002,0.006340857142857143
Ir06,15.0561675,0.007147857142857142
Ir06,15.119032500000001,0.007975285714285714
Ir06,15.181897500000002,0.008848571428571428
Ir06,15.2447625,0.009826285714285714
Ir06,15.307627500000002,0.010842142857142857
Ir06,15.370492500000001,0.011845
Ir06,15.4333575,0.013002714285714286
Ir06,15.496222500000002,0.014187571428571428
Ir06,15.5590875,0.015271857142857143
Ir06,15.621952500000003,0.016508714285714286
Ir06,15.684817500000001,0.01769314285714286
Ir06,15.7476825,0.018851285714285713
Ir06,15.810547500000002,0.020075714285714287
Ir06,15.8734125,0.02120985714285714
Ir06,15.936277500000001,0.022312571428571428
Ir06,15.999142500000001,0.023376428571428572
Ir06,16.0620075,0.024297
Ir06,16.124872500000002,0.025252285714285713
Ir06,16.1877375,0.02608057142857143
Ir06,16.2506025,0.026728857142857144
Ir06,16.3134675,0.02735057142857143
Ir06,16.376332500000004,0.027854285714285713
Ir06,16.4391975,0.028084
Ir06,16.5020625,0.02833957142857143
Ir06,16.564927500000003,0.02846857142857143
Ir06,16.6277925,0.02823257142857143
Ir06,16.6906575,0.028106
Ir06,16.753522500000003,0.027766
Ir06,16.8163875,0.027228
Ir06,16.8792525,0.026557857142857143
Ir06,16.942117500000002,0.025903
Ir06,17.0049825,0.025034285714285714
Ir06,17.0678475,0.024021142857142855
Ir06,17.1307125,0.023020285714285715
Ir06,17.193577500000004,0.021955285714285715
Ir06,17.2564425,0.02064842857142857
Ir06,17.3193075,0.019511428571428572
Ir06,17.382172500000003,0.018325714285714285
Ir06,17.4450375,0.016913714285714285
Ir06,17.5079025,0.01574057142857143
Ir06,17.570767500000002,0.014514857142857144
Ir06,17.6336325,0.01314942857142857
Ir06,17.6964975,0.012052285714285715
Ir06,17.7593625,0.010997285714285715
Ir06,17.822227500000004,0.009713857142857142
Ir06,17.8850925,0.00876157142857143
Ir06,17.9479575,0.007881857142857144
Ir06,18.010822500000003,0.006818285714285714
Ir06,18.0736875,0.006053142857142857
Ir06,18.1365525,0.005328428571428572
Ir06,18.199417500000003,0.004535857142857143
Ir06,18.2622825,0.003909285714285714
Ir06,18.3251475,0.003409857142857143
Ir06,18.388012500000002,0.002828
Ir06,18.4508775,0.0024142857142857143
Ir06,18.5137425,0.002031
Ir06,18.5766075,0.0016651428571428572
Ir06,18.639472500000004,0.0013934285714285715
Ir06,18.7023375,0.001151142857142857
Ir06,18.7652025,0.0009294285714285714
Ir06,18.828067500000003,0.0007775714285714286
Ir06,18.8909325,0.0006147142857142857
Ir06,18.9537975,0.000487
Ir06,19.016662500000002,0.00039642857142857145
Ir06,19.0795275,0.00030357142857142855
Ir06,19.1423925,0.00023442857142857144
Ir06,19.205257500000002,0.0001902857142857143
Ir06,19.268122500000004,0.000144
Ir06,19.3309875,0.00011214285714285714
Ir06,19.3938525,8.442857142857142e-05
Ir06,19.456717500000003,6.114285714285714e-05
Ir06,19.5195825,4.928571428571428e-05
Ir06,19.5824475,3.557142857142857e-05
Ir06,19.645312500000003,2.8857142857142858e-05
Ir06,19.7081775,2.157142857142857e-05
Ir06,19.7710425,1.6e-05
Ir06,19.833907500000002,1.1857142857142857e-05
Ir06,19.8967725,6e-06
Ir06,19.9596375,7.142857142857143e-06
Ir06,20.0225025,3.2857142857142857e-06
Ir06,20.085367500000004,2.2857142857142856e-06
Ir06,20.1482325,1.7142857142857143e-06
Ir06,20.2110975,8.571428571428571e-07
Ir06,20.273962500000003,8.571428571428571e-07
Ir06,20.336827500000002,7.142857142857143e-07
Ir06,20.3996925,4.2857142857142857e-07
Ir06,20.462557500000003,2.857142857142857e-07
Ir06,20.5254225,0.0
Ir06,20.5882875,1.4285714285714285e-07
Ir06,20.651152500000002,1.4285714285714285e-07
Cu06,11.095672500000001,2e-07
Cu06,11.158537500000001,0.0
Cu06,11.2214025,2e-07
Cu06,11.284267500000002,4e-07
Cu06,11.3471325,4e-07
Cu06,11.4099975,1.2e-06
Cu06,11.472862500000002,1.4e-06
Cu06,11.5357275,1.8e-06
Cu06,11.598592500000002,2.8e-06
Cu06,11.661457500000001,2.4e-06
Cu06,11.7243225,4.6e-06
Cu06,11.787187500000002,3.6e-06
Cu06,11.8500525,5.6e-06
Cu06,11.9129175,7.6e-06
Cu06,11.975782500000001,7.8e-06
Cu06,12.0386475,1.32e-05
Cu06,12.101512500000002,1.56e-05
Cu06,12.1643775,1.86e-05
Cu06,12.227242500000001,2.48e-05
Cu06,12.290107500000001,3.48e-05
Cu06,12.3529725,4.46e-05
Cu06,12.415837500000002,5.02e-05
Cu06,12.4787025,6.66e-05
Cu06,12.5415675,9.02e-05
Cu06,12.604432500000001,0.0001066
Cu06,12.6672975,0.0001366
Cu06,12.730162500000002,0.0001676
Cu06,12.7930275,0.0002038
Cu06,12.8558925,0.0002522
Cu06,12.918757500000002,0.000318
Cu06,12.9816225,0.0003844
Cu06,13.0444875,0.0004686
Cu06,13.107352500000001,0.0005822
Cu06,13.1702175,0.0006706
Cu06,13.233082500000002,0.000809
Cu06,13.2959475,0.0009846
Cu06,13.3588125,0.001147
Cu06,13.421677500000001,0.0013582
Cu06,13.4845425,0.0016298
Cu06,13.547407500000002,0.001901
Cu06,13.6102725,0.002217
Cu06,13.673137500000001,0.002591
Cu06,13.736002500000001,0.003029
Cu06,13.7988675,0.0034876
Cu06,13.861732500000002,0.0039872
Cu06,13.9245975,0.004621
Cu06,13.9874625,0.0052162
Cu06,14.050327500000002,0.0059258
Cu06,14.1131925,0.0067044
Cu06,14.176057500000002,0.0075618
Cu06,14.238922500000001,0.0084426
Cu06,14.3017875,0.0094246
Cu06,14.364652500000002,0.0104614
Cu06,14.4275175,0.01142
Cu06,14.4903825,0.0126524
Cu06,14.553247500000001,0.0138146
Cu06,14.6161125,0.0148768
Cu06,14.678977500000002,0.0162844
Cu06,14.7418425,0.0174534
Cu06,14.804707500000001,0.0186698
Cu06,14.867572500000001,0.0200136
Cu06,14.9304375,0.021148
Cu06,14.993302500000002,0.022315
Cu06,15.0561675,0.0235454
Cu06,15.119032500000001,0.0245148
Cu06,15.181897500000002,0.0255358
Cu06,15.2447625,0.0264402
Cu06,15.307627500000002,0.0272118
Cu06,15.370492500000001,0.0279042
Cu06,15.4333575,0.0283652
Cu06,15.496222500000002,0.0288388
Cu06,15.5590875,0.0291102
Cu06,15.621952500000003,0.0290806
Cu06,15.684817500000001,0.0290888
Cu06,15.7476825,0.0287822
Cu06,15.810547500000002,0.0284712
Cu06,15.8734125,0.0279978
Cu06,15.936277500000001,0.0271896
Cu06,15.999142500000001,0.0264216
Cu06,16.0620075,0.0255618
Cu06,16.124872500000002,0.0245134
Cu06,16.1877375,0.0233924
Cu06,16.2506025,0.0222796
Cu06,16.3134675,0.0209792
Cu06,16.376332500000004,0.0196386
Cu06,16.4391975,0.01841
Cu06,16.5020625,0.0170896
Cu06,16.564927500000003,0.0156846
Cu06,16.6277925,0.0144466
Cu06,16.6906575,0.0132176
Cu06,16.753522500000003,0.0118862
Cu06,16.8163875,0.0108306
Cu06,16.8792525,0.0096864
Cu06,16.942117500000002,0.008544
Cu06,17.0049825,0.0076136
Cu06,17.0678475,0.0067172
Cu06,17.1307125,0.0057858
Cu06,17.193577500000004,0.005102
Cu06,17.2564425,0.0044066
Cu06,17.3193075,0.0037276
Cu06,17.382172500000003,0.0031906
Cu06,17.4450375,0.0027
Cu06,17.5079025,0.002264
Cu06,17.570767500000002,0.0018902
Cu06,17.6336325,0.0015946
Cu06,17.6964975,0.0012948
Cu06,17.7593625,0.0010748
Cu06,17.822227500000004,0.0008748
Cu06,17.8850925,0.0007008
Cu06,17.9479575,0.0005534
Cu06,18.010822500000003,0.0004476
Cu06,18.0736875,0.0003496
Cu06,18.1365525,0.0002826
Cu06,18.199417500000003,0.000226
Cu06,18.2622825,0.0001626
Cu06,18.3251475,0.0001404
Cu06,18.388012500000002,9.84e-05
Cu06,18.4508775,7.36e-05
Cu06,18.5137425,6.3e-05
Cu06,18.5766075,4.02e-05
Cu06,18.639472500000004,3.72e-05
Cu06,18.7023375,2.64e-05
Cu06,18.7652025,2.2e-05
Cu06,18.828067500000003,1.34e-05
Cu06,18.8909325,7.8e-06
Cu06,18.9537975,8.8e-06
Cu06,19.016662500000002,3.6e-06
Cu06,19.0795275,3.6e-06
Cu06,19.1423925,2.4e-06
Cu06,19.205257500000002,1.2e-06
Cu06,19.268122500000004,1.2e-06
Cu06,19.3309875,8e-07
Cu06,19.3938525,8e-07
Cu06,19.456717500000003,2e-07
Cu06,19.5195825,0.0
Cu06,19.5824475,2e-07
Cu06,19.645312500000003,2e-07
Ni07,10.0898325,1.6666666666666668e-07
Ni07,10.152697500000002,0.0
Ni07,10.2155625,1.6666666666666668e-07
Ni07,10.2784275,5e-07
Ni07,10.341292500000002,3.3333333333333335e-07
Ni07,10.4041575,8.333333333333333e-07
Ni07,10.4670225,1.5e-06
Ni07,10.529887500000001,1.3333333333333334e-06
Ni07,10.5927525,2.1666666666666665e-06
Ni07,10.655617500000002,2.1666666666666665e-06
Ni07,10.7184825,4e-06
Ni07,10.7813475,2.333333333333333e-06
Ni07,10.844212500000001,5e-06
Ni07,10.9070775,6.833333333333334e-06
Ni07,10.969942500000002,4.166666666666667e-06
Ni07,11.0328075,1.0333333333333333e-05
Ni07,11.095672500000001,1.2666666666666667e-05
Ni07,11.158537500000001,1.35e-05
Ni07,11.2214025,1.7333333333333332e-05
Ni07,11.284267500000002,2.4333333333333333e-05
Ni07,11.3471325,3.1e-05
Ni07,11.4099975,3.8e-05
Ni07,11.472862500000002,4.8333333333333334e-05
Ni07,11.5357275,5.833333333333333e-05
Ni07,11.598592500000002,7.666666666666667e-05
Ni07,11.661457500000001,9.4e-05
Ni07,11.7243225,0.0001135
Ni07,11.787187500000002,0.00014
Ni07,11.8500525,0.00017466666666666667
Ni07,11.9129175,0.00020616666666666667
Ni07,11.975782500000001,0.0002593333333333333
Ni07,12.0386475,0.00031683333333333335
Ni07,12.101512500000002,0.0003741666666666667
Ni07,12.1643775,0.0004626666666666667
Ni07,12.227242500000001,0.000554
Ni07,12.290107500000001,0.0006371666666666666
Ni07,12.3529725,0.0007748333333333333
Ni07,12.415837500000002,0.0009263333333333334
Ni07,12.4787025,0.0010545
Ni07,12.5415675,0.0012758333333333332
Ni07,12.604432500000001,0.0014936666666666666
Ni07,12.6672975,0.0017211666666666666
Ni07,12.730162500000002,0.0020245
Ni07,12.7930275,0.0023268333333333335
Ni07,12.8558925,0.0026975
Ni07,12.918757500000002,0.0031218333333333332
Ni07,12.9816225,0.003546
Ni07,13.0444875,0.004064
Ni07,13.107352500000001,0.004633
Ni07,13.1702175,0.005212166666666667
Ni07,13.233082500000002,0.005840833333333333
Ni07,13.2959475,0.006599666666666667
Ni07,13.3588125,0.0073685
Ni07,13.421677500000001,0.008182666666666666
Ni07,13.4845425,0.009148
Ni07,13.547407500000002,0.009984
Ni07,13.6102725,0.010999
Ni07,13.673137500000001,0.012042333333333334
Ni07,13.736002500000001,0.013033166666666667
Ni07,13.7988675,0.014264333333333334
Ni07,13.861732500000002,0.0152605
Ni07,13.9245975,0.016419333333333334
Ni07,13.9874625,0.017686666666666667
Ni07,14.050327500000002,0.018669333333333333
Ni07,14.1131925,0.019878666666666666
Ni07,14.176057500000002,0.021040333333333334
Ni07,14.238922500000001,0.021946833333333332
Ni07,14.3017875,0.023105166666666666
Ni07,14.364652500000002,0.023990833333333333
Ni07,14.4275175,0.024815833333333332
Ni07,14.4903825,0.025695
Ni07,14.553247500000001,0.02628
Ni07,14.6161125,0.0269105
Ni07,14.678977500000002,0.027451
Ni07,14.7418425,0.02767966666666667
Ni07,14.804707500000001,0.027925333333333333
Ni07,14.867572500000001,0.027993666666666667
Ni07,14.9304375,0.027831
Ni07,14.993302500000002,0.027626
Ni07,15.0561675,0.0273285
Ni07,15.119032500000001,0.026836833333333334
Ni07,15.181897500000002,0.026183833333333333
Ni07,15.2447625,0.025504333333333334
Ni07,15.307627500000002,0.024608166666666667
Ni07,15.370492500000001,0.023755833333333334
Ni07,15.4333575,0.022694333333333334
Ni07,15.496222500000002,0.021676
Ni07,15.5590875,0.020551333333333335
Ni07,15.621952500000003,0.019236333333333334
Ni07,15.684817500000001,0.018204666666666668
Ni07,15.7476825,0.0168995
Ni07,15.810547500000002,0.0156675
Ni07,15.8734125,0.014481666666666667
Ni07,15.936277500000001,0.0132665
Ni07,15.999142500000001,0.012142833333333334
Ni07,16.0620075,0.010977833333333332
Ni07,16.124872500000002,0.009990833333333332
Ni07,16.1877375,0.0089135
Ni07,16.2506025,0.007937333333333333
Ni07,16.3134675,0.007041833333333333
Ni07,16.376332500000004,0.006282333333333333
Ni07,16.4391975,0.0054015
Ni07,16.5020625,0.004796333333333333
Ni07,16.564927500000003,0.004114833333333333
Ni07,16.6277925,0.0035413333333333334
Ni07,16.6906575,0.0030356666666666665
Ni07,16.753522500000003,0.00258
Ni07,16.8163875,0.002174
Ni07,16.8792525,0.001824
Ni07,16.942117500000002,0.0015481666666666667
Ni07,17.0049825,0.0012705
Ni07,17.0678475,0.001052
Ni07,17.1307125,0.0008691666666666666
Ni07,17.193577500000004,0.0006955
Ni07,17.2564425,0.0005698333333333333
Ni07,17.3193075,0.0004495
Ni07,17.382172500000003,0.00036933333333333333
Ni07,17.4450375,0.000285
Ni07,17.5079025,0.000232
Ni07,17.570767500000002,0.000183
Ni07,17.6336325,0.00014066666666666668
Ni07,17.6964975,0.00010533333333333334
Ni07,17.7593625,8.55e-05
Ni07,17.822227500000004,5.9833333333333335e-05
Ni07,17.8850925,5.35e-05
Ni07,17.9479575,3.45e-05
Ni07,18.010822500000003,3.2166666666666665e-05
Ni07,18.0736875,2.35e-05
Ni07,18.1365525,1.7666666666666668e-05
Ni07,18.199417500000003,1.1666666666666666e-05
Ni07,18.2622825,7e-06
Ni07,18.3251475,7.5e-06
Ni07,18.388012500000002,3.1666666666666667e-06
Ni07,18.4508775,3.1666666666666667e-06
Ni07,18.5137425,2.1666666666666665e-06
Ni07,18.5766075,1.1666666666666666e-06
Ni07,18.639472500000004,1e-06
Ni07,18.7023375,6.666666666666667e-07
Ni07,18.7652025,5e-07
Ni07,18.828067500000003,3.3333333333333335e-07
Ni07,18.8909325,1.6666666666666668e-07
Ni07,18.9537975,1.6666666666666668e-07
Ni07,19.016662500000002,1.6666666666666668e-07
Ir07,8.392477500000002,1.1111111111111111e-07
Ir07,8.4553425,0.0
Ir07,8.518207499999999,0.0
Ir07,8.581072500000001,2.2222222222222222e-07
Ir07,8.6439375,2.2222222222222222e-07
Ir07,8.706802500000002,2.2222222222222222e-07
Ir07,8.7696675,6.666666666666667e-07
Ir07,8.8325325,1e-06
Ir07,8.895397500000001,5.555555555555555e-07
Ir07,8.9582625,1.2222222222222221e-06
Ir07,9.0211275,1.3333333333333334e-06
Ir07,9.0839925,1.8888888888888888e-06
Ir07,9.1468575,2.111111111111111e-06
Ir07,9.209722500000002,2e-06
Ir07,9.2725875,3.3333333333333333e-06
Ir07,9.3354525,3.888888888888889e-06
Ir07,9.398317500000001,3e-06
Ir07,9.4611825,6.5555555555555556e-06
Ir07,9.524047500000002,7.777777777777777e-06
Ir07,9.5869125,7.777777777777777e-06
Ir07,9.6497775,1.1333333333333334e-05
Ir07,9.712642500000001,1.3e-05
Ir07,9.7755075,1.8333333333333333e-05
Ir07,9.838372500000002,2.2222222222222223e-05
Ir07,9.9012375,2.4555555555555557e-05
Ir07,9.9641025,3.266666666666666e-05
Ir07,10.026967500000001,3.8e-05
Ir07,10.0898325,5.144444444444445e-05
Ir07,10.152697500000002,6.0777777777777775e-05
Ir07,10.2155625,7.11111111111111e-05
Ir07,10.2784275,9.055555555555556e-05
Ir07,10.341292500000002,0.00010688888888888888
Ir07,10.4041575,0.00012355555555555554
Ir07,10.4670225,0.00015922222222222222
Ir07,10.529887500000001,0.0001838888888888889
Ir07,10.5927525,0.00021788888888888888
Ir07,10.655617500000002,0.0002732222222222222
Ir07,10.7184825,0.00031833333333333334
Ir07,10.7813475,0.0003658888888888889
Ir07,10.844212500000001,0.00044177777777777775
Ir07,10.9070775,0.0005135555555555555
Ir07,10.969942500000002,0.0005962222222222223
Ir07,11.0328075,0.0007033333333333334
Ir07,11.095672500000001,0.0008183333333333333
Ir07,11.158537500000001,0.000952
Ir07,11.2214025,0.0011075555555555556
Ir07,11.284267500000002,0.0012675555555555556
Ir07,11.3471325,0.0014744444444444445
Ir07,11.4099975,0.0016886666666666667
Ir07,11.472862500000002,0.0019338888888888889
Ir07,11.5357275,0.0022028888888888888
Ir07,11.598592500000002,0.0025207777777777776
Ir07,11.661457500000001,0.0028545555555555555
Ir07,11.7243225,0.0032173333333333333
Ir07,11.787187500000002,0.0036246666666666667
Ir07,11.8500525,0.004069444444444444
Ir07,11.9129175,0.004531888888888889
Ir07,11.975782500000001,0.005058
Ir07,12.0386475,0.005639111111111111
Ir07,12.101512500000002,0.006243
Ir07,12.1643775,0.0068586666666666666
Ir07,12.227242500000001,0.0075198888888888885
Ir07,12.290107500000001,0.008300777777777778
Ir07,12.3529725,0.008999
Ir07,12.415837500000002,0.009836111111111111
Ir07,12.4787025,0.010661666666666667
Ir07,12.5415675,0.011436444444444445
Ir07,12.604432500000001,0.012414
Ir07,12.6672975,0.013352666666666667
Ir07,12.730162500000002,0.014138222222222222
Ir07,12.7930275,0.015207333333333333
Ir07,12.8558925,0.016058
Ir07,12.918757500000002,0.016939555555555555
Ir07,12.9816225,0.017971666666666667
Ir07,13.0444875,0.018761666666666666
Ir07,13.107352500000001,0.019723777777777778
Ir07,13.1702175,0.020543333333333334
Ir07,13.233082500000002,0.021228
Ir07,13.2959475,0.02206011111111111
Ir07,13.3588125,0.022720444444444446
Ir07,13.421677500000001,0.023298555555555555
Ir07,13.4845425,0.023906888888888887
Ir07,13.547407500000002,0.02425977777777778
Ir07,13.6102725,0.024668333333333334
Ir07,13.673137500000001,0.02501
Ir07,13.736002500000001,0.02507788888888889
Ir07,13.7988675,0.025269666666666666
Ir07,13.861732500000002,0.02517877777777778
Ir07,13.9245975,0.025105444444444444
Ir07,13.9874625,0.024869555555555554
Ir07,14.050327500000002,0.024539333333333333
Ir07,14.1131925,0.024145666666666666
Ir07,14.176057500000002,0.023631555555555555
Ir07,14.238922500000001,0.02310111111111111
Ir07,14.3017875,0.02240811111111111
Ir07,14.364652500000002,0.021645444444444443
Ir07,14.4275175,0.020893
Ir07,14.4903825,0.019994111111111112
Ir07,14.553247500000001,0.019130444444444443
Ir07,14.6161125,0.01813277777777778
Ir07,14.678977500000002,0.017158333333333334
Ir07,14.7418425,0.016246444444444445
Ir07,14.804707500000001,0.015153333333333333
Ir07,14.867572500000001,0.014150777777777778
Ir07,14.9304375,0.01316011111111111
Ir07,14.993302500000002,0.012131333333333333
Ir07,15.0561675,0.011235
Ir07,15.119032500000001,0.010242333333333334
Ir07,15.181897500000002,0.009383666666666667
Ir07,15.2447625,0.008478222222222222
Ir07,15.307627500000002,0.007684111111111111
Ir07,15.370492500000001,0.006923444444444445
Ir07,15.4333575,0.006162
Ir07,15.496222500000002,0.005485777777777778
Ir07,15.5590875,0.004836555555555556
Ir07,15.621952500000003,0.004303111111111111
Ir07,15.684817500000001,0.003710666666666667
Ir07,15.7476825,0.0032825555555555555
Ir07,15.810547500000002,0.002817333333333333
Ir07,15.8734125,0.002418111111111111
Ir07,15.936277500000001,0.002087777777777778
Ir07,15.999142500000001,0.001763
Ir07,16.0620075,0.0014997777777777778
Ir07,16.124872500000002,0.0012604444444444445
Ir07,16.1877375,0.0010664444444444445
Ir07,16.2506025,0.0008862222222222223
Ir07,16.3134675,0.0007325555555555555
Ir07,16.376332500000004,0.0006094444444444445
Ir07,16.4391975,0.0004945555555555556
Ir07,16.5020625,0.00041055555555555555
Ir07,16.564927500000003,0.0003173333333333333
Ir07,16.6277925,0.0002651111111111111
Ir07,16.6906575,0.00020555555555555556
Ir07,16.753522500000003,0.00016888888888888889
Ir07,16.8163875,0.0001321111111111111
Ir07,16.8792525,0.00010533333333333334
Ir07,16.942117500000002,8.11111111111111e-05
Ir07,17.0049825,6.4e-05
Ir07,17.0678475,4.7e-05
Ir07,17.1307125,3.7555555555555554e-05
Ir07,17.193577500000004,3.0888888888888886e-05
Ir07,17.2564425,2.0333333333333334e-05
Ir07,17.3193075,2.088888888888889e-05
Ir07,17.382172500000003,1.211111111111111e-05
Ir07,17.4450375,1.0777777777777778e-05
Ir07,17.5079025,6.222222222222222e-06
Ir07,17.570767500000002,5.2222222222222226e-06
Ir07,17.6336325,4.222222222222222e-06
Ir07,17.6964975,1.8888888888888888e-06
Ir07,17.7593625,1.5555555555555556e-06
Ir07,17.822227500000004,1.4444444444444445e-06
Ir07,17.8850925,7.777777777777778e-07
Ir07,17.9479575,6.666666666666667e-07
Ir07,18.010822500000003,4.4444444444444444e-07
Ir07,18.0736875,3.3333333333333335e-07
Ir07,18.1365525,2.2222222222222222e-07
Ir07,18.199417500000003,1.1111111111111111e-07
Ir07,18.2622825,1.1111111111111111e-07
Ir07,18.3251475,1.1111111111111111e-07
Ir07,18.388012500000002,0.0
Cu07,7.2609075,1.4285714285714285e-07
Cu07,7.3237725000000005,0.0
Cu07,7.386637500000001,0.0
Cu07,7.4495025,2.857142857142857e-07
Cu07,7.512367500000001,2.857142857142857e-07
Cu07,7.5752325,2.857142857142857e-07
Cu07,7.638097500000001,1e-06
Cu07,7.700962500000001,7.142857142857143e-07
Cu07,7.7638275000000005,1.1428571428571428e-06
Cu07,7.8266925,1.4285714285714286e-06
Cu07,7.8895575000000004,1.5714285714285714e-06
Cu07,7.952422500000001,1.857142857142857e-06
Cu07,8.0152875,3.5714285714285714e-06
Cu07,8.078152500000002,1.857142857142857e-06
Cu07,8.1410175,3.5714285714285714e-06
Cu07,8.2038825,5.142857142857143e-06
Cu07,8.266747500000001,4e-06
Cu07,8.3296125,5.428571428571429e-06
Cu07,8.392477500000002,8.571428571428571e-06
Cu07,8.4553425,8.285714285714285e-06
Cu07,8.518207499999999,1.1285714285714285e-05
Cu07,8.581072500000001,1.3714285714285714e-05
Cu07,8.6439375,1.5857142857142857e-05
Cu07,8.706802500000002,2.1e-05
Cu07,8.7696675,2.6e-05
Cu07,8.8325325,3.1285714285714285e-05
Cu07,8.895397500000001,3.5857142857142856e-05
Cu07,8.9582625,4.8e-05
Cu07,9.0211275,5.1142857142857145e-05
Cu07,9.0839925,6.914285714285715e-05
Cu07,9.1468575,8.357142857142857e-05
Cu07,9.209722500000002,9.9e-05
Cu07,9.2725875,0.00011614285714285714
Cu07,9.3354525,0.00014185714285714287
Cu07,9.398317500000001,0.000164
Cu07,9.4611825,0.00019571428571428572
Cu07,9.524047500000002,0.00023714285714285715
Cu07,9.5869125,0.0002748571428571429
Cu07,9.6497775,0.000332
Cu07,9.712642500000001,0.0003987142857142857
Cu07,9.7755075,0.0004587142857142857
Cu07,9.838372500000002,0.0005307142857142857
Cu07,9.9012375,0.0006217142857142857
Cu07,9.9641025,0.0007112857142857143
Cu07,10.026967500000001,0.000839
Cu07,10.0898325,0.0009632857142857143
Cu07,10.152697500000002,0.001111
Cu07,10.2155625,0.0012765714285714286
Cu07,10.2784275,0.001466
Cu07,10.341292500000002,0.00169
Cu07,10.4041575,0.001930142857142857
Cu07,10.4670225,0.0021852857142857143
Cu07,10.529887500000001,0.0024805714285714288
Cu07,10.5927525,0.0028208571428571427
Cu07,10.655617500000002,0.0031875714285714285
Cu07,10.7184825,0.0035802857142857142
Cu07,10.7813475,0.004011714285714286
Cu07,10.844212500000001,0.004495285714285715
Cu07,10.9070775,0.0049944285714285715
Cu07,10.969942500000002,0.005543857142857143
Cu07,11.0328075,0.006156
Cu07,11.095672500000001,0.006782714285714286
Cu07,11.158537500000001,0.007505428571428572
Cu07,11.2214025,0.008218714285714286
Cu07,11.284267500000002,0.008951571428571429
Cu07,11.3471325,0.009759285714285715
Cu07,11.4099975,0.010599142857142857
Cu07,11.472862500000002,0.011395857142857143
Cu07,11.5357275,0.012321285714285713
Cu07,11.598592500000002,0.013283714285714286
Cu07,11.661457500000001,0.014121142857142856
Cu07,11.7243225,0.015079571428571428
Cu07,11.787187500000002,0.016110714285714287
Cu07,11.8500525,0.01696114285714286
Cu07,11.9129175,0.017972285714285715
Cu07,11.975782500000001,0.018812285714285715
Cu07,12.0386475,0.019782142857142856
Cu07,12.101512500000002,0.020605857142857145
Cu07,12.1643775,0.021342857142857143
Cu07,12.227242500000001,0.02220314285714286
Cu07,12.290107500000001,0.022801571428571428
Cu07,12.3529725,0.02360442857142857
Cu07,12.415837500000002,0.024004571428571427
Cu07,12.4787025,0.024627285714285713
Cu07,12.5415675,0.024925285714285716
Cu07,12.604432500000001,0.025211285714285714
Cu07,12.6672975,0.025475714285714286
Cu07,12.730162500000002,0.02541042857142857
Cu07,12.7930275,0.02557342857142857
Cu07,12.8558925,0.02534542857142857
Cu07,12.918757500000002,0.02511542857142857
Cu07,12.9816225,0.02477585714285714
Cu07,13.0444875,0.024401857142857142
Cu07,13.107352500000001,0.023815142857142858
Cu07,13.1702175,0.023206428571428572
Cu07,13.233082500000002,0.022484714285714285
Cu07,13.2959475,0.021761
Cu07,13.3588125,0.020861428571428572
Cu07,13.421677500000001,0.02005842857142857
Cu07,13.4845425,0.01910142857142857
Cu07,13.547407500000002,0.018086142857142856
Cu07,13.6102725,0.017141857142857143
Cu07,13.673137500000001,0.01603057142857143
Cu07,13.736002500000001,0.015127428571428571
Cu07,13.7988675,0.013942714285714286
Cu07,13.861732500000002,0.013103142857142857
Cu07,13.9245975,0.011948428571428572
Cu07,13.9874625,0.011098142857142857
Cu07,14.050327500000002,0.010080142857142857
Cu07,14.1131925,0.009237571428571428
Cu07,14.176057500000002,0.008310428571428571
Cu07,14.238922500000001,0.007495
Cu07,14.3017875,0.006756428571428571
Cu07,14.364652500000002,0.005972
Cu07,14.4275175,0.005346285714285714
Cu07,14.4903825,0.004678428571428571
Cu07,14.553247500000001,0.004167142857142857
Cu07,14.6161125,0.0036074285714285713
Cu07,14.678977500000002,0.003134714285714286
Cu07,14.7418425,0.002710142857142857
Cu07,14.804707500000001,0.0023285714285714285
Cu07,14.867572500000001,0.001982857142857143
Cu07,14.9304375,0.0017042857142857144
Cu07,14.993302500000002,0.001441
Cu07,15.0561675,0.0012245714285714286
Cu07,15.119032500000001,0.0010234285714285714
Cu07,15.181897500000002,0.0008505714285714286
Cu07,15.2447625,0.0007021428571428571
Cu07,15.307627500000002,0.0005714285714285715
Cu07,15.370492500000001,0.0004717142857142857
Cu07,15.4333575,0.0003762857142857143
Cu07,15.496222500000002,0.0003187142857142857
Cu07,15.5590875,0.0002447142857142857
Cu07,15.621952500000003,0.00021042857142857142
Cu07,15.684817500000001,0.00015742857142857144
Cu07,15.7476825,0.00012957142857142857
Cu07,15.810547500000002,9.971428571428571e-05
Cu07,15.8734125,7.857142857142857e-05
Cu07,15.936277500000001,6.3e-05
Cu07,15.999142500000001,4.814285714285714e-05
Cu07,16.0620075,3.971428571428571e-05
Cu07,16.124872500000002,2.9142857142857142e-05
Cu07,16.1877375,2.6428571428571428e-05
Cu07,16.2506025,1.7e-05
Cu07,16.3134675,1.2857142857142857e-05
Cu07,16.376332500000004,9.571428571428572e-06
Cu07,16.4391975,7.2857142857142855e-06
Cu07,16.5020625,5.428571428571429e-06
Cu07,16.564927500000003,2.5714285714285716e-06
Cu07,16.6277925,2.5714285714285716e-06
Cu07,16.6906575,1.7142857142857143e-06
Cu07,16.753522500000003,1.7142857142857143e-06
Cu07,16.8163875,5.714285714285714e-07
Cu07,16.8792525,1e-06
Cu07,16.942117500000002,1.4285714285714285e-07
Cu07,17.0049825,5.714285714285714e-07
Cu07,17.0678475,1.4285714285714285e-07
Cu07,17.1307125,1.4285714285714285e-07
Cu07,17.193577500000004,1.4285714285714285e-07
Cu07,17.2564425,1.4285714285714285e-07
Ni08,5.8150125,1.25e-07
Ni08,5.8778775,0.0
Ni08,5.940742500000001,0.0
Ni08,6.0036075,0.0
Ni08,6.066472500000001,2.5e-07
Ni08,6.1293375,1.25e-07
Ni08,6.1922025000000005,1.25e-07
Ni08,6.255067500000001,7.5e-07
Ni08,6.3179325,5e-07
Ni08,6.3807975,5e-07
Ni08,6.4436625,1.125e-06
Ni08,6.506527500000001,1.125e-06
Ni08,6.5693925,1e-06
Ni08,6.632257500000001,1.75e-06
Ni08,6.6951225,2.25e-06
Ni08,6.7579875000000005,2e-06
Ni08,6.820852500000001,1.625e-06
Ni08,6.8837175,4.375e-06
Ni08,6.9465825,3.125e-06
Ni08,7.0094475,2.875e-06
Ni08,7.072312500000001,6e-06
Ni08,7.135177500000001,5.875e-06
Ni08,7.198042500000001,5.875e-06
Ni08,7.2609075,9.625e-06
Ni08,7.3237725000000005,1.1e-05
Ni08,7.386637500000001,1.2125e-05
Ni08,7.4495025,1.4e-05
Ni08,7.512367500000001,1.8875e-05
Ni08,7.5752325,2.1875e-05
Ni08,7.638097500000001,2.7e-05
Ni08,7.700962500000001,3.1125e-05
Ni08,7.7638275000000005,3.775e-05
Ni08,7.8266925,4.225e-05
Ni08,7.8895575000000004,5.525e-05
Ni08,7.952422500000001,6.3125e-05
Ni08,8.0152875,7.6125e-05
Ni08,8.078152500000002,9e-05
Ni08,8.1410175,0.000106875
Ni08,8.2038825,0.0001245
Ni08,8.266747500000001,0.000145375
Ni08,8.3296125,0.0001675
Ni08,8.392477500000002,0.00020725
Ni08,8.4553425,0.000230375
Ni08,8.518207499999999,0.000274875
Ni08,8.581072500000001,0.000329
Ni08,8.6439375,0.000375125
Ni08,8.706802500000002,0.000431125
Ni08,8.7696675,0.000497375
Ni08,8.8325325,0.000577625
Ni08,8.895397500000001,0.000657
Ni08,8.9582625,0.000752
Ni08,9.0211275,0.00086175
Ni08,9.0839925,0.000990375
Ni08,9.1468575,0.001125375
Ni08,9.209722500000002,0.00128475
Ni08,9.2725875,0.001455
Ni08,9.3354525,0.00165675
Ni08,9.398317500000001,0.001863
Ni08,9.4611825,0.00210225
Ni08,9.524047500000002,0.002377625
Ni08,9.5869125,0.00266575
Ni08,9.6497775,0.003002125
Ni08,9.712642500000001,0.00332625
Ni08,9.7755075,0.003711625
Ni08,9.838372500000002,0.00411425
Ni08,9.9012375,0.004550125
Ni08,9.9641025,0.005040875
Ni08,10.026967500000001,0.005564875
Ni08,10.0898325,0.0060975
Ni08,10.152697500000002,0.0066835
Ni08,10.2155625,0.00730675
Ni08,10.2784275,0.007976125
Ni08,10.341292500000002,0.008615125
Ni08,10.4041575,0.00934275
Ni08,10.4670225,0.010086875
Ni08,10.529887500000001,0.0108615
Ni08,10.5927525,0.011602
Ni08,10.655617500000002,0.012451
Ni08,10.7184825,0.013274625
Ni08,10.7813475,0.014142125
Ni08,10.844212500000001,0.014950375
Ni08,10.9070775,0.015791875
Ni08,10.969942500000002,0.016640625
Ni08,11.0328075,0.017398375
Ni08,11.095672500000001,0.018359375
Ni08,11.158537500000001,0.0190095
Ni08,11.2214025,0.01983225
Ni08,11.284267500000002,0.020525125
Ni08,11.3471325,0.02113775
Ni08,11.4099975,0.021846875
Ni08,11.472862500000002,0.022397625
Ni08,11.5357275,0.022820375
Ni08,11.598592500000002,0.023252625
Ni08,11.661457500000001,0.023664375
Ni08,11.7243225,0.023894625
Ni08,11.787187500000002,0.0240965
Ni08,11.8500525,0.02413125
Ni08,11.9129175,0.024198875
Ni08,11.975782500000001,0.024052125
Ni08,12.0386475,0.023874375
Ni08,12.101512500000002,0.023623375
Ni08,12.1643775,0.023307125
Ni08,12.227242500000001,0.022789625
Ni08,12.290107500000001,0.022320375
Ni08,12.3529725,0.021667
Ni08,12.415837500000002,0.0211295
Ni08,12.4787025,0.02028525
Ni08,12.5415675,0.01961825
Ni08,12.604432500000001,0.0187445
Ni08,12.6672975,0.017929625
Ni08,12.730162500000002,0.016988875
Ni08,12.7930275,0.0161285
Ni08,12.8558925,0.015149625
Ni08,12.918757500000002,0.0142935
Ni08,12.9816225,0.013289375
Ni08,13.0444875,0.012452375
Ni08,13.107352500000001,0.011464875
Ni08,13.1702175,0.010665375
Ni08,13.233082500000002,0.009725875
Ni08,13.2959475,0.008981375
Ni08,13.3588125,0.00810875
Ni08,13.421677500000001,0.00737375
Ni08,13.4845425,0.0066595
Ni08,13.547407500000002,0.00599025
Ni08,13.6102725,0.005326125
Ni08,13.673137500000001,0.004757
Ni08,13.736002500000001,0.00421025
Ni08,13.7988675,0.003725
Ni08,13.861732500000002,0.003233375
Ni08,13.9245975,0.002838875
Ni08,13.9874625,0.00246125
Ni08,14.050327500000002,0.002125875
Ni08,14.1131925,0.00181625
Ni08,14.176057500000002,0.001569
Ni08,14.238922500000001,0.00133925
Ni08,14.3017875,0.00113725
Ni08,14.364652500000002,0.00095725
Ni08,14.4275175,0.000806
Ni08,14.4903825,0.000668875
Ni08,14.553247500000001,0.00055075
Ni08,14.6161125,0.000451
Ni08,14.678977500000002,0.0003755
Ni08,14.7418425,0.000301
Ni08,14.804707500000001,0.000251375
Ni08,14.867572500000001,0.00020175
Ni08,14.9304375,0.000167125
Ni08,14.993302500000002,0.000129875
Ni08,15.0561675,0.000105375
Ni08,15.119032500000001,8.1e-05
Ni08,15.181897500000002,6.4e-05
Ni08,15.2447625,5.3e-05
Ni08,15.307627500000002,3.825e-05
Ni08,15.370492500000001,3.375e-05
Ni08,15.4333575,2.5625e-05
Ni08,15.496222500000002,2.15e-05
Ni08,15.5590875,1.5125e-05
Ni08,15.621952500000003,1.1125e-05
Ni08,15.684817500000001,8.5e-06
Ni08,15.7476825,6.125e-06
Ni08,15.810547500000002,4.375e-06
Ni08,15.8734125,2.375e-06
Ni08,15.936277500000001,2.125e-06
Ni08,15.999142500000001,2e-06
Ni08,16.0620075,1.125e-06
Ni08,16.124872500000002,7.5e-07
Ni08,16.1877375,7.5e-07
Ni08,16.2506025,3.75e-07
Ni08,16.3134675,5e-07
Ni08,16.376332500000004,0.0
Ni08,16.4391975,2.5e-07
Ni08,16.5020625,0.0
Ni08,16.564927500000003,2.5e-07
Ir08,3.3004125,7.142857142857142e-08
Ir08,3.3632775000000006,0.0
Ir08,3.4261425,0.0
Ir08,3.4890075000000005,0.0
Ir08,3.5518725,7.142857142857142e-08
Ir08,3.6147375000000004,7.142857142857142e-08
Ir08,3.6776025,7.142857142857142e-08
Ir08,3.7404675000000003,1.4285714285714285e-07
Ir08,3.8033325000000007,0.0
Ir08,3.8661975,3.5714285714285716e-07
Ir08,3.9290625000000006,3.5714285714285716e-07
Ir08,3.9919275,7.142857142857142e-08
Ir08,4.0547925000000005,6.428571428571429e-07
Ir08,4.1176575,7.142857142857143e-07
Ir08,4.1805225,2.857142857142857e-07
Ir08,4.243387500000001,5.714285714285714e-07
Ir08,4.3062525,1.2142857142857142e-06
Ir08,4.3691175,7.142857142857143e-07
Ir08,4.4319825,1e-06
Ir08,4.4948475000000006,1.857142857142857e-06
Ir08,4.5577125,8.571428571428571e-07
Ir08,4.6205775000000004,1.2142857142857142e-06
Ir08,4.6834425,2.5714285714285716e-06
Ir08,4.7463075,1.5714285714285714e-06
Ir08,4.809172500000001,1.6428571428571429e-06
Ir08,4.8720375,3.5714285714285714e-06
Ir08,4.9349025,2.1428571428571427e-06
Ir08,4.9977675,3.2857142857142857e-06
Ir08,5.0606325000000005,5.571428571428572e-06
Ir08,5.123497500000001,3.7857142857142856e-06
Ir08,5.1863625,6.142857142857143e-06
Ir08,5.2492275,7.5e-06
Ir08,5.3120925,6.142857142857143e-06
Ir08,5.374957500000001,9.5e-06
Ir08,5.4378225,1.15e-05
Ir08,5.500687500000001,1.2e-05
Ir08,5.5635525,1.557142857142857e-05
Ir08,5.6264175000000005,1.7285714285714287e-05
Ir08,5.689282500000001,1.9e-05
Ir08,5.7521475,2.407142857142857e-05
Ir08,5.8150125,2.5714285714285714e-05
Ir08,5.8778775,3.278571428571429e-05
Ir08,5.940742500000001,3.6785714285714283e-05
Ir08,6.0036075,4.271428571428571e-05
Ir08,6.066472500000001,5.05e-05
Ir08,6.1293375,5.892857142857143e-05
Ir08,6.1922025000000005,6.392857142857143e-05
Ir08,6.255067500000001,7.814285714285714e-05
Ir08,6.3179325,8.357142857142857e-05
Ir08,6.3807975,0.00010114285714285714
Ir08,6.4436625,0.000117
Ir08,6.506527500000001,0.00012942857142857143
Ir08,6.5693925,0.0001507142857142857
Ir08,6.632257500000001,0.00017435714285714285
Ir08,6.6951225,0.00020085714285714287
Ir08,6.7579875000000005,0.00023
Ir08,6.820852500000001,0.00025871428571428573
Ir08,6.8837175,0.00029064285714285715
Ir08,6.9465825,0.0003365714285714286
Ir08,7.0094475,0.00037485714285714287
Ir08,7.072312500000001,0.0004289285714285714
Ir08,7.135177500000001,0.0004782142857142857
Ir08,7.198042500000001,0.0005432142857142858
Ir08,7.2609075,0.0006102857142857143
Ir08,7.3237725000000005,0.0006869285714285714
Ir08,7.386637500000001,0.0007802142857142857
Ir08,7.4495025,0.0008643571428571428
Ir08,7.512367500000001,0.0009787857142857144
Ir08,7.5752325,0.0010951428571428572
Ir08,7.638097500000001,0.0012095714285714286
Ir08,7.700962500000001,0.00137
Ir08,7.7638275000000005,0.001506857142857143
Ir08,7.8266925,0.0016955714285714287
Ir08,7.8895575000000004,0.0018621428571428571
Ir08,7.952422500000001,0.0020807857142857143
Ir08,8.0152875,0.0022895
Ir08,8.078152500000002,0.002527642857142857
Ir08,8.1410175,0.0027815714285714284
Ir08,8.2038825,0.0030512142857142856
Ir08,8.266747500000001,0.0033555
Ir08,8.3296125,0.003663642857142857
Ir08,8.392477500000002,0.0040140714285714285
Ir08,8.4553425,0.004363714285714286
Ir08,8.518207499999999,0.004773642857142857
Ir08,8.581072500000001,0.0051580714285714285
Ir08,8.6439375,0.005615785714285715
Ir08,8.706802500000002,0.006045428571428571
Ir08,8.7696675,0.006513642857142857
Ir08,8.8325325,0.007018642857142857
Ir08,8.895397500000001,0.007531071428571429
Ir08,8.9582625,0.008080214285714286
Ir08,9.0211275,0.008659142857142857
Ir08,9.0839925,0.009195
Ir08,9.1468575,0.009864785714285715
Ir08,9.209722500000002,0.010423785714285714
Ir08,9.2725875,0.011090214285714287
Ir08,9.3354525,0.011694357142857143
Ir08,9.398317500000001,0.012377285714285714
Ir08,9.4611825,0.012987214285714286
Ir08,9.524047500000002,0.0136695
Ir08,9.5869125,0.014282071428571429
Ir08,9.6497775,0.014972428571428572
Ir08,9.712642500000001,0.015560214285714285
Ir08,9.7755075,0.016243714285714285
Ir08,9.838372500000002,0.016781285714285714
Ir08,9.9012375,0.017429357142857142
Ir08,9.9641025,0.017923214285714285
Ir08,10.026967500000001,0.018505642857142856
Ir08,10.0898325,0.018956214285714285
Ir08,10.152697500000002,0.019460214285714286
Ir08,10.2155625,0.019834571428571427
Ir08,10.2784275,0.020243357142857143
Ir08,10.341292500000002,0.020521
Ir08,10.4041575,0.0208165
Ir08,10.4670225,0.021016857142857143
Ir08,10.529887500000001,0.021167357142857144
Ir08,10.5927525,0.021279214285714287
Ir08,10.655617500000002,0.021352285714285716
Ir08,10.7184825,0.021278214285714286
Ir08,10.7813475,0.021236142857142856
Ir08,10.844212500000001,0.021042071428571427
Ir08,10.9070775,0.0208585
Ir08,10.969942500000002,0.02063
Ir08,11.0328075,0.02029207142857143
Ir08,11.095672500000001,0.01990657142857143
Ir08,11.158537500000001,0.01949585714285714
Ir08,11.2214025,0.019012214285714285
Ir08,11.284267500000002,0.01847992857142857
Ir08,11.3471325,0.017932857142857143
Ir08,11.4099975,0.017295857142857144
Ir08,11.472862500000002,0.016663428571428572
Ir08,11.5357275,0.015992285714285716
Ir08,11.598592500000002,0.015302
Ir08,11.661457500000001,0.014589928571428571
Ir08,11.7243225,0.013892857142857143
Ir08,11.787187500000002,0.013130214285714285
Ir08,11.8500525,0.012385
Ir08,11.9129175,0.011655571428571428
Ir08,11.975782500000001,0.010897642857142857
Ir08,12.0386475,0.0102005
Ir08,12.101512500000002,0.009478714285714286
Ir08,12.1643775,0.008808142857142856
Ir08,12.227242500000001,0.008097714285714286
Ir08,12.290107500000001,0.0075005
Ir08,12.3529725,0.0068577142857142856
Ir08,12.415837500000002,0.0062817142857142854
Ir08,12.4787025,0.00572
Ir08,12.5415675,0.005152642857142857
Ir08,12.604432500000001,0.004682071428571429
Ir08,12.6672975,0.004174428571428571
Ir08,12.730162500000002,0.0037565714285714286
Ir08,12.7930275,0.0033400714285714284
Ir08,12.8558925,0.002961642857142857
Ir08,12.918757500000002,0.0026495
Ir08,12.9816225,0.002305857142857143
Ir08,13.0444875,0.0020235714285714284
Ir08,13.107352500000001,0.001754
Ir08,13.1702175,0.0015411428571428572
Ir08,13.233082500000002,0.0013225
Ir08,13.2959475,0.0011385
Ir08,13.3588125,0.0009844285714285714
Ir08,13.421677500000001,0.0008325714285714286
Ir08,13.4845425,0.0007219285714285714
Ir08,13.547407500000002,0.0006054285714285714
Ir08,13.6102725,0.0005125
Ir08,13.673137500000001,0.0004239285714285714
Ir08,13.736002500000001,0.00035664285714285713
Ir08,13.7988675,0.00029385714285714285
Ir08,13.861732500000002,0.000241
Ir08,13.9245975,0.00019985714285714284
Ir08,13.9874625,0.00016335714285714285
Ir08,14.050327500000002,0.00013492857142857143
Ir08,14.1131925,0.00011042857142857143
Ir08,14.176057500000002,8.478571428571428e-05
Ir08,14.238922500000001,7.357142857142857e-05
Ir08,14.3017875,5.5642857142857146e-05
Ir08,14.364652500000002,4.3214285714285716e-05
Ir08,14.4275175,3.507142857142857e-05
Ir08,14.4903825,2.942857142857143e-05
Ir08,14.553247500000001,2.2214285714285714e-05
Ir08,14.6161125,1.842857142857143e-05
Ir08,14.678977500000002,1.5857142857142857e-05
Ir08,14.7418425,1.0714285714285714e-05
Ir08,14.804707500000001,8.285714285714285e-06
Ir08,14.867572500000001,6.5714285714285714e-06
Ir08,14.9304375,4.357142857142857e-06
Ir08,14.993302500000002,3.714285714285714e-06
Ir08,15.0561675,2.642857142857143e-06
Ir08,15.119032500000001,1.3571428571428572e-06
Ir08,15.181897500000002,1.2142857142857142e-06
Ir08,15.2447625,1.2142857142857142e-06
Ir08,15.307627500000002,6.428571428571429e-07
Ir08,15.370492500000001,5e-07
Ir08,15.4333575,5e-07
Ir08,15.496222500000002,2.1428571428571428e-07
Ir08,15.5590875,1.4285714285714285e-07
Ir08,15.621952500000003,1.4285714285714285e-07
Ir08,15.684817500000001,1.4285714285714285e-07
Ir08,15.7476825,0.0
Ir08,15.810547500000002,1.4285714285714285e-07
Cu08,0.5972175,9.090909090909091e-08
Cu08,0.6600825000000001,0.0
Cu08,0.7229475000000001,0.0
Cu08,0.7858125,0.0
Cu08,0.8486775,0.0
Cu08,0.9115425000000001,0.0
Cu08,0.9744075000000001,9.090909090909091e-08
Cu08,1.0372725,0.0
Cu08,1.1001375,0.0
Cu08,1.1630025000000002,0.0
Cu08,1.2258675,9.090909090909091e-08
Cu08,1.2887325,0.0
Cu08,1.3515975,1.8181818181818183e-07
Cu08,1.4144625000000002,9.090909090909091e-08
Cu08,1.4773275000000001,0.0
Cu08,1.5401925,9.090909090909091e-08
Cu08,1.6030575,1.8181818181818183e-07
Cu08,1.6659225000000002,5.454545454545455e-07
Cu08,1.7287875000000001,1.8181818181818183e-07
Cu08,1.7916525,9.090909090909091e-08
Cu08,1.8545175,1.8181818181818183e-07
Cu08,1.9173825000000002,6.363636363636364e-07
Cu08,1.9802475000000002,6.363636363636364e-07
Cu08,2.0431125000000003,3.6363636363636366e-07
Cu08,2.1059775,2.7272727272727274e-07
Cu08,2.1688425000000002,8.181818181818182e-07
Cu08,2.2317074999999997,9.09090909090909e-07
Cu08,2.2945725,7.272727272727273e-07
Cu08,2.3574375000000005,6.363636363636364e-07
Cu08,2.4203025,1.090909090909091e-06
Cu08,2.4831675000000004,1.2727272727272728e-06
Cu08,2.5460325,1.5454545454545454e-06
Cu08,2.6088975000000003,9.09090909090909e-07
Cu08,2.6717625,1.6363636363636365e-06
Cu08,2.7346275,1.2727272727272728e-06
Cu08,2.7974925000000006,2.2727272727272728e-06
Cu08,2.8603575,1.818181818181818e-06
Cu08,2.9232225000000005,2.181818181818182e-06
Cu08,2.9860875,2.9090909090909093e-06
Cu08,3.0489525000000004,2.5454545454545456e-06
Cu08,3.1118175,2.818181818181818e-06
Cu08,3.1746825000000003,3.636363636363636e-06
Cu08,3.2375475,4.1818181818181814e-06
Cu08,3.3004125,4.272727272727273e-06
Cu08,3.3632775000000006,4e-06
Cu08,3.4261425,7e-06
Cu08,3.4890075000000005,6.818181818181818e-06
Cu08,3.5518725,6.818181818181818e-06
Cu08,3.6147375000000004,9.181818181818182e-06
Cu08,3.6776025,9.818181818181818e-06
Cu08,3.7404675000000003,9.818181818181818e-06
Cu08,3.8033325000000007,1.3727272727272727e-05
Cu08,3.8661975,1.5e-05
Cu08,3.9290625000000006,1.4818181818181819e-05
Cu08,3.9919275,2.1272727272727273e-05
Cu08,4.0547925000000005,1.990909090909091e-05
Cu08,4.1176575,2.2909090909090908e-05
Cu08,4.1805225,2.881818181818182e-05
Cu08,4.243387500000001,3e-05
Cu08,4.3062525,3.909090909090909e-05
Cu08,4.3691175,3.709090909090909e-05
Cu08,4.4319825,4.327272727272727e-05
Cu08,4.4948475000000006,5.8e-05
Cu08,4.5577125,5.6e-05
Cu08,4.6205775000000004,6.727272727272727e-05
Cu08,4.6834425,7.836363636363637e-05
Cu08,4.7463075,8.30909090909091e-05
Cu08,4.809172500000001,0.00010036363636363636
Cu08,4.8720375,0.00010472727272727273
Cu08,4.9349025,0.00012336363636363635
Cu08,4.9977675,0.00014263636363636364
Cu08,5.0606325000000005,0.00015245454545454546
Cu08,5.123497500000001,0.00018154545454545455
Cu08,5.1863625,0.00019290909090909092
Cu08,5.2492275,0.00022645454545454545
Cu08,5.3120925,0.0002603636363636364
Cu08,5.374957500000001,0.0002819090909090909
Cu08,5.4378225,0.00032745454545454544
Cu08,5.500687500000001,0.00034781818181818183
Cu08,5.5635525,0.0004106363636363636
Cu08,5.6264175000000005,0.00043645454545454543
Cu08,5.689282500000001,0.0004963636363636364
Cu08,5.7521475,0.0005545454545454546
Cu08,5.8150125,0.0006129090909090909
Cu08,5.8778775,0.0006920909090909091
Cu08,5.940742500000001,0.0007453636363636363
Cu08,6.0036075,0.0008546363636363636
Cu08,6.066472500000001,0.0009316363636363637
Cu08,6.1293375,0.0010455454545454546
Cu08,6.1922025000000005,0.0011444545454545455
Cu08,6.255067500000001,0.0012820909090909092
Cu08,6.3179325,0.0014063636363636364
Cu08,6.3807975,0.0015537272727272728
Cu08,6.4436625,0.0017165454545454545
Cu08,6.506527500000001,0.0018767272727272727
Cu08,6.5693925,0.0020906363636363635
Cu08,6.632257500000001,0.0022687272727272725
Cu08,6.6951225,0.0025111818181818182
Cu08,6.7579875000000005,0.0027245454545454548
Cu08,6.820852500000001,0.002991181818181818
Cu08,6.8837175,0.0032446363636363636
Cu08,6.9465825,0.003556818181818182
Cu08,7.0094475,0.003847363636363636
Cu08,7.072312500000001,0.004191727272727272
Cu08,7.135177500000001,0.004538545454545455
Cu08,7.198042500000001,0.004918818181818182
Cu08,7.2609075,0.005308545454545455
Cu08,7.3237725000000005,0.005725818181818182
Cu08,7.386637500000001,0.006175909090909091
Cu08,7.4495025,0.006631363636363637
Cu08,7.512367500000001,0.007094818181818182
Cu08,7.5752325,0.007589454545454545
Cu08,7.638097500000001,0.00809690909090909
Cu08,7.700962500000001,0.008652636363636364
Cu08,7.7638275000000005,0.00915890909090909
Cu08,7.8266925,0.009766545454545455
Cu08,7.8895575000000004,0.010316636363636363
Cu08,7.952422500000001,0.01090909090909091
Cu08,8.0152875,0.011505272727272727
Cu08,8.078152500000002,0.012131545454545454
Cu08,8.1410175,0.012736
Cu08,8.2038825,0.013364636363636363
Cu08,8.266747500000001,0.01399590909090909
Cu08,8.3296125,0.014601636363636364
Cu08,8.392477500000002,0.015220090909090909
Cu08,8.4553425,0.015768818181818182
Cu08,8.518207499999999,0.016365181818181817
Cu08,8.581072500000001,0.016885818181818182
Cu08,8.6439375,0.017439
Cu08,8.706802500000002,0.017987090909090907
Cu08,8.7696675,0.018458909090909092
Cu08,8.8325325,0.01894209090909091
Cu08,8.895397500000001,0.019294636363636365
Cu08,8.9582625,0.019666636363636365
Cu08,9.0211275,0.020042454545454544
Cu08,9.0839925,0.020255181818181818
Cu08,9.1468575,0.02055890909090909
Cu08,9.209722500000002,0.020674545454545456
Cu08,9.2725875,0.020805363636363636
Cu08,9.3354525,0.02086318181818182
Cu08,9.398317500000001,0.02083518181818182
Cu08,9.4611825,0.020842272727272727
Cu08,9.524047500000002,0.020642181818181816
Cu08,9.5869125,0.020517454545454547
Cu08,9.6497775,0.020289181818181817
Cu08,9.712642500000001,0.02000409090909091
Cu08,9.7755075,0.019643272727272728
Cu08,9.838372500000002,0.019220545454545455
Cu08,9.9012375,0.018747363636363635
Cu08,9.9641025,0.018352363636363635
Cu08,10.026967500000001,0.017736363636363637
Cu08,10.0898325,0.017224454545454546
Cu08,10.152697500000002,0.016611545454545455
Cu08,10.2155625,0.015937090909090908
Cu08,10.2784275,0.015347181818181819
Cu08,10.341292500000002,0.014628727272727272
Cu08,10.4041575,0.013928727272727273
Cu08,10.4670225,0.013217363636363636
Cu08,10.529887500000001,0.01254990909090909
Cu08,10.5927525,0.011821545454545454
Cu08,10.655617500000002,0.011128
Cu08,10.7184825,0.010416454545454545
Cu08,10.7813475,0.009720090909090909
Cu08,10.844212500000001,0.009085363636363636
Cu08,10.9070775,0.008425272727272727
Cu08,10.969942500000002,0.007752909090909091
Cu08,11.0328075,0.007147272727272727
Cu08,11.095672500000001,0.006551090909090909
Cu08,11.158537500000001,0.005991727272727273
Cu08,11.2214025,0.005425636363636363
Cu08,11.284267500000002,0.004945545454545454
Cu08,11.3471325,0.004456727272727273
Cu08,11.4099975,0.0040033636363636365
Cu08,11.472862500000002,0.003615181818181818
Cu08,11.5357275,0.0032045454545454547
Cu08,11.598592500000002,0.002858090909090909
Cu08,11.661457500000001,0.002532181818181818
Cu08,11.7243225,0.002222
Cu08,11.787187500000002,0.0019527272727272726
Cu08,11.8500525,0.0017064545454545455
Cu08,11.9129175,0.0014933636363636364
Cu08,11.975782500000001,0.0012984545454545453
Cu08,12.0386475,0.00113
Cu08,12.101512500000002,0.0009705454545454545
Cu08,12.1643775,0.0008318181818181818
Cu08,12.227242500000001,0.0007114545454545455
Cu08,12.290107500000001,0.0005992727272727273
Cu08,12.3529725,0.0005043636363636363
Cu08,12.415837500000002,0.00042127272727272727
Cu08,12.4787025,0.00035863636363636366
Cu08,12.5415675,0.0002972727272727273
Cu08,12.604432500000001,0.0002448181818181818
Cu08,12.6672975,0.000208
Cu08,12.730162500000002,0.00017363636363636363
Cu08,12.7930275,0.00013954545454545453
Cu08,12.8558925,0.00011145454545454546
Cu08,12.918757500000002,9.609090909090909e-05
Cu08,12.9816225,7.381818181818182e-05
Cu08,13.0444875,6.081818181818182e-05
Cu08,13.107352500000001,4.818181818181818e-05
Cu08,13.1702175,4.0272727272727274e-05
Cu08,13.233082500000002,3.263636363636364e-05
Cu08,13.2959475,2.8363636363636363e-05
Cu08,13.3588125,2.2363636363636363e-05
Cu08,13.421677500000001,1.6272727272727273e-05
Cu08,13.4845425,1.3e-05
Cu08,13.547407500000002,9e-06
Cu08,13.6102725,7.454545454545455e-06
Cu08,13.673137500000001,6e-06
Cu08,13.736002500000001,3.909090909090909e-06
Cu08,13.7988675,2.6363636363636364e-06
Cu08,13.861732500000002,2.181818181818182e-06
Cu08,13.9245975,1.4545454545454546e-06
Cu08,13.9874625,1.4545454545454546e-06
Cu08,14.050327500000002,1e-06
Cu08,14.1131925,9.09090909090909e-07
Cu08,14.176057500000002,3.6363636363636366e-07
Cu08,14.238922500000001,2.7272727272727274e-07
Cu08,14.3017875,3.6363636363636366e-07
Cu08,14.364652500000002,9.090909090909091e-08
Cu08,14.4275175,1.8181818181818183e-07
Cu08,14.4903825,1.8181818181818183e-07
Cu08,14.553247500000001,1.8181818181818183e-07
Cu08,14.6161125,0.0
Ni09,0.0314325,2.476923076923077e-05
Ni09,0.0942975,3.230769230769231e-06
Ni09,0.1571625,4.076923076923077e-06
Ni09,0.22002750000000001,1.4615384615384616e-06
Ni09,0.2828925,1.0769230769230769e-06
Ni09,0.34575750000000005,1.6923076923076924e-06
Ni09,0.4086225,2.076923076923077e-06
Ni09,0.47148750000000006,2.1538461538461538e-06
Ni09,0.5343525,1.6153846153846154e-06
Ni09,0.5972175,2.7692307692307693e-06
Ni09,0.6600825000000001,1.8461538461538462e-06
Ni09,0.7229475000000001,2.3846153846153846e-06
Ni09,0.7858125,3.7692307692307694e-06
Ni09,0.8486775,3.6923076923076925e-06
Ni09,0.9115425000000001,2.846153846153846e-06
Ni09,0.9744075000000001,4.153846153846154e-06
Ni09,1.0372725,3.3846153846153848e-06
Ni09,1.1001375,5.307692307692307e-06
Ni09,1.1630025000000002,5e-06
Ni09,1.2258675,5e-06
Ni09,1.2887325,5.230769230769231e-06
Ni09,1.3515975,6.846153846153846e-06
Ni09,1.4144625000000002,7.615384615384615e-06
Ni09,1.4773275000000001,7.76923076923077e-06
Ni09,1.5401925,8.384615384615385e-06
Ni09,1.6030575,8.538461538461538e-06
Ni09,1.6659225000000002,1.1153846153846154e-05
Ni09,1.7287875000000001,1.1846153846153846e-05
Ni09,1.7916525,1.2307692307692308e-05
Ni09,1.8545175,1.2307692307692308e-05
Ni09,1.9173825000000002,1.5384615384615384e-05
Ni09,1.9802475000000002,1.676923076923077e-05
Ni09,2.0431125000000003,1.7384615384615385e-05
Ni09,2.1059775,1.8615384615384616e-05
Ni09,2.1688425000000002,2.153846153846154e-05
Ni09,2.2317074999999997,2.7153846153846154e-05
Ni09,2.2945725,2.3e-05
Ni09,2.3574375000000005,2.923076923076923e-05
Ni09,2.4203025,3.353846153846154e-05
Ni09,2.4831675000000004,3.4538461538461536e-05
Ni09,2.5460325,3.876923076923077e-05
Ni09,2.6088975000000003,4.376923076923077e-05
Ni09,2.6717625,4.769230769230769e-05
Ni09,2.7346275,5.130769230769231e-05
Ni09,2.7974925000000006,5.7615384615384615e-05
Ni09,2.8603575,6.446153846153846e-05
Ni09,2.9232225000000005,6.907692307692307e-05
Ni09,2.9860875,7.530769230769231e-05
Ni09,3.0489525000000004,8.361538461538462e-05
Ni09,3.1118175,9.207692307692308e-05
Ni09,3.1746825000000003,0.00010315384615384615
Ni09,3.2375475,0.00011269230769230769
Ni09,3.3004125,0.000124
Ni09,3.3632775000000006,0.00013807692307692308
Ni09,3.4261425,0.00014838461538461538
Ni09,3.4890075000000005,0.00016676923076923078
Ni09,3.5518725,0.00018592307692307693
Ni09,3.6147375000000004,0.00020138461538461537
Ni09,3.6776025,0.00022684615384615384
Ni09,3.7404675000000003,0.00024776923076923077
Ni09,3.8033325000000007,0.000267
Ni09,3.8661975,0.0002985384615384615
Ni09,3.9290625000000006,0.0003188461538461538
Ni09,3.9919275,0.0003579230769230769
Ni09,4.0547925000000005,0.000388
Ni09,4.1176575,0.0004255384615384615
Ni09,4.1805225,0.00046530769230769233
Ni09,4.243387500000001,0.00051
Ni09,4.3062525,0.0005601538461538462
Ni09,4.3691175,0.0006132307692307692
Ni09,4.4319825,0.0006693846153846154
Ni09,4.4948475000000006,0.000733
Ni09,4.5577125,0.0008035384615384615
Ni09,4.6205775000000004,0.0008765384615384616
Ni09,4.6834425,0.0009541538461538461
Ni09,4.7463075,0.0010406923076923078
Ni09,4.809172500000001,0.0011389230769230769
Ni09,4.8720375,0.001234
Ni09,4.9349025,0.001366923076923077
Ni09,4.9977675,0.0014666153846153846
Ni09,5.0606325000000005,0.0016064615384615384
Ni09,5.123497500000001,0.0017412307692307692
Ni09,5.1863625,0.0018902307692307693
Ni09,5.2492275,0.002055384615384615
Ni09,5.3120925,0.002218
Ni09,5.374957500000001,0.0024086153846153845
Ni09,5.4378225,0.0025911538461538463
Ni09,5.500687500000001,0.0028120769230769232
Ni09,5.5635525,0.0030188461538461536
Ni09,5.6264175000000005,0.00327
Ni09,5.689282500000001,0.003511
Ni09,5.7521475,0.003785153846153846
Ni09,5.8150125,0.004061153846153846
Ni09,5.8778775,0.004349076923076923
Ni09,5.940742500000001,0.004683230769230769
Ni09,6.0036075,0.00498
Ni09,6.066472500000001,0.005362692307692308
Ni09,6.1293375,0.005680923076923077
Ni09,6.1922025000000005,0.006093384615384615
Ni09,6.255067500000001,0.006447307692307692
Ni09,6.3179325,0.006879461538461538
Ni09,6.3807975,0.007271307692307692
Ni09,6.4436625,0.007715923076923077
Ni09,6.506527500000001,0.008142846153846153
Ni09,6.5693925,0.008611
Ni09,6.632257500000001,0.009117846153846153
Ni09,6.6951225,0.009507153846153846
Ni09,6.7579875000000005,0.010084615384615385
Ni09,6.820852500000001,0.01051276923076923
Ni09,6.8837175,0.01109446153846154
Ni09,6.9465825,0.011587846153846153
Ni09,7.0094475,0.012060615384615385
Ni09,7.072312500000001,0.012628461538461538
Ni09,7.135177500000001,0.013067230769230768
Ni09,7.198042500000001,0.013647846153846155
Ni09,7.2609075,0.014107923076923077
Ni09,7.3237725000000005,0.014609307692307692
Ni09,7.386637500000001,0.015102923076923076
Ni09,7.4495025,0.015510384615384615
Ni09,7.512367500000001,0.01602053846153846
Ni09,7.5752325,0.016441307692307693
Ni09,7.638097500000001,0.016829923076923076
Ni09,7.700962500000001,0.017262615384615383
Ni09,7.7638275000000005,0.017577384615384616
Ni09,7.8266925,0.01793830769230769
Ni09,7.8895575000000004,0.018215384615384616
Ni09,7.952422500000001,0.018485461538461537
Ni09,8.0152875,0.01869523076923077
Ni09,8.078152500000002,0.018900153846153848
Ni09,8.1410175,0.01901469230769231
Ni09,8.2038825,0.01908346153846154
Ni09,8.266747500000001,0.019164307692307692
Ni09,8.3296125,0.019160307692307692
Ni09,8.392477500000002,0.019106076923076924
Ni09,8.4553425,0.019040923076923077
Ni09,8.518207499999999,0.01889253846153846
Ni09,8.581072500000001,0.018717769230769232
Ni09,8.6439375,0.01851423076923077
Ni09,8.706802500000002,0.018202384615384617
Ni09,8.7696675,0.01788623076923077
Ni09,8.8325325,0.017565923076923076
Ni09,8.895397500000001,0.017140692307692308
Ni09,8.9582625,0.016715153846153845
Ni09,9.0211275,0.016293230769230768
Ni09,9.0839925,0.015804615384615386
Ni09,9.1468575,0.01524976923076923
Ni09,9.209722500000002,0.014761
Ni09,9.2725875,0.014203692307692308
Ni09,9.3354525,0.013536076923076923
Ni09,9.398317500000001,0.013026615384615385
Ni09,9.4611825,0.012394076923076923
Ni09,9.524047500000002,0.011806307692307692
Ni09,9.5869125,0.011181538461538462
Ni09,9.6497775,0.010575076923076923
Ni09,9.712642500000001,0.009998846153846153
Ni09,9.7755075,0.009358461538461538
Ni09,9.838372500000002,0.008795
Ni09,9.9012375,0.008217
Ni09,9.9641025,0.007670461538461538
Ni09,10.026967500000001,0.007074923076923077
Ni09,10.0898325,0.006556384615384615
Ni09,10.152697500000002,0.0060338461538461535
Ni09,10.2155625,0.005576153846153846
Ni09,10.2784275,0.0050668461538461535
Ni09,10.341292500000002,0.004628615384615385
Ni09,10.4041575,0.004202923076923077
Ni09,10.4670225,0.003847076923076923
Ni09,10.529887500000001,0.003458
Ni09,10.5927525,0.003103615384615385
Ni09,10.655617500000002,0.0027764615384615384
Ni09,10.7184825,0.0024957692307692307
Ni09,10.7813475,0.0022032307692307694
Ni09,10.844212500000001,0.001955076923076923
Ni09,10.9070775,0.0017236923076923076
Ni09,10.969942500000002,0.0015233846153846155
Ni09,11.0328075,0.001345923076923077
Ni09,11.095672500000001,0.0011683076923076922
Ni09,11.158537500000001,0.0010277692307692308
Ni09,11.2214025,0.000887
Ni09,11.284267500000002,0.0007685384615384616
Ni09,11.3471325,0.0006601538461538461
Ni09,11.4099975,0.0005609230769230769
Ni09,11.472862500000002,0.0004800769230769231
Ni09,11.5357275,0.0004033076923076923
Ni09,11.598592500000002,0.0003414615384615385
Ni09,11.661457500000001,0.00028823076923076925
Ni09,11.7243225,0.00024384615384615384
Ni09,11.787187500000002,0.00020723076923076923
Ni09,11.8500525,0.0001726153846153846
Ni09,11.9129175,0.00014123076923076923
Ni09,11.975782500000001,0.00011807692307692307
Ni09,12.0386475,9.73076923076923e-05
Ni09,12.101512500000002,8.007692307692308e-05
Ni09,12.1643775,6.484615384615384e-05
Ni09,12.227242500000001,5.161538461538462e-05
Ni09,12.290107500000001,4.3307692307692304e-05
Ni09,12.3529725,3.5923076923076925e-05
Ni09,12.415837500000002,3.0076923076923076e-05
Ni09,12.4787025,2.476923076923077e-05
Ni09,12.5415675,2.0384615384615383e-05
Ni09,12.604432500000001,1.5e-05
Ni09,12.6672975,1.2076923076923078e-05
Ni09,12.730162500000002,8.846153846153846e-06
Ni09,12.7930275,7.153846153846154e-06
Ni09,12.8558925,5.615384615384615e-06
Ni09,12.918757500000002,3.6153846153846156e-06
Ni09,12.9816225,2.3846153846153846e-06
Ni09,13.0444875,2.076923076923077e-06
Ni09,13.107352500000001,1.7692307692307693e-06
Ni09,13.1702175,1.3846153846153846e-06
Ni09,13.233082500000002,1e-06
Ni09,13.2959475,8.461538461538462e-07
Ni09,13.3588125,6.923076923076923e-07
Ni09,13.421677500000001,3.8461538461538463e-07
Ni09,13.4845425,3.076923076923077e-07
Ni09,13.547407500000002,1.5384615384615385e-07
Ni09,13.6102725,7.692307692307692e-08
Ni09,13.673137500000001,1.5384615384615385e-07
Ni09,13.736002500000001,1.5384615384615385e-07
Ni09,13.7988675,1.5384615384615385e-07
Ir09,0.0314325,0.00208824
Ir09,0.0942975,0.0002058
Ir09,0.1571625,0.00015148
Ir09,0.22002750000000001,0.00010884
Ir09,0.2828925,9.528e-05
Ir09,0.34575750000000005,9.34e-05
Ir09,0.4086225,0.00010012
Ir09,0.47148750000000006,0.00010644
Ir09,0.5343525,0.00012404
Ir09,0.5972175,0.00012412
Ir09,0.6600825000000001,0.00012964
Ir09,0.7229475000000001,0.00014344
Ir09,0.7858125,0.00016424
Ir09,0.8486775,0.00016516
Ir09,0.9115425000000001,0.00017832
Ir09,0.9744075000000001,0.0002044
Ir09,1.0372725,0.00020664
Ir09,1.1001375,0.00021908
Ir09,1.1630025000000002,0.0002526
Ir09,1.2258675,0.00025532
Ir09,1.2887325,0.00027136
Ir09,1.3515975,0.00030772
Ir09,1.4144625000000002,0.00031016
Ir09,1.4773275000000001,0.00033844
Ir09,1.5401925,0.00037688
Ir09,1.6030575,0.00038128
Ir09,1.6659225000000002,0.00041632
Ir09,1.7287875000000001,0.00045768
Ir09,1.7916525,0.00047124
Ir09,1.8545175,0.00052784
Ir09,1.9173825000000002,0.00053396
Ir09,1.9802475000000002,0.00057644
Ir09,2.0431125000000003,0.00062744
Ir09,2.1059775,0.00065532
Ir09,2.1688425000000002,0.00069576
Ir09,2.2317074999999997,0.00074744
Ir09,2.2945725,0.00079852
Ir09,2.3574375000000005,0.00085308
Ir09,2.4203025,0.00090568
Ir09,2.4831675000000004,0.00097188
Ir09,2.5460325,0.0010312
Ir09,2.6088975000000003,0.0011014
Ir09,2.6717625,0.00117624
Ir09,2.7346275,0.00124832
Ir09,2.7974925000000006,0.0013362
Ir09,2.8603575,0.0014228
Ir09,2.9232225000000005,0.0015088
Ir09,2.9860875,0.00161208
Ir09,3.0489525000000004,0.0017072
Ir09,3.1118175,0.00182232
Ir09,3.1746825000000003,0.00193508
Ir09,3.2375475,0.00205216
Ir09,3.3004125,0.0021842
Ir09,3.3632775000000006,0.00231292
Ir09,3.4261425,0.00245576
Ir09,3.4890075000000005,0.00260988
Ir09,3.5518725,0.00275704
Ir09,3.6147375000000004,0.00293664
Ir09,3.6776025,0.00308952
Ir09,3.7404675000000003,0.00329924
Ir09,3.8033325000000007,0.0034504
Ir09,3.8661975,0.00367148
Ir09,3.9290625000000006,0.00386172
Ir09,3.9919275,0.00407956
Ir09,4.0547925000000005,0.0042972
Ir09,4.1176575,0.00452604
Ir09,4.1805225,0.00479132
Ir09,4.243387500000001,0.00501216
Ir09,4.3062525,0.00527936
Ir09,4.3691175,0.00554112
Ir09,4.4319825,0.00582688
Ir09,4.4948475000000006,0.0061238
Ir09,4.5577125,0.00639088
Ir09,4.6205775000000004,0.0067082
Ir09,4.6834425,0.0070114
Ir09,4.7463075,0.0073276
Ir09,4.809172500000001,0.00768332
Ir09,4.8720375,0.00797268
Ir09,4.9349025,0.00832548
Ir09,4.9977675,0.0086826
Ir09,5.0606325000000005,0.00899664
Ir09,5.123497500000001,0.00937212
Ir09,5.1863625,0.00970924
Ir09,5.2492275,0.01006964
Ir09,5.3120925,0.01042628
Ir09,5.374957500000001,0.01077688
Ir09,5.4378225,0.01113272
Ir09,5.500687500000001,0.01150248
Ir09,5.5635525,0.01184284
Ir09,5.6264175000000005,0.01218044
Ir09,5.689282500000001,0.01254184
Ir09,5.7521475,0.01287748
Ir09,5.8150125,0.01318528
Ir09,5.8778775,0.0134958
Ir09,5.940742500000001,0.01382644
Ir09,6.0036075,0.0141002
Ir09,6.066472500000001,0.01437192
Ir09,6.1293375,0.0146564
Ir09,6.1922025000000005,0.0148798
Ir09,6.255067500000001,0.01511904
Ir09,6.3179325,0.01531656
Ir09,6.3807975,0.01551592
Ir09,6.4436625,0.01569028
Ir09,6.506527500000001,0.01580808
Ir09,6.5693925,0.01594884
Ir09,6.632257500000001,0.01602656
Ir09,6.6951225,0.01610752
Ir09,6.7579875000000005,0.01613052
Ir09,6.820852500000001,0.01614976
Ir09,6.8837175,0.01613552
Ir09,6.9465825,0.01608104
Ir09,7.0094475,0.0160076
Ir09,7.072312500000001,0.01587892
Ir09,7.135177500000001,0.01578252
Ir09,7.198042500000001,0.01562688
Ir09,7.2609075,0.01546384
Ir09,7.3237725000000005,0.01520548
Ir09,7.386637500000001,0.01500484
Ir09,7.4495025,0.01473864
Ir09,7.512367500000001,0.01444564
Ir09,7.5752325,0.0141664
Ir09,7.638097500000001,0.01378848
Ir09,7.700962500000001,0.01345608
Ir09,7.7638275000000005,0.01307484
Ir09,7.8266925,0.01270084
Ir09,7.8895575000000004,0.01231088
Ir09,7.952422500000001,0.01190048
Ir09,8.0152875,0.01144916
Ir09,8.078152500000002,0.01102692
Ir09,8.1410175,0.0105732
Ir09,8.2038825,0.01013548
Ir09,8.266747500000001,0.00968472
Ir09,8.3296125,0.00921376
Ir09,8.392477500000002,0.00875608
Ir09,8.4553425,0.0083144
Ir09,8.518207499999999,0.00787432
Ir09,8.581072500000001,0.00743236
Ir09,8.6439375,0.00699948
Ir09,8.706802500000002,0.0065706
Ir09,8.7696675,0.00616784
Ir09,8.8325325,0.00575872
Ir09,8.895397500000001,0.0053678
Ir09,8.9582625,0.0049954
Ir09,9.0211275,0.00462808
Ir09,9.0839925,0.0042748
Ir09,9.1468575,0.00394688
Ir09,9.209722500000002,0.00362356
Ir09,9.2725875,0.00331116
Ir09,9.3354525,0.00302828
Ir09,9.398317500000001,0.0027634
Ir09,9.4611825,0.00251204
Ir09,9.524047500000002,0.00227404
Ir09,9.5869125,0.00204812
Ir09,9.6497775,0.00183852
Ir09,9.712642500000001,0.00165488
Ir09,9.7755075,0.00147952
Ir09,9.838372500000002,0.00131644
Ir09,9.9012375,0.00116812
Ir09,9.9641025,0.00103544
Ir09,10.026967500000001,0.00091792
Ir09,10.0898325,0.00080996
Ir09,10.152697500000002,0.00071416
Ir09,10.2155625,0.00062212
Ir09,10.2784275,0.00054216
Ir09,10.341292500000002,0.0004736
Ir09,10.4041575,0.00040632
Ir09,10.4670225,0.00035068
Ir09,10.529887500000001,0.00030208
Ir09,10.5927525,0.00025792
Ir09,10.655617500000002,0.0002186
Ir09,10.7184825,0.00018632
Ir09,10.7813475,0.00015872
Ir09,10.844212500000001,0.00013508
Ir09,10.9070775,0.00011396
Ir09,10.969942500000002,9.528e-05
Ir09,11.0328075,7.828e-05
Ir09,11.095672500000001,6.576e-05
Ir09,11.158537500000001,5.436e-05
Ir09,11.2214025,4.428e-05
Ir09,11.284267500000002,3.66e-05
Ir09,11.3471325,3.084e-05
Ir09,11.4099975,2.58e-05
Ir09,11.472862500000002,2.088e-05
Ir09,11.5357275,1.768e-05
Ir09,11.598592500000002,1.488e-05
Ir09,11.661457500000001,1.232e-05
Ir09,11.7243225,9.08e-06
Ir09,11.787187500000002,7.32e-06
Ir09,11.8500525,5.6e-06
Ir09,11.9129175,4.2e-06
Ir09,11.975782500000001,3.56e-06
Ir09,12.0386475,2.52e-06
Ir09,12.101512500000002,1.64e-06
Ir09,12.1643775,1.4e-06
Ir09,12.227242500000001,1.16e-06
Ir09,12.290107500000001,9.2e-07
Ir09,12.3529725,7.6e-07
Ir09,12.415837500000002,5.6e-07
Ir09,12.4787025,4.4e-07
Ir09,12.5415675,2.4e-07
Ir09,12.604432500000001,2e-07
Ir09,12.6672975,1.6e-07
Ir09,12.730162500000002,8e-08
Ir09,12.7930275,8e-08
Ir09,12.8558925,8e-08
Ir09,12.918757500000002,8e-08
Ir09,12.9816225,1.2e-07
Cu09,0.0314325,0.03631589285714286
Cu09,0.0942975,0.0024028214285714286
Cu09,0.1571625,0.0010737857142857142
Cu09,0.22002750000000001,0.001054357142857143
Cu09,0.2828925,0.0010518214285714287
Cu09,0.34575750000000005,0.0010795
Cu09,0.4086225,0.0011693571428571428
Cu09,0.47148750000000006,0.0012091428571428572
Cu09,0.5343525,0.001252357142857143
Cu09,0.5972175,0.0013534285714285714
Cu09,0.6600825000000001,0.0013867142857142856
Cu09,0.7229475000000001,0.001486142857142857
Cu09,0.7858125,0.0015682142857142856
Cu09,0.8486775,0.0016094285714285713
Cu09,0.9115425000000001,0.00173925
Cu09,0.9744075000000001,0.0017780357142857142
Cu09,1.0372725,0.0019188214285714286
Cu09,1.1001375,0.001959
Cu09,1.1630025000000002,0.0021114285714285714
Cu09,1.2258675,0.002159357142857143
Cu09,1.2887325,0.0023243214285714286
Cu09,1.3515975,0.002377214285714286
Cu09,1.4144625000000002,0.0025527857142857145
Cu09,1.4773275000000001,0.0026095357142857144
Cu09,1.5401925,0.0028013571428571428
Cu09,1.6030575,0.002863857142857143
Cu09,1.6659225000000002,0.0030518214285714285
Cu09,1.7287875000000001,0.0031435714285714287
Cu09,1.7916525,0.003284107142857143
Cu09,1.8545175,0.0034976785714285713
Cu09,1.9173825000000002,0.003590964285714286
Cu09,1.9802475000000002,0.003804785714285714
Cu09,2.0431125000000003,0.003959535714285714
Cu09,2.1059775,0.00415825
Cu09,2.1688425000000002,0.004328107142857143
Cu09,2.2317074999999997,0.004532821428571429
Cu09,2.2945725,0.004712857142857143
Cu09,2.3574375000000005,0.004909
Cu09,2.4203025,0.005122642857142857
Cu09,2.4831675000000004,0.005327535714285714
Cu09,2.5460325,0.005546142857142857
Cu09,2.6088975000000003,0.005752535714285714
Cu09,2.6717625,0.0059852142857142855
Cu09,2.7346275,0.0062155
Cu09,2.7974925000000006,0.006459571428571428
Cu09,2.8603575,0.006700107142857143
Cu09,2.9232225000000005,0.006951964285714286
Cu09,2.9860875,0.0072008571428571425
Cu09,3.0489525000000004,0.0074461785714285715
Cu09,3.1118175,0.007715214285714285
Cu09,3.1746825000000003,0.007978964285714285
Cu09,3.2375475,0.008238071428571428
Cu09,3.3004125,0.008516321428571429
Cu09,3.3632775000000006,0.008769357142857143
Cu09,3.4261425,0.009040321428571429
Cu09,3.4890075000000005,0.009324535714285714
Cu09,3.5518725,0.009588214285714285
Cu09,3.6147375000000004,0.0098665
Cu09,3.6776025,0.010134
Cu09,3.7404675000000003,0.010397892857142857
Cu09,3.8033325000000007,0.010668857142857143
Cu09,3.8661975,0.010938857142857143
Cu09,3.9290625000000006,0.011206035714285714
Cu09,3.9919275,0.011462392857142857
Cu09,4.0547925000000005,0.011708642857142857
Cu09,4.1176575,0.011954321428571429
Cu09,4.1805225,0.012196928571428572
Cu09,4.243387500000001,0.0124275
Cu09,4.3062525,0.012644035714285714
Cu09,4.3691175,0.012852107142857143
Cu09,4.4319825,0.013050535714285714
Cu09,4.4948475000000006,0.013225571428571429
Cu09,4.5577125,0.013407464285714286
Cu09,4.6205775000000004,0.013577107142857142
Cu09,4.6834425,0.013713035714285714
Cu09,4.7463075,0.013830321428571428
Cu09,4.809172500000001,0.013930714285714286
Cu09,4.8720375,0.014016642857142858
Cu09,4.9349025,0.014107714285714286
Cu09,4.9977675,0.014150607142857144
Cu09,5.0606325000000005,0.014187857142857143
Cu09,5.123497500000001,0.014189857142857143
Cu09,5.1863625,0.014196357142857143
Cu09,5.2492275,0.014173071428571429
Cu09,5.3120925,0.014116607142857143
Cu09,5.374957500000001,0.014059892857142858
Cu09,5.4378225,0.013962
Cu09,5.500687500000001,0.01384575
Cu09,5.5635525,0.013692642857142856
Cu09,5.6264175000000005,0.013543464285714285
Cu09,5.689282500000001,0.013375964285714286
Cu09,5.7521475,0.013177535714285715
Cu09,5.8150125,0.01295825
Cu09,5.8778775,0.012747214285714285
Cu09,5.940742500000001,0.012506
Cu09,6.0036075,0.012230785714285715
Cu09,6.066472500000001,0.011939535714285715
Cu09,6.1293375,0.011654928571428571
Cu09,6.1922025000000005,0.011358428571428571
Cu09,6.255067500000001,0.011021642857142857
Cu09,6.3179325,0.010690357142857142
Cu09,6.3807975,0.010358535714285714
Cu09,6.4436625,0.009988392857142857
Cu09,6.506527500000001,0.00963192857142857
Cu09,6.5693925,0.009281607142857144
Cu09,6.632257500000001,0.008915892857142857
Cu09,6.6951225,0.008549607142857144
Cu09,6.7579875000000005,0.0081805
Cu09,6.820852500000001,0.007795535714285714
Cu09,6.8837175,0.007445392857142857
Cu09,6.9465825,0.007076035714285714
Cu09,7.0094475,0.00672075
Cu09,7.072312500000001,0.006353642857142857
Cu09,7.135177500000001,0.005995035714285714
Cu09,7.198042500000001,0.005638964285714285
Cu09,7.2609075,0.005292535714285714
Cu09,7.3237725000000005,0.00496275
Cu09,7.386637500000001,0.004649928571428571
Cu09,7.4495025,0.0043260357142857146
Cu09,7.512367500000001,0.004022678571428571
Cu09,7.5752325,0.0037311785714285715
Cu09,7.638097500000001,0.003458892857142857
Cu09,7.700962500000001,0.0032028214285714286
Cu09,7.7638275000000005,0.002947142857142857
Cu09,7.8266925,0.0027178214285714284
Cu09,7.8895575000000004,0.002472964285714286
Cu09,7.952422500000001,0.002265142857142857
Cu09,8.0152875,0.0020607142857142855
Cu09,8.078152500000002,0.0018707857142857144
Cu09,8.1410175,0.001696357142857143
Cu09,8.2038825,0.0015270714285714286
Cu09,8.266747500000001,0.00137775
Cu09,8.3296125,0.0012449642857142857
Cu09,8.392477500000002,0.0011174642857142857
Cu09,8.4553425,0.0009992857142857143
Cu09,8.518207499999999,0.0008918214285714286
Cu09,8.581072500000001,0.00079675
Cu09,8.6439375,0.0007019642857142857
Cu09,8.706802500000002,0.0006248928571428572
Cu09,8.7696675,0.0005417142857142857
Cu09,8.8325325,0.0004803214285714286
Cu09,8.895397500000001,0.0004149642857142857
Cu09,8.9582625,0.00036092857142857145
Cu09,9.0211275,0.0003129285714285714
Cu09,9.0839925,0.0002695714285714286
Cu09,9.1468575,0.00023689285714285715
Cu09,9.209722500000002,0.0002044642857142857
Cu09,9.2725875,0.00017535714285714284
Cu09,9.3354525,0.00015303571428571428
Cu09,9.398317500000001,0.00012892857142857142
Cu09,9.4611825,0.00010853571428571428
Cu09,9.524047500000002,9.335714285714286e-05
Cu09,9.5869125,7.842857142857143e-05
Cu09,9.6497775,6.585714285714285e-05
Cu09,9.712642500000001,5.5e-05
Cu09,9.7755075,4.6392857142857145e-05
Cu09,9.838372500000002,4.003571428571429e-05
Cu09,9.9012375,3.3285714285714286e-05
Cu09,9.9641025,2.7357142857142856e-05
Cu09,10.026967500000001,2.45e-05
Cu09,10.0898325,2.1214285714285713e-05
Cu09,10.152697500000002,1.675e-05
Cu09,10.2155625,1.2785714285714286e-05
Cu09,10.2784275,1.0821428571428571e-05
Cu09,10.341292500000002,8.392857142857143e-06
Cu09,10.4041575,6.428571428571429e-06
Cu09,10.4670225,5.3928571428571425e-06
Cu09,10.529887500000001,4.321428571428572e-06
Cu09,10.5927525,2.8571428571428573e-06
Cu09,10.655617500000002,2.0714285714285713e-06
Cu09,10.7184825,1.857142857142857e-06
Cu09,10.7813475,1.6428571428571429e-06
Cu09,10.844212500000001,1.2142857142857142e-06
Cu09,10.9070775,1.0357142857142857e-06
Cu09,10.969942500000002,7.857142857142857e-07
Cu09,11.0328075,6.071428571428571e-07
Cu09,11.095672500000001,4.2857142857142857e-07
Cu09,11.158537500000001,3.2142857142857145e-07
Cu09,11.2214025,2.857142857142857e-07
Cu09,11.284267500000002,1.0714285714285714e-07
Cu09,11.3471325,1.4285714285714285e-07
Cu09,11.4099975,1.4285714285714285e-07
Cu09,11.472862500000002,1.0714285714285714e-07
Cu09,11.5357275,1.4285714285714285e-07
Cu09,11.598592500000002,7.142857142857142e-08
Ni10,0.0314325,0.21282092727272728
Ni10,0.0942975,0.004039090909090909
Ni10,0.1571625,0.0032958727272727273
Ni10,0.22002750000000001,0.0031213454545454544
Ni10,0.2828925,0.003116
Ni10,0.34575750000000005,0.0032523636363636366
Ni10,0.4086225,0.0033604727272727275
Ni10,0.47148750000000006,0.0035506181818181818
Ni10,0.5343525,0.003715181818181818
Ni10,0.5972175,0.0038734727272727275
Ni10,0.6600825000000001,0.004078454545454546
Ni10,0.7229475000000001,0.004265
Ni10,0.7858125,0.004426854545454545
Ni10,0.8486775,0.004601945454545455
Ni10,0.9115425000000001,0.004785909090909091
Ni10,0.9744075000000001,0.0049998
Ni10,1.0372725,0.0051521272727272725
Ni10,1.1001375,0.0053269090909090905
Ni10,1.1630025000000002,0.0054977818181818185
Ni10,1.2258675,0.005687745454545454
Ni10,1.2887325,0.0058618
Ni10,1.3515975,0.006042672727272727
Ni10,1.4144625000000002,0.006222236363636364
Ni10,1.4773275000000001,0.006404218181818182
Ni10,1.5401925,0.006583490909090909
Ni10,1.6030575,0.006763018181818182
Ni10,1.6659225000000002,0.006951109090909091
Ni10,1.7287875000000001,0.007129327272727273
Ni10,1.7916525,0.007308854545454545
Ni10,1.8545175,0.007486527272727273
Ni10,1.9173825000000002,0.007665418181818181
Ni10,1.9802475000000002,0.007838618181818182
Ni10,2.0431125000000003,0.008034854545454545
Ni10,2.1059775,0.008241490909090909
Ni10,2.1688425000000002,0.0084228
Ni10,2.2317074999999997,0.008596072727272728
Ni10,2.2945725,0.008765927272727273
Ni10,2.3574375000000005,0.0089336
Ni10,2.4203025,0.009114563636363636
Ni10,2.4831675000000004,0.009265127272727273
Ni10,2.5460325,0.009408145454545455
Ni10,2.6088975000000003,0.009579581818181818
Ni10,2.6717625,0.009728981818181819
Ni10,2.7346275,0.009856145454545455
Ni10,2.7974925000000006,0.010003927272727272
Ni10,2.8603575,0.010116290909090908
Ni10,2.9232225000000005,0.010235963636363636
Ni10,2.9860875,0.010360145454545455
Ni10,3.0489525000000004,0.01043649090909091
Ni10,3.1118175,0.010563127272727273
Ni10,3.1746825000000003,0.010619872727272727
Ni10,3.2375475,0.010721818181818181
Ni10,3.3004125,0.010759145454545455
Ni10,3.3632775000000006,0.010846036363636364
Ni10,3.4261425,0.010860581818181819
Ni10,3.4890075000000005,0.01091269090909091
Ni10,3.5518725,0.01094949090909091
Ni10,3.6147375000000004,0.010937836363636363
Ni10,3.6776025,0.0109556
Ni10,3.7404675000000003,0.010930127272727273
Ni10,3.8033325000000007,0.010899545454545455
Ni10,3.8661975,0.010872272727272727
Ni10,3.9290625000000006,0.010812763636363637
Ni10,3.9919275,0.010744345454545454
Ni10,4.0547925000000005,0.010670436363636364
Ni10,4.1176575,0.0106074
Ni10,4.1805225,0.010493363636363636
Ni10,4.243387500000001,0.010376963636363637
Ni10,4.3062525,0.010259036363636363
Ni10,4.3691175,0.010125381818181818
Ni10,4.4319825,0.009997509090909091
Ni10,4.4948475000000006,0.009827927272727273
Ni10,4.5577125,0.009663490909090909
Ni10,4.6205775000000004,0.009483763636363636
Ni10,4.6834425,0.009291654545454546
Ni10,4.7463075,0.009095618181818182
Ni10,4.809172500000001,0.008882872727272726
Ni10,4.8720375,0.00867
Ni10,4.9349025,0.008444872727272727
Ni10,4.9977675,0.008216418181818182
Ni10,5.0606325000000005,0.007991418181818182
Ni10,5.123497500000001,0.007752054545454546
Ni10,5.1863625,0.007510927272727273
Ni10,5.2492275,0.007261
Ni10,5.3120925,0.007010636363636364
Ni10,5.374957500000001,0.0067500727272727275
Ni10,5.4378225,0.006497890909090909
Ni10,5.500687500000001,0.006246127272727273
Ni10,5.5635525,0.005990581818181818
Ni10,5.6264175000000005,0.005730927272727272
Ni10,5.689282500000001,0.005483363636363636
Ni10,5.7521475,0.005224563636363636
Ni10,5.8150125,0.0049693818181818184
Ni10,5.8778775,0.004714672727272727
Ni10,5.940742500000001,0.004460909090909091
Ni10,6.0036075,0.004235127272727273
Ni10,6.066472500000001,0.003996945454545454
Ni10,6.1293375,0.0037678363636363637
Ni10,6.1922025000000005,0.003535490909090909
Ni10,6.255067500000001,0.0033197090909090907
Ni10,6.3179325,0.0031086181818181817
Ni10,6.3807975,0.0029074363636363634
Ni10,6.4436625,0.0027159272727272725
Ni10,6.506527500000001,0.002531509090909091
Ni10,6.5693925,0.002351218181818182
Ni10,6.632257500000001,0.002169309090909091
Ni10,6.6951225,0.002003909090909091
Ni10,6.7579875000000005,0.0018505454545454545
Ni10,6.820852500000001,0.0016988181818181818
Ni10,6.8837175,0.0015616545454545455
Ni10,6.9465825,0.0014249454545454546
Ni10,7.0094475,0.0013039636363636363
Ni10,7.072312500000001,0.0011849636363636363
Ni10,7.135177500000001,0.0010848727272727272
Ni10,7.198042500000001,0.0009826909090909091
Ni10,7.2609075,0.0008941818181818182
Ni10,7.3237725000000005,0.0008079090909090909
Ni10,7.386637500000001,0.0007289818181818182
Ni10,7.4495025,0.0006510545454545454
Ni10,7.512367500000001,0.0005865636363636364
Ni10,7.5752325,0.0005216545454545454
Ni10,7.638097500000001,0.0004640727272727273
Ni10,7.700962500000001,0.00041136363636363636
Ni10,7.7638275000000005,0.00036254545454545453
Ni10,7.8266925,0.00031976363636363635
Ni10,7.8895575000000004,0.00028027272727272726
Ni10,7.952422500000001,0.0002467090909090909
Ni10,8.0152875,0.0002172
Ni10,8.078152500000002,0.00019074545454545456
Ni10,8.1410175,0.0001669818181818182
Ni10,8.2038825,0.00014623636363636364
Ni10,8.266747500000001,0.0001269818181818182
Ni10,8.3296125,0.00010921818181818182
Ni10,8.392477500000002,9.305454545454546e-05
Ni10,8.4553425,8.123636363636363e-05
Ni10,8.518207499999999,6.934545454545455e-05
Ni10,8.581072500000001,5.887272727272727e-05
Ni10,8.6439375,4.994545454545454e-05
Ni10,8.706802500000002,4.2436363636363634e-05
Ni10,8.7696675,3.672727272727273e-05
Ni10,8.8325325,3.129090909090909e-05
Ni10,8.895397500000001,2.650909090909091e-05
Ni10,8.9582625,2.3054545454545456e-05
Ni10,9.0211275,1.9963636363636365e-05
Ni10,9.0839925,1.7218181818181818e-05
Ni10,9.1468575,1.4327272727272727e-05
Ni10,9.209722500000002,1.1127272727272727e-05
Ni10,9.2725875,9.145454545454546e-06
Ni10,9.3354525,7.272727272727272e-06
Ni10,9.398317500000001,5.836363636363637e-06
Ni10,9.4611825,4.927272727272727e-06
Ni10,9.524047500000002,4.018181818181818e-06
Ni10,9.5869125,2.8e-06
Ni10,9.6497775,2.0545454545454544e-06
Ni10,9.712642500000001,1.8363636363636365e-06
Ni10,9.7755075,1.5636363636363636e-06
Ni10,9.838372500000002,1.1636363636363636e-06
Ni10,9.9012375,9.818181818181818e-07
Ni10,9.9641025,8e-07
Ni10,10.026967500000001,6.363636363636364e-07
Ni10,10.0898325,5.454545454545455e-07
Ni10,10.152697500000002,3.6363636363636366e-07
Ni10,10.2155625,2.5454545454545453e-07
Ni10,10.2784275,2.5454545454545453e-07
Ni10,10.341292500000002,1.0909090909090909e-07
Ni10,10.4041575,1.0909090909090909e-07
Ni10,10.4670225,1.2727272727272726e-07
Ni10,10.529887500000001,1.2727272727272726e-07
Ni10,10.5927525,1.0909090909090909e-07
Ni10,10.655617500000002,9.090909090909091e-08
Ni10,10.7184825,5.4545454545454545e-08
Ir10,0.0314325,0.6064881188118811
Ir10,0.0942975,0.005528534653465347
Ir10,0.1571625,0.004552653465346535
Ir10,0.22002750000000001,0.0041841881188118815
Ir10,0.2828925,0.004060049504950495
Ir10,0.34575750000000005,0.004059217821782178
Ir10,0.4086225,0.004134465346534654
Ir10,0.47148750000000006,0.004253465346534653
Ir10,0.5343525,0.00439619801980198
Ir10,0.5972175,0.004551188118811881
Ir10,0.6600825000000001,0.0047105940594059405
Ir10,0.7229475000000001,0.004866425742574257
Ir10,0.7858125,0.0050256237623762376
Ir10,0.8486775,0.005227425742574257
Ir10,0.9115425000000001,0.005305227722772277
Ir10,0.9744075000000001,0.005438069306930693
Ir10,1.0372725,0.005624188118811881
Ir10,1.1001375,0.005666712871287128
Ir10,1.1630025000000002,0.005769762376237624
Ir10,1.2258675,0.005925514851485149
Ir10,1.2887325,0.0059411386138613865
Ir10,1.3515975,0.006084326732673268
Ir10,1.4144625000000002,0.0060830891089108914
Ir10,1.4773275000000001,0.006208504950495049
Ir10,1.5401925,0.006265950495049505
Ir10,1.6030575,0.0062357029702970294
Ir10,1.6659225000000002,0.006345287128712871
Ir10,1.7287875000000001,0.006300237623762376
Ir10,1.7916525,0.006391039603960396
Ir10,1.8545175,0.006404
Ir10,1.9173825000000002,0.006416762376237624
Ir10,1.9802475000000002,0.006341366336633663
Ir10,2.0431125000000003,0.006291059405940594
Ir10,2.1059775,0.006248257425742574
Ir10,2.1688425000000002,0.0062343861386138615
Ir10,2.2317074999999997,0.006207237623762376
Ir10,2.2945725,0.006182049504950495
Ir10,2.3574375000000005,0.006144752475247524
Ir10,2.4203025,0.0061007920792079205
Ir10,2.4831675000000004,0.006051257425742574
Ir10,2.5460325,0.005997257425742575
Ir10,2.6088975000000003,0.005936287128712871
Ir10,2.6717625,0.005867128712871287
Ir10,2.7346275,0.0057968910891089106
Ir10,2.7974925000000006,0.005716
Ir10,2.8603575,0.005639217821782178
Ir10,2.9232225000000005,0.005551198019801981
Ir10,2.9860875,0.005457158415841584
Ir10,3.0489525000000004,0.005357475247524753
Ir10,3.1118175,0.005258732673267327
Ir10,3.1746825000000003,0.00514850495049505
Ir10,3.2375475,0.005046227722772277
Ir10,3.3004125,0.004932168316831683
Ir10,3.3632775000000006,0.004811613861386139
Ir10,3.4261425,0.004695257425742574
Ir10,3.4890075000000005,0.004573079207920792
Ir10,3.5518725,0.0044496138613861385
Ir10,3.6147375000000004,0.004318079207920792
Ir10,3.6776025,0.0041943069306930696
Ir10,3.7404675000000003,0.004069653465346535
Ir10,3.8033325000000007,0.003937009900990099
Ir10,3.8661975,0.0038065049504950495
Ir10,3.9290625000000006,0.003680059405940594
Ir10,3.9919275,0.0035417128712871286
Ir10,4.0547925000000005,0.003416079207920792
Ir10,4.1176575,0.0032763960396039603
Ir10,4.1805225,0.0031453861386138613
Ir10,4.243387500000001,0.0030093069306930693
Ir10,4.3062525,0.002886871287128713
Ir10,4.3691175,0.002756871287128713
Ir10,4.4319825,0.002632079207920792
Ir10,4.4948475000000006,0.0025052673267326733
Ir10,4.5577125,0.00237729702970297
Ir10,4.6205775000000004,0.002258039603960396
Ir10,4.6834425,0.0021372673267326735
Ir10,4.7463075,0.0020224455445544552
Ir10,4.809172500000001,0.0019144554455445544
Ir10,4.8720375,0.0018055247524752475
Ir10,4.9349025,0.0017028613861386139
Ir10,4.9977675,0.0016032277227722772
Ir10,5.0606325000000005,0.0014973069306930694
Ir10,5.123497500000001,0.0014012574257425742
Ir10,5.1863625,0.001309019801980198
Ir10,5.2492275,0.0012226732673267327
Ir10,5.3120925,0.001141079207920792
Ir10,5.374957500000001,0.0010595544554455447
Ir10,5.4378225,0.00098090099009901
Ir10,5.500687500000001,0.0009076237623762376
Ir10,5.5635525,0.0008378019801980198
Ir10,5.6264175000000005,0.000774049504950495
Ir10,5.689282500000001,0.0007148019801980198
Ir10,5.7521475,0.0006572178217821782
Ir10,5.8150125,0.0006036237623762376
Ir10,5.8778775,0.0005531683168316832
Ir10,5.940742500000001,0.0005056534653465346
Ir10,6.0036075,0.0004614059405940594
Ir10,6.066472500000001,0.00041894059405940597
Ir10,6.1293375,0.00038155445544554455
Ir10,6.1922025000000005,0.0003455148514851485
Ir10,6.255067500000001,0.0003114653465346535
Ir10,6.3179325,0.0002804059405940594
Ir10,6.3807975,0.0002517029702970297
Ir10,6.4436625,0.00022541584158415842
Ir10,6.506527500000001,0.00020058415841584158
Ir10,6.5693925,0.0001796930693069307
Ir10,6.632257500000001,0.00016034653465346534
Ir10,6.6951225,0.00014301980198019802
Ir10,6.7579875000000005,0.00012655445544554455
Ir10,6.820852500000001,0.00011310891089108911
Ir10,6.8837175,0.00010001980198019802
Ir10,6.9465825,8.871287128712871e-05
Ir10,7.0094475,7.721782178217821e-05
Ir10,7.072312500000001,6.734653465346534e-05
Ir10,7.135177500000001,5.907920792079208e-05
Ir10,7.198042500000001,5.1485148514851485e-05
Ir10,7.2609075,4.471287128712871e-05
Ir10,7.3237725000000005,3.834653465346535e-05
Ir10,7.386637500000001,3.3326732673267324e-05
Ir10,7.4495025,2.8643564356435645e-05
Ir10,7.512367500000001,2.5306930693069305e-05
Ir10,7.5752325,2.2108910891089108e-05
Ir10,7.638097500000001,1.8762376237623763e-05
Ir10,7.700962500000001,1.6574257425742575e-05
Ir10,7.7638275000000005,1.4316831683168316e-05
Ir10,7.8266925,1.2871287128712871e-05
Ir10,7.8895575000000004,1.099009900990099e-05
Ir10,7.952422500000001,9.198019801980198e-06
Ir10,8.0152875,7.277227722772277e-06
Ir10,8.078152500000002,6.099009900990099e-06
Ir10,8.1410175,5e-06
Ir10,8.2038825,4.03960396039604e-06
Ir10,8.266747500000001,3.5544554455445546e-06
Ir10,8.3296125,2.900990099009901e-06
Ir10,8.392477500000002,2.297029702970297e-06
Ir10,8.4553425,1.6534653465346535e-06
Ir10,8.518207499999999,1.2376237623762377e-06
Ir10,8.581072500000001,1.1485148514851486e-06
Ir10,8.6439375,9.900990099009902e-07
Ir10,8.706802500000002,7.821782178217822e-07
Ir10,8.7696675,6.336633663366337e-07
Ir10,8.8325325,5.247524752475247e-07
Ir10,8.895397500000001,4.4554455445544555e-07
Ir10,8.9582625,3.7623762376237623e-07
Ir10,9.0211275,2.673267326732673e-07
Ir10,9.0839925,1.9801980198019803e-07
Ir10,9.1468575,1.4851485148514852e-07
Ir10,9.209722500000002,1.2871287128712872e-07
Ir10,9.2725875,6.93069306930693e-08
Ir10,9.3354525,7.920792079207921e-08
Ir10,9.398317500000001,7.920792079207921e-08
Ir10,9.4611825,7.920792079207921e-08
Ir10,9.524047500000002,7.920792079207921e-08
Ir10,9.5869125,4.950495049504951e-08
Ir10,9.6497775,3.960396039603961e-08
Cu10,0.0314325,0.9118636930693069
Cu10,0.0942975,0.002142079207920792
Cu10,0.1571625,0.0018515940594059407
Cu10,0.22002750000000001,0.001767960396039604
Cu10,0.2828925,0.0017616831683168316
Cu10,0.34575750000000005,0.0017742871287128714
Cu10,0.4086225,0.0017951683168316833
Cu10,0.47148750000000006,0.0018123465346534654
Cu10,0.5343525,0.0018372376237623762
Cu10,0.5972175,0.0018519504950495049
Cu10,0.6600825000000001,0.0018756534653465347
Cu10,0.7229475000000001,0.0018828712871287129
Cu10,0.7858125,0.0018984455445544555
Cu10,0.8486775,0.0019008712871287129
Cu10,0.9115425000000001,0.0019074356435643564
Cu10,0.9744075000000001,0.0019011188118811882
Cu10,1.0372725,0.001901990099009901
Cu10,1.1001375,0.001897871287128713
Cu10,1.1630025000000002,0.0018883366336633664
Cu10,1.2258675,0.001875940594059406
Cu10,1.2887325,0.00186290099009901
Cu10,1.3515975,0.0018466138613861386
Cu10,1.4144625000000002,0.001828950495049505
Cu10,1.4773275000000001,0.0018057623762376238
Cu10,1.5401925,0.001778009900990099
Cu10,1.6030575,0.0017517128712871287
Cu10,1.6659225000000002,0.001721148514851485
Cu10,1.7287875000000001,0.0016912079207920792
Cu10,1.7916525,0.0016515049504950495
Cu10,1.8545175,0.0016231683168316832
Cu10,1.9173825000000002,0.0015890693069306931
Cu10,1.9802475000000002,0.0015527821782178217
Cu10,2.0431125000000003,0.0015275346534653466
Cu10,2.1059775,0.0014926237623762377
Cu10,2.1688425000000002,0.0014520693069306932
Cu10,2.2317074999999997,0.001414029702970297
Cu10,2.2945725,0.0013703069306930692
Cu10,2.3574375000000005,0.0013246039603960395
Cu10,2.4203025,0.0012778316831683167
Cu10,2.4831675000000004,0.0012343663366336634
Cu10,2.5460325,0.0011891287128712872
Cu10,2.6088975000000003,0.0011456336633663365
Cu10,2.6717625,0.001099970297029703
Cu10,2.7346275,0.0010560990099009902
Cu10,2.7974925000000006,0.0010125346534653466
Cu10,2.8603575,0.0009669108910891089
Cu10,2.9232225000000005,0.0009235742574257425
Cu10,2.9860875,0.0008797326732673267
Cu10,3.0489525000000004,0.0008366435643564357
Cu10,3.1118175,0.0007955346534653465
Cu10,3.1746825000000003,0.0007581287128712871
Cu10,3.2375475,0.0007200297029702971
Cu10,3.3004125,0.000681990099009901
Cu10,3.3632775000000006,0.0006461881188118811
Cu10,3.4261425,0.0006101485148514851
Cu10,3.4890075000000005,0.0005738712871287128
Cu10,3.5518725,0.0005429009900990099
Cu10,3.6147375000000004,0.0005087425742574258
Cu10,3.6776025,0.0004765148514851485
Cu10,3.7404675000000003,0.0004461980198019802
Cu10,3.8033325000000007,0.0004172970297029703
Cu10,3.8661975,0.0003888910891089109
Cu10,3.9290625000000006,0.0003612178217821782
Cu10,3.9919275,0.00033366336633663366
Cu10,4.0547925000000005,0.0003100891089108911
Cu10,4.1176575,0.00028613861386138617
Cu10,4.1805225,0.0002636633663366337
Cu10,4.243387500000001,0.00024284158415841585
Cu10,4.3062525,0.00022257425742574257
Cu10,4.3691175,0.00020286138613861385
Cu10,4.4319825,0.00018675247524752475
Cu10,4.4948475000000006,0.00017078217821782179
Cu10,4.5577125,0.0001569009900990099
Cu10,4.6205775000000004,0.00014396039603960397
Cu10,4.6834425,0.00013095049504950495
Cu10,4.7463075,0.0001196930693069307
Cu10,4.809172500000001,0.00010946534653465347
Cu10,4.8720375,9.91980198019802e-05
Cu10,4.9349025,8.899009900990099e-05
Cu10,4.9977675,7.929702970297029e-05
Cu10,5.0606325000000005,7.164356435643564e-05
Cu10,5.123497500000001,6.450495049504951e-05
Cu10,5.1863625,5.840594059405941e-05
Cu10,5.2492275,5.124752475247525e-05
Cu10,5.3120925,4.553465346534653e-05
Cu10,5.374957500000001,4.0574257425742576e-05
Cu10,5.4378225,3.632673267326733e-05
Cu10,5.500687500000001,3.2089108910891086e-05
Cu10,5.5635525,2.907920792079208e-05
Cu10,5.6264175000000005,2.600990099009901e-05
Cu10,5.689282500000001,2.2732673267326732e-05
Cu10,5.7521475,2.017821782178218e-05
Cu10,5.8150125,1.8455445544554455e-05
Cu10,5.8778775,1.6465346534653467e-05
Cu10,5.940742500000001,1.496039603960396e-05
Cu10,6.0036075,1.303960396039604e-05
Cu10,6.066472500000001,1.0831683168316831e-05
Cu10,6.1293375,9.089108910891089e-06
Cu10,6.1922025000000005,7.801980198019802e-06
Cu10,6.255067500000001,6.584158415841584e-06
Cu10,6.3179325,5.5742574257425745e-06
Cu10,6.3807975,4.7128712871287125e-06
Cu10,6.4436625,4.158415841584158e-06
Cu10,6.506527500000001,3.574257425742574e-06
Cu10,6.5693925,2.7524752475247526e-06
Cu10,6.632257500000001,2.0396039603960395e-06
Cu10,6.6951225,1.6138613861386138e-06
Cu10,6.7579875000000005,1.5346534653465347e-06
Cu10,6.820852500000001,1.3663366336633663e-06
Cu10,6.8837175,1.1386138613861386e-06
Cu10,6.9465825,9.801980198019802e-07
Cu10,7.0094475,7.920792079207921e-07
Cu10,7.072312500000001,6.93069306930693e-07
Cu10,7.135177500000001,5.841584158415842e-07
Cu10,7.198042500000001,5.148514851485149e-07
Cu10,7.2609075,4.0594059405940595e-07
Cu10,7.3237725000000005,2.673267326732673e-07
Cu10,7.386637500000001,2.3762376237623763e-07
Cu10,7.4495025,1.9801980198019803e-07
Cu10,7.512367500000001,1.386138613861386e-07
Cu10,7.5752325,1.0891089108910891e-07
Cu10,7.638097500000001,9.900990099009901e-08
Cu10,7.700962500000001,1.0891089108910891e-07
Cu10,7.7638275000000005,1.0891089108910891e-07
Cu10,7.8266925,1.0891089108910891e-07
Cu10,7.8895575000000004,8.910891089108911e-08
Cu10,7.952422500000001,4.950495049504951e-08
SS02,0.0314325,0.9973879702970297
SS02,0.0942975,0.00016017821782178217
SS02,0.1571625,0.00010446534653465347
SS02,0.22002750000000001,6.388118811881188e-05
SS02,0.2828925,5.915841584158416e-05
SS02,0.34575750000000005,5.9514851485148516e-05
SS02,0.4086225,5.815841584158416e-05
SS02,0.47148750000000006,5.911881188118812e-05
SS02,0.5343525,6.0376237623762375e-05
SS02,0.5972175,6.103960396039604e-05
SS02,0.6600825000000001,6.103960396039604e-05
SS02,0.7229475000000001,6.27920792079208e-05
SS02,0.7858125,6.261386138613861e-05
SS02,0.8486775,6.336633663366337e-05
SS02,0.9115425000000001,6.304950495049504e-05
SS02,0.9744075000000001,6.317821782178217e-05
SS02,1.0372725,6.266336633663367e-05
SS02,1.1001375,6.23069306930693e-05
SS02,1.1630025000000002,6.152475247524752e-05
SS02,1.2258675,6.103960396039604e-05
SS02,1.2887325,5.9663366336633664e-05
SS02,1.3515975,5.902970297029703e-05
SS02,1.4144625000000002,5.7574257425742576e-05
SS02,1.4773275000000001,5.632673267326733e-05
SS02,1.5401925,5.546534653465346e-05
SS02,1.6030575,5.287128712871287e-05
SS02,1.6659225000000002,5.2633663366336636e-05
SS02,1.7287875000000001,5.017821782178218e-05
SS02,1.7916525,4.905940594059406e-05
SS02,1.8545175,4.708910891089109e-05
SS02,1.9173825000000002,4.520792079207921e-05
SS02,1.9802475000000002,4.3702970297029704e-05
SS02,2.0431125000000003,4.125742574257426e-05
SS02,2.1059775,4.0772277227722775e-05
SS02,2.1688425000000002,3.762376237623762e-05
SS02,2.2317074999999997,3.701980198019802e-05
SS02,2.2945725,3.446534653465347e-05
SS02,2.3574375000000005,3.30990099009901e-05
SS02,2.4203025,3.122772277227723e-05
SS02,2.4831675000000004,2.9514851485148516e-05
SS02,2.5460325,2.7980198019801982e-05
SS02,2.6088975000000003,2.6495049504950496e-05
SS02,2.6717625,2.4831683168316832e-05
SS02,2.7346275,2.384158415841584e-05
SS02,2.7974925000000006,2.2356435643564355e-05
SS02,2.8603575,2.0336633663366336e-05
SS02,2.9232225000000005,2.0158415841584158e-05
SS02,2.9860875,1.813861386138614e-05
SS02,3.0489525000000004,1.7336633663366338e-05
SS02,3.1118175,1.608910891089109e-05
SS02,3.1746825000000003,1.4613861386138615e-05
SS02,3.2375475,1.40990099009901e-05
SS02,3.3004125,1.2495049504950494e-05
SS02,3.3632775000000006,1.194059405940594e-05
SS02,3.4261425,1.0940594059405941e-05
SS02,3.4890075000000005,9.821782178217821e-06
SS02,3.5518725,9.405940594059405e-06
SS02,3.6147375000000004,8.435643564356435e-06
SS02,3.6776025,7.3861386138613864e-06
SS02,3.7404675000000003,7.099009900990099e-06
SS02,3.8033325000000007,6.415841584158416e-06
SS02,3.8661975,5.683168316831683e-06
SS02,3.9290625000000006,5.455445544554455e-06
SS02,3.9919275,4.910891089108911e-06
SS02,4.0547925000000005,4.653465346534654e-06
SS02,4.1176575,4e-06
SS02,4.1805225,3.821782178217822e-06
SS02,4.243387500000001,3.316831683168317e-06
SS02,4.3062525,3.099009900990099e-06
SS02,4.3691175,2.9306930693069308e-06
SS02,4.4319825,2.722772277227723e-06
SS02,4.4948475000000006,2.326732673267327e-06
SS02,4.5577125,2.178217821782178e-06
SS02,4.6205775000000004,1.811881188118812e-06
SS02,4.6834425,1.603960396039604e-06
SS02,4.7463075,1.3663366336633663e-06
SS02,4.809172500000001,1.207920792079208e-06
SS02,4.8720375,1.00990099009901e-06
SS02,4.9349025,9.00990099009901e-07
SS02,4.9977675,8.217821782178218e-07
SS02,5.0606325000000005,7.326732673267327e-07
SS02,5.123497500000001,6.138613861386138e-07
SS02,5.1863625,5.544554455445544e-07
SS02,5.2492275,3.9603960396039606e-07
SS02,5.3120925,3.3663366336633663e-07
SS02,5.374957500000001,2.5742574257425743e-07
SS02,5.4378225,2.9702970297029703e-07
SS02,5.500687500000001,2.3762376237623763e-07
SS02,5.5635525,1.4851485148514852e-07
SS02,5.6264175000000005,1.8811881188118812e-07
SS02,5.689282500000001,1.5841584158415843e-07
SS02,5.7521475,1.386138613861386e-07
SS02,5.8150125,1.2871287128712872e-07
SS02,5.8778775,1.0891089108910891e-07
SS02,5.940742500000001,5.940594059405941e-08
SS02,6.0036075,7.920792079207921e-08
SS02,6.066472500000001,4.950495049504951e-08
SS02,6.1293375,3.960396039603961e-08
SS02,6.1922025000000005,3.960396039603961e-08
SS02,6.255067500000001,1.9801980198019804e-08
SS02,6.3179325,1.9801980198019804e-08
SS02,6.3807975,1.9801980198019804e-08
SS02,6.4436625,1.9801980198019804e-08
SS02,6.506527500000001,1.9801980198019804e-08
SS02,6.5693925,1.9801980198019804e-08
SS02,6.632257500000001,1.9801980198019804e-08
SS02,6.6951225,1.9801980198019804e-08
SS02,6.7579875000000005,9.900990099009902e-09
