#             0.000000e+00 7.706400e-01 1.115556e+00 1.481830e+00 1.623430e+00 1.725000e+00 2.094340e+00 2.107440e+00 2.212840e+00 2.278500e+00 2.329050e+00 2.406600e+00 2.525740e+00 2.533040e+00 2.533900e+00 2.593400e+00 2.620000e+00 2.643500e+00 2.649670e+00 2.654900e+00 2.669000e+00 2.752800e+00 2.839000e+00 2.862770e+00 2.866890e+00 2.874470e+00 2.894490e+00 2.902470e+00 2.947600e+00 2.977000e+00 2.990000e+00 2.996900e+00 3.036000e+00 3.079000e+00 3.079690e+00 3.086000e+00 3.116000e+00 3.120200e+00 3.127000e+00 3.132000e+00 3.143000e+00 3.144000e+00
 1.000000e+00 2.574476e-19 0.000000e+00 0.000000e+00 0.000000e+00 0.000000e+00 0.000000e+00 0.000000e+00 0.000000e+00 0.000000e+00 0.000000e+00 0.000000e+00 0.000000e+00 0.000000e+00 0.000000e+00 0.000000e+00 0.000000e+00 0.000000e+00 0.000000e+00 0.000000e+00 0.000000e+00 0.000000e+00 0.000000e+00 0.000000e+00 0.000000e+00 0.000000e+00 0.000000e+00 0.000000e+00 0.000000e+00 0.000000e+00 0.000000e+00 0.000000e+00 0.000000e+00 0.000000e+00 0.000000e+00 0.000000e+00 0.000000e+00 0.000000e+00 0.000000e+00 0.000000e+00 0.000000e+00 0.000000e+00 0.000000e+00
 3.500000e+00 2.551585e-03 1.366143e-04 5.669449e-05 6.036612e-06 2.465133e-06 9.906776e-07 2.148417e-08 2.059001e-08 2.598457e-09 1.559098e-09 6.922795e-10 1.180999e-10 9.078783e-12 1.185202e-11 7.464458e-12 2.542575e-12 6.544226e-13 5.495787e-13 5.098368e-13 3.963566e-13 2.561967e-13 1.332201e-14 3.465399e-16 1.124486e-16 9.111621e-17 6.597151e-17 1.947613e-17 1.784095e-17 2.712786e-18 0.000000e+00 0.000000e+00 0.000000e+00 0.000000e+00 0.000000e+00 0.000000e+00 0.000000e+00 0.000000e+00 0.000000e+00 0.000000e+00 0.000000e+00 0.000000e+00 0.000000e+00
 6.000000e+00 2.890627e-02 9.795054e-03 1.768836e-02 1.341711e-02 1.022023e-02 6.977678e-03 5.457502e-03 4.851075e-03 1.703735e-03 3.819987e-03 2.459237e-03 2.806995e-03 2.119824e-03 1.961772e-03 2.077706e-03 1.685891e-03 6.817022e-04 1.154394e-03 1.455325e-03 1.129175e-03 1.087278e-03 1.176466e-03 9.123064e-04 6.168413e-04 6.141839e-04 5.999453e-04 5.588572e-04 7.055975e-04 6.033709e-04 5.878437e-04 5.547687e-04 4.782473e-04 4.531679e-04 1.664904e-04 3.002133e-04 2.960182e-04 1.456429e-04 2.614307e-04 1.404760e-04 3.466661e-04 3.327318e-04 3.298909e-03
 8.500000e+00 1.049305e-02 4.406278e-03 1.118583e-02 1.262988e-02 9.500654e-03 6.439392e-03 1.001093e-02 7.860216e-03 2.698796e-03 9.214792e-03 4.998072e-03 1.001972e-02 9.429070e-03 6.408696e-03 9.388660e-03 6.203667e-03 2.218734e-03 4.222094e-03 6.012972e-03 4.220919e-03 4.187485e-03 7.089991e-03 6.727328e-03 3.709215e-03 3.721256e-03 3.703532e-03 3.635680e-03 5.209461e-03 5.014379e-03 6.152273e-03 7.154507e-03 7.744579e-03 4.764215e-03 1.659874e-03 3.210973e-03 3.214384e-03 1.616891e-03 3.136470e-03 1.613017e-03 5.581222e-03 5.536163e-03 6.902372e-01
 1.100000e+01 2.630369e-03 1.139513e-03 3.231947e-03 4.077825e-03 2.935885e-03 1.924629e-03 3.603065e-03 2.651352e-03 8.533478e-04 3.458825e-03 1.682303e-03 4.209798e-03 4.095679e-03 2.399802e-03 4.087846e-03 2.364054e-03 7.784971e-04 1.544848e-03 2.330717e-03 1.551758e-03 1.546115e-03 3.051543e-03 2.983959e-03 1.458272e-03 1.466997e-03 1.463970e-03 1.445757e-03 2.201105e-03 2.154074e-03 2.875578e-03 3.646904e-03 4.349994e-03 2.120913e-03 6.827492e-04 1.372755e-03 1.379585e-03 6.755108e-04 1.365963e-03 6.778877e-04 2.783173e-03 2.774405e-03 3.728482e+00
 1.350000e+01 6.453145e-04 2.813892e-04 8.429722e-04 1.119565e-03 7.828439e-04 5.025407e-04 1.022258e-03 7.257926e-04 2.245371e-04 9.929811e-04 4.546254e-04 1.272342e-03 1.248716e-03 6.758909e-04 1.247097e-03 6.688373e-04 2.106095e-04 4.261495e-04 6.622675e-04 4.290778e-04 4.279776e-04 9.071609e-04 8.936449e-04 4.093452e-04 4.125847e-04 4.119969e-04 4.069240e-04 6.394132e-04 6.275844e-04 8.720175e-04 1.156396e-03 1.451367e-03 6.236842e-04 1.915730e-04 3.928292e-04 3.956530e-04 1.901887e-04 3.930211e-04 1.912275e-04 8.573590e-04 8.556135e-04 8.560059e+00
 1.600000e+01 1.645625e-04 7.181495e-05 2.225622e-04 3.047913e-04 2.088190e-04 1.322003e-04 2.823128e-04 1.958810e-04 5.906043e-05 2.756018e-04 1.214480e-04 3.641617e-04 3.586633e-04 1.846485e-04 3.582869e-04 1.830670e-04 5.610769e-05 1.147825e-04 1.815953e-04 1.157521e-04 1.155074e-04 2.552744e-04 2.522164e-04 1.110546e-04 1.120883e-04 1.119579e-04 1.105182e-04 1.770045e-04 1.738479e-04 2.473329e-04 3.373113e-04 4.371828e-04 1.734960e-04 5.177029e-05 1.074017e-04 1.083379e-04 5.146592e-05 1.077559e-04 5.182322e-05 2.448252e-04 2.444323e-04 1.215131e+01
 1.850000e+01 4.448774e-05 1.938820e-05 6.156611e-05 8.615734e-05 5.810412e-05 3.640725e-05 8.042741e-05 5.486460e-05 1.623564e-05 7.872645e-05 3.374421e-05 1.063282e-04 1.049092e-04 5.206613e-05 1.048122e-04 5.167312e-05 1.554114e-05 3.202917e-05 5.130761e-05 3.233897e-05 3.227867e-05 7.342673e-05 7.265825e-05 3.111258e-05 3.143686e-05 3.140478e-05 3.098080e-05 5.028588e-05 4.938634e-05 7.143227e-05 9.942479e-05 1.319529e-04 4.941634e-05 1.444961e-05 3.021547e-05 3.051452e-05 1.437522e-05 3.037153e-05 1.449166e-05 7.097661e-05 7.087882e-05 1.249709e+01
 2.100000e+01 1.256267e-05 5.465660e-06 1.768905e-05 2.517393e-05 1.675922e-05 1.041604e-05 2.361091e-05 1.589128e-05 4.634407e-06 2.314861e-05 9.710178e-06 3.180690e-05 3.141406e-05 1.514373e-05 3.138722e-05 1.503889e-05 4.458809e-06 9.238462e-06 1.494143e-05 9.338406e-06 9.322463e-06 2.167518e-05 2.146771e-05 8.996437e-06 9.099981e-06 9.091506e-06 8.961662e-06 1.469532e-05 1.442974e-05 2.113715e-05 2.990095e-05 4.045137e-05 1.446389e-05 4.164994e-06 8.759830e-06 8.856448e-06 4.145465e-06 8.818705e-06 4.182855e-06 2.105206e-05 2.102554e-05 1.152006e+01
 2.350000e+01 3.770103e-06 1.636842e-06 5.381425e-06 7.765913e-06 5.112410e-06 3.155187e-06 7.307215e-06 4.862130e-06 1.400792e-06 7.171963e-06 2.953951e-06 9.998901e-06 9.881795e-06 4.647118e-06 9.873800e-06 4.617007e-06 1.353213e-06 2.815706e-06 4.588923e-06 2.848090e-06 2.843556e-06 6.732416e-06 6.672042e-06 2.746909e-06 2.780312e-06 2.777904e-06 2.737028e-06 4.525514e-06 4.442144e-06 6.575917e-06 9.431784e-06 1.297140e-05 4.459144e-06 1.268021e-06 2.679690e-06 2.711120e-06 1.262503e-06 2.700399e-06 1.275147e-06 6.560808e-06 6.553101e-06 1.018086e+01
 2.600000e+01 1.175845e-06 5.095550e-07 1.697947e-06 2.479755e-06 1.616415e-06 9.914759e-07 2.338542e-06 1.540638e-06 4.392429e-07 2.296985e-06 9.312074e-07 3.243195e-06 3.206555e-06 1.475638e-06 3.204055e-06 1.466543e-06 4.256216e-07 8.887315e-07 1.458092e-06 8.995532e-07 8.981971e-07 2.159764e-06 2.141282e-06 8.681627e-07 8.792834e-07 8.785634e-07 8.652093e-07 1.440580e-06 1.413791e-06 2.111877e-06 3.066079e-06 4.278778e-06 1.420559e-06 3.997503e-07 8.480445e-07 8.585678e-07 3.981109e-07 8.553652e-07 4.023877e-07 2.109680e-06 2.107324e-06 8.922485e+00
 2.850000e+01 3.837491e-07 1.659744e-07 5.597659e-07 8.261421e-07 5.336888e-07 3.255116e-07 7.804920e-07 5.095743e-07 1.439250e-07 7.670814e-07 3.065395e-07 1.095514e-06 1.083485e-06 4.889203e-07 1.082664e-06 4.860323e-07 1.398229e-07 2.928772e-07 4.833490e-07 2.965845e-07 2.961581e-07 7.221595e-07 7.162112e-07 2.864088e-07 2.902120e-07 2.899856e-07 2.854801e-07 4.782569e-07 4.692886e-07 7.067502e-07 1.037424e-06 1.467010e-06 4.719015e-07 1.315823e-07 2.800936e-07 2.837111e-07 1.310697e-07 2.827042e-07 1.325608e-07 7.067722e-07 7.060144e-07 7.767179e+00
 3.100000e+01 1.294937e-07 5.586427e-08 1.904440e-07 2.837345e-07 1.817637e-07 1.102775e-07 2.683692e-07 1.737654e-07 4.865313e-08 2.638655e-07 1.040506e-07 3.808190e-07 3.767168e-07 1.669299e-07 3.764371e-07 1.659752e-07 4.736167e-08 9.949173e-08 1.650884e-07 1.007894e-07 1.006499e-07 2.486251e-07 2.466348e-07 9.737515e-08 9.870399e-08 9.862995e-08 9.707141e-08 1.635405e-07 1.604454e-07 2.434709e-07 3.610894e-07 5.168582e-07 1.614658e-07 4.464069e-08 9.532309e-08 9.659141e-08 4.447398e-08 9.626221e-08 4.500479e-08 2.437042e-07 2.434509e-07 6.786961e+00
 3.350000e+01 4.485903e-08 1.931004e-08 6.646466e-08 9.985223e-08 6.348805e-08 3.833445e-08 9.454914e-08 6.076548e-08 1.688061e-08 9.298949e-08 3.623241e-08 1.354692e-07 1.340290e-07 5.842869e-08 1.339308e-07 5.810252e-08 1.645816e-08 3.466277e-08 5.779960e-08 3.512781e-08 3.508055e-08 8.766986e-08 8.698215e-08 3.394630e-08 3.442183e-08 3.439677e-08 3.384351e-08 5.730775e-08 5.621434e-08 8.588937e-08 1.285294e-07 1.859711e-07 5.659179e-08 1.552729e-08 3.324767e-08 3.370250e-08 1.547120e-08 3.359117e-08 1.566262e-08 8.600676e-08 8.591935e-08 5.923275e+00
 3.600000e+01 1.596442e-08 6.860040e-09 2.382154e-08 3.606773e-08 2.277022e-08 1.368706e-08 3.416323e-08 2.180661e-08 6.013878e-09 3.360817e-08 1.295064e-08 4.938212e-08 4.886318e-08 2.098468e-08 4.882780e-08 2.087000e-08 5.871349e-09 1.239582e-08 2.076350e-08 1.256552e-08 1.254904e-08 3.170160e-08 3.145719e-08 1.214606e-08 1.231944e-08 1.231071e-08 1.211023e-08 2.060209e-08 2.020633e-08 3.106891e-08 4.688250e-08 6.850196e-08 2.035048e-08 5.544510e-09 1.190257e-08 1.206877e-08 5.525061e-09 1.202998e-08 5.595474e-09 3.112550e-08 3.109445e-08 5.184836e+00
 3.850000e+01 5.932109e-09 2.541811e-09 8.900612e-09 1.356987e-08 8.511310e-09 5.093470e-09 1.286176e-08 8.155765e-09 2.233234e-09 1.265489e-08 4.824155e-09 1.874715e-08 1.855149e-08 7.852916e-09 1.853815e-08 7.810690e-09 2.182661e-09 4.619195e-09 7.771486e-09 4.683494e-09 4.677479e-09 1.194069e-08 1.184979e-08 4.528038e-09 4.593680e-09 4.590493e-09 4.514966e-09 7.715475e-09 7.566470e-09 1.170542e-08 1.780535e-08 2.626090e-08 7.622937e-09 2.062737e-09 4.439213e-09 4.502233e-09 2.056536e-09 4.490018e-09 2.083392e-09 1.173623e-08 1.172468e-08 4.641199e+00
 4.100000e+01 2.266508e-09 9.689415e-10 3.417061e-09 5.248067e-09 3.272093e-09 1.950268e-09 4.975885e-09 3.136697e-09 8.533011e-10 4.896436e-09 1.848482e-09 7.305954e-09 7.230113e-09 3.021488e-09 7.224944e-09 3.005434e-09 8.346701e-10 1.770332e-09 2.990531e-09 1.795375e-09 1.793105e-09 4.621026e-09 4.586170e-09 1.735935e-09 1.761485e-09 1.760283e-09 1.731004e-09 2.970244e-09 2.912628e-09 4.530830e-09 6.941075e-09 1.032053e-08 2.935092e-09 7.892416e-10 1.702435e-09 1.726996e-09 7.865922e-10 1.721662e-09 7.970605e-10 4.542076e-09 4.537654e-09 4.112806e+00
