# Reaction        (x,n)        (x,p)        (x,A)        (x,d)        (x,t)        (x,h)        (x,2n)       (x,np)       (x,nA)       (x,nd)       (x,nt)       (x,nh)       (x,2p)       (x,pA)       (x,pd)       (x,2A)   (x,Ad)   (x,3n)       (x,2np)      (x,2nA)      (x,npA)      (x,n2p)      (x,4n)       (x,5n)               
 1.000000e+00 7.910699e-06 8.366701e-07 3.538246e-06 5.109669e-19 0.000000e+00 0.000000e+00 0.000000e+00 0.000000e+00 5.913261e-17 0.000000e+00 0.000000e+00 0.000000e+00 0.000000e+00 0.000000e+00 0.000000e+00 1.932802e-34 0.000000e+00 0.000000e+00 0.000000e+00 0.000000e+00 0.000000e+00 0.000000e+00 0.000000e+00 0.000000e+00
 3.500000e+00 5.335505e+01 1.636505e+01 6.615583e+00 7.131448e-03 0.000000e+00 0.000000e+00 0.000000e+00 7.170460e-04 1.719326e-02 0.000000e+00 0.000000e+00 0.000000e+00 4.144907e-11 4.611043e-19 0.000000e+00 3.247612e-15 0.000000e+00 0.000000e+00 0.000000e+00 0.000000e+00 0.000000e+00 0.000000e+00 0.000000e+00 0.000000e+00
 6.000000e+00 3.936784e+02 1.740640e+02 3.477801e+01 5.652668e-01 0.000000e+00 0.000000e+00 0.000000e+00 1.024276e+02 2.250560e+01 0.000000e+00 0.000000e+00 0.000000e+00 4.176046e-03 9.022260e-08 0.000000e+00 1.776874e-08 0.000000e+00 0.000000e+00 0.000000e+00 0.000000e+00 0.000000e+00 0.000000e+00 0.000000e+00 0.000000e+00
 8.500000e+00 3.207788e+02 2.057156e+02 3.899980e+01 2.372753e+00 0.000000e+00 0.000000e+00 9.478397e+01 4.391403e+02 8.781663e+01 0.000000e+00 0.000000e+00 0.000000e+00 6.523488e-01 1.187625e-03 7.137678e-11 4.737639e-05 4.725298e-26 0.000000e+00 0.000000e+00 0.000000e+00 0.000000e+00 0.000000e+00 0.000000e+00 0.000000e+00
 1.100000e+01 2.260028e+02 1.888769e+02 2.805466e+01 5.399583e+00 0.000000e+00 0.000000e+00 2.716707e+02 5.938085e+02 1.172870e+02 0.000000e+00 0.000000e+00 0.000000e+00 3.968692e+00 1.431980e-01 3.449963e-03 5.164684e-03 6.400576e-10 0.000000e+00 0.000000e+00 0.000000e+00 3.671453e-21 1.141108e-08 0.000000e+00 0.000000e+00
 1.350000e+01 1.943763e+02 1.897198e+02 1.904986e+01 9.946072e+00 0.000000e+00 0.000000e+00 3.394981e+02 6.572290e+02 1.527235e+02 4.397524e-04 0.000000e+00 0.000000e+00 9.152311e+00 2.426798e+00 5.058330e-01 9.268780e-02 1.575341e-04 0.000000e+00 0.000000e+00 3.343044e-08 3.321493e-08 3.919049e-02 0.000000e+00 0.000000e+00
 1.600000e+01 1.845970e+02 1.984939e+02 1.409909e+01 1.278706e+01 0.000000e+00 0.000000e+00 3.370533e+02 7.033287e+02 1.759318e+02 8.527062e-01 0.000000e+00 0.000000e+00 1.257883e+01 9.824671e+00 3.157422e+00 5.733782e-01 2.604504e-02 4.058569e-06 2.069512e-01 3.897400e-02 3.396793e-03 6.121874e+00 0.000000e+00 0.000000e+00
 1.850000e+01 1.788157e+02 2.003647e+02 1.117721e+01 1.245379e+01 0.000000e+00 0.000000e+00 2.952180e+02 7.067044e+02 1.744304e+02 6.481840e+00 0.000000e+00 0.000000e+00 1.396201e+01 1.729819e+01 5.010059e+00 1.525933e+00 1.693503e-01 2.121366e+00 3.160659e+01 3.035011e+00 7.405520e-01 5.223223e+01 0.000000e+00 0.000000e+00
 2.100000e+01 1.731602e+02 2.004401e+02 9.083645e+00 1.097428e+01 0.000000e+00 0.000000e+00 2.148003e+02 6.282521e+02 1.564064e+02 1.398279e+01 0.000000e+00 0.000000e+00 1.340326e+01 2.078881e+01 6.005980e+00 2.437950e+00 5.117068e-01 1.118262e+01 1.577237e+02 1.780007e+01 7.883616e+00 1.030657e+02 0.000000e+00 0.000000e+00
 2.350000e+01 1.652848e+02 1.976758e+02 7.660164e+00 9.571702e+00 0.000000e+00 0.000000e+00 1.520634e+02 5.337850e+02 1.253355e+02 2.053898e+01 0.000000e+00 0.000000e+00 1.213930e+01 2.032548e+01 6.886002e+00 2.899954e+00 1.202612e+00 2.451982e+01 3.046769e+02 4.539245e+01 2.261304e+01 1.173297e+02 0.000000e+00 0.000000e+00
 2.600000e+01 1.567698e+02 1.929937e+02 6.342072e+00 8.482756e+00 0.000000e+00 0.000000e+00 1.205237e+02 4.692178e+02 9.534216e+01 2.498446e+01 0.000000e+00 0.000000e+00 1.119822e+01 1.727512e+01 7.627271e+00 2.803719e+00 1.941514e+00 3.581987e+01 3.963578e+02 7.364997e+01 4.118114e+01 1.195546e+02 0.000000e+00 0.000000e+00
 2.850000e+01 1.484088e+02 1.866608e+02 5.294326e+00 7.353078e+00 0.000000e+00 0.000000e+00 1.044473e+02 4.361647e+02 7.438800e+01 2.544773e+01 0.000000e+00 0.000000e+00 1.072595e+01 1.414677e+01 7.877855e+00 2.315071e+00 2.429407e+00 4.128640e+01 4.396087e+02 8.955355e+01 5.902204e+01 1.216362e+02 0.000000e+00 0.000000e+00
 3.100000e+01 1.449996e+02 1.775244e+02 4.456903e+00 6.367104e+00 0.000000e+00 0.000000e+00 9.680741e+01 4.170810e+02 6.173819e+01 2.276322e+01 0.000000e+00 0.000000e+00 1.042981e+01 1.177792e+01 7.476215e+00 1.754202e+00 2.577416e+00 4.118742e+01 4.396336e+02 9.122862e+01 7.072928e+01 1.239374e+02 4.292065e-04 0.000000e+00
 3.350000e+01 1.372382e+02 1.697747e+02 3.774096e+00 5.555406e+00 0.000000e+00 0.000000e+00 9.225470e+01 4.042454e+02 5.426616e+01 1.963147e+01 0.000000e+00 0.000000e+00 1.025293e+01 1.039570e+01 6.584919e+00 1.301697e+00 2.396970e+00 3.543186e+01 4.055718e+02 8.454126e+01 7.540034e+01 1.242915e+02 5.000773e-02 0.000000e+00
 3.600000e+01 1.298449e+02 1.623626e+02 3.200925e+00 4.868252e+00 0.000000e+00 0.000000e+00 8.826823e+01 3.922892e+02 4.998373e+01 1.675673e+01 0.000000e+00 0.000000e+00 1.008129e+01 9.590598e+00 5.758366e+00 9.805278e-01 2.057478e+00 2.875642e+01 3.602484e+02 7.265680e+01 7.374076e+01 1.193973e+02 3.781734e-01 0.000000e+00
 3.850000e+01 1.228519e+02 1.608821e+02 2.733035e+00 4.287253e+00 0.000000e+00 0.000000e+00 8.472401e+01 3.801018e+02 4.643940e+01 1.446341e+01 0.000000e+00 0.000000e+00 9.870286e+00 9.094418e+00 5.050470e+00 7.685015e-01 1.700251e+00 2.313471e+01 3.220415e+02 5.892922e+01 6.643703e+01 1.123483e+02 1.089972e+00 0.000000e+00
 4.100000e+01 1.163014e+02 1.537406e+02 2.346874e+00 3.796549e+00 0.000000e+00 0.000000e+00 8.128208e+01 3.674832e+02 4.357052e+01 1.266601e+01 0.000000e+00 0.000000e+00 9.619342e+00 8.730945e+00 4.456102e+00 6.433158e-01 1.435663e+00 1.985215e+01 2.950579e+02 4.773388e+01 5.811089e+01 1.074064e+02 2.007319e+00 4.809199e-09
