# Nuclide Ex         30065         ----         ----        29064         ----         ----        29062         ----         ----        30063         ----         ----        29062         ----         ----        29061         ----         ----        28063         ----         ----        27060 5.859000e-02         ----        30062         ----         ----        29062         ----         ----        28059         ----         ----        30061 8.840000e-02 4.181000e-01        30060         ----         ----
# Particle L        000000         ----         ----       010000         ----         ----       000010         ----         ----       200000         ----         ----       100100         ----         ----       100010         ----         ----       020000         ----         ----       011000            1         ----       300000         ----         ----       210000         ----         ----       201000         ----         ----       400000            1            3       500000         ----         ----
# HalfLife    2.108000e+07 0.000000e+00 0.000000e+00 4.572000e+04 0.000000e+00 0.000000e+00 5.802000e+02 0.000000e+00 0.000000e+00 2.308000e+03 0.000000e+00 0.000000e+00 5.802000e+02 0.000000e+00 0.000000e+00 1.200000e+04 0.000000e+00 0.000000e+00 3.194000e+09 0.000000e+00 0.000000e+00 1.663000e+08 6.280000e+02 0.000000e+00 3.309000e+04 0.000000e+00 0.000000e+00 5.802000e+02 0.000000e+00 0.000000e+00 3.187000e+12 0.000000e+00 0.000000e+00 8.910000e+01 4.300000e-01 1.400000e-01 1.428000e+02 0.000000e+00 0.000000e+00
 1.000000e+00 3.090095e-12 0.000000e+00 0.000000e+00 8.366701e-07 0.000000e+00 0.000000e+00 0.000000e+00 0.000000e+00 0.000000e+00 0.000000e+00 0.000000e+00 0.000000e+00 0.000000e+00 0.000000e+00 0.000000e+00 0.000000e+00 0.000000e+00 0.000000e+00 0.000000e+00 0.000000e+00 0.000000e+00 0.000000e+00 0.000000e+00 0.000000e+00 0.000000e+00 0.000000e+00 0.000000e+00 0.000000e+00 0.000000e+00 0.000000e+00 0.000000e+00 0.000000e+00 0.000000e+00 0.000000e+00 0.000000e+00 0.000000e+00 0.000000e+00 0.000000e+00 0.000000e+00
 3.500000e+00 1.249919e-02 0.000000e+00 0.000000e+00 1.636505e+01 0.000000e+00 0.000000e+00 0.000000e+00 0.000000e+00 0.000000e+00 0.000000e+00 0.000000e+00 0.000000e+00 0.000000e+00 0.000000e+00 0.000000e+00 0.000000e+00 0.000000e+00 0.000000e+00 4.144907e-11 0.000000e+00 0.000000e+00 4.395659e-19 2.153840e-20 0.000000e+00 0.000000e+00 0.000000e+00 0.000000e+00 0.000000e+00 0.000000e+00 0.000000e+00 0.000000e+00 0.000000e+00 0.000000e+00 0.000000e+00 0.000000e+00 0.000000e+00 0.000000e+00 0.000000e+00 0.000000e+00
 6.000000e+00 7.966709e-02 0.000000e+00 0.000000e+00 1.740640e+02 0.000000e+00 0.000000e+00 0.000000e+00 0.000000e+00 0.000000e+00 0.000000e+00 0.000000e+00 0.000000e+00 0.000000e+00 0.000000e+00 0.000000e+00 0.000000e+00 0.000000e+00 0.000000e+00 4.176046e-03 0.000000e+00 0.000000e+00 8.555683e-08 4.665773e-09 0.000000e+00 0.000000e+00 0.000000e+00 0.000000e+00 0.000000e+00 0.000000e+00 0.000000e+00 0.000000e+00 0.000000e+00 0.000000e+00 0.000000e+00 0.000000e+00 0.000000e+00 0.000000e+00 0.000000e+00 0.000000e+00
 8.500000e+00 7.009471e-02 0.000000e+00 0.000000e+00 2.057156e+02 0.000000e+00 0.000000e+00 0.000000e+00 0.000000e+00 0.000000e+00 9.478397e+01 0.000000e+00 0.000000e+00 0.000000e+00 0.000000e+00 0.000000e+00 0.000000e+00 0.000000e+00 0.000000e+00 6.523488e-01 0.000000e+00 0.000000e+00 1.085040e-03 1.025841e-04 0.000000e+00 0.000000e+00 0.000000e+00 0.000000e+00 0.000000e+00 0.000000e+00 0.000000e+00 0.000000e+00 0.000000e+00 0.000000e+00 0.000000e+00 0.000000e+00 0.000000e+00 0.000000e+00 0.000000e+00 0.000000e+00
 1.100000e+01 3.695871e-02 0.000000e+00 0.000000e+00 1.888769e+02 0.000000e+00 0.000000e+00 0.000000e+00 0.000000e+00 0.000000e+00 2.716707e+02 0.000000e+00 0.000000e+00 0.000000e+00 0.000000e+00 0.000000e+00 0.000000e+00 0.000000e+00 0.000000e+00 3.968692e+00 0.000000e+00 0.000000e+00 1.133077e-01 2.989030e-02 0.000000e+00 0.000000e+00 0.000000e+00 0.000000e+00 0.000000e+00 0.000000e+00 0.000000e+00 0.000000e+00 0.000000e+00 0.000000e+00 0.000000e+00 0.000000e+00 0.000000e+00 0.000000e+00 0.000000e+00 0.000000e+00
 1.350000e+01 1.126753e-02 0.000000e+00 0.000000e+00 1.897198e+02 0.000000e+00 0.000000e+00 0.000000e+00 0.000000e+00 0.000000e+00 3.394981e+02 0.000000e+00 0.000000e+00 4.397524e-04 0.000000e+00 0.000000e+00 0.000000e+00 0.000000e+00 0.000000e+00 9.152311e+00 0.000000e+00 0.000000e+00 1.718997e+00 7.078012e-01 0.000000e+00 0.000000e+00 0.000000e+00 0.000000e+00 0.000000e+00 0.000000e+00 0.000000e+00 3.343044e-08 0.000000e+00 0.000000e+00 0.000000e+00 0.000000e+00 0.000000e+00 0.000000e+00 0.000000e+00 0.000000e+00
 1.600000e+01 2.137059e-03 0.000000e+00 0.000000e+00 1.984939e+02 0.000000e+00 0.000000e+00 0.000000e+00 0.000000e+00 0.000000e+00 3.370533e+02 0.000000e+00 0.000000e+00 8.527062e-01 0.000000e+00 0.000000e+00 0.000000e+00 0.000000e+00 0.000000e+00 1.257883e+01 0.000000e+00 0.000000e+00 6.652039e+00 3.172632e+00 0.000000e+00 4.058569e-06 0.000000e+00 0.000000e+00 2.069512e-01 0.000000e+00 0.000000e+00 3.897400e-02 0.000000e+00 0.000000e+00 0.000000e+00 0.000000e+00 0.000000e+00 0.000000e+00 0.000000e+00 0.000000e+00
 1.850000e+01 3.423514e-04 0.000000e+00 0.000000e+00 2.003647e+02 0.000000e+00 0.000000e+00 0.000000e+00 0.000000e+00 0.000000e+00 2.952180e+02 0.000000e+00 0.000000e+00 6.481840e+00 0.000000e+00 0.000000e+00 0.000000e+00 0.000000e+00 0.000000e+00 1.396201e+01 0.000000e+00 0.000000e+00 1.145172e+01 5.846480e+00 0.000000e+00 2.121366e+00 0.000000e+00 0.000000e+00 3.160659e+01 0.000000e+00 0.000000e+00 3.035011e+00 0.000000e+00 0.000000e+00 0.000000e+00 0.000000e+00 0.000000e+00 0.000000e+00 0.000000e+00 0.000000e+00
 2.100000e+01 6.958841e-05 0.000000e+00 0.000000e+00 2.004401e+02 0.000000e+00 0.000000e+00 0.000000e+00 0.000000e+00 0.000000e+00 2.148003e+02 0.000000e+00 0.000000e+00 1.398279e+01 0.000000e+00 0.000000e+00 0.000000e+00 0.000000e+00 0.000000e+00 1.340326e+01 0.000000e+00 0.000000e+00 1.348485e+01 7.303956e+00 0.000000e+00 1.118262e+01 0.000000e+00 0.000000e+00 1.577237e+02 0.000000e+00 0.000000e+00 1.780007e+01 0.000000e+00 0.000000e+00 0.000000e+00 0.000000e+00 0.000000e+00 0.000000e+00 0.000000e+00 0.000000e+00
 2.350000e+01 2.092826e-05 0.000000e+00 0.000000e+00 1.976758e+02 0.000000e+00 0.000000e+00 0.000000e+00 0.000000e+00 0.000000e+00 1.520634e+02 0.000000e+00 0.000000e+00 2.053898e+01 0.000000e+00 0.000000e+00 0.000000e+00 0.000000e+00 0.000000e+00 1.213930e+01 0.000000e+00 0.000000e+00 1.296704e+01 7.358447e+00 0.000000e+00 2.451982e+01 0.000000e+00 0.000000e+00 3.046769e+02 0.000000e+00 0.000000e+00 4.539245e+01 0.000000e+00 0.000000e+00 0.000000e+00 0.000000e+00 0.000000e+00 0.000000e+00 0.000000e+00 0.000000e+00
 2.600000e+01 8.225788e-06 0.000000e+00 0.000000e+00 1.929937e+02 0.000000e+00 0.000000e+00 0.000000e+00 0.000000e+00 0.000000e+00 1.205237e+02 0.000000e+00 0.000000e+00 2.498446e+01 0.000000e+00 0.000000e+00 0.000000e+00 0.000000e+00 0.000000e+00 1.119822e+01 0.000000e+00 0.000000e+00 1.079578e+01 6.479339e+00 0.000000e+00 3.581987e+01 0.000000e+00 0.000000e+00 3.963578e+02 0.000000e+00 0.000000e+00 7.364997e+01 0.000000e+00 0.000000e+00 0.000000e+00 0.000000e+00 0.000000e+00 0.000000e+00 0.000000e+00 0.000000e+00
 2.850000e+01 3.395823e-06 0.000000e+00 0.000000e+00 1.866608e+02 0.000000e+00 0.000000e+00 0.000000e+00 0.000000e+00 0.000000e+00 1.044473e+02 0.000000e+00 0.000000e+00 2.544773e+01 0.000000e+00 0.000000e+00 0.000000e+00 0.000000e+00 0.000000e+00 1.072595e+01 0.000000e+00 0.000000e+00 8.624359e+00 5.522413e+00 0.000000e+00 4.128640e+01 0.000000e+00 0.000000e+00 4.396087e+02 0.000000e+00 0.000000e+00 8.955355e+01 0.000000e+00 0.000000e+00 0.000000e+00 0.000000e+00 0.000000e+00 0.000000e+00 0.000000e+00 0.000000e+00
 3.100000e+01 1.226965e-06 0.000000e+00 0.000000e+00 1.775244e+02 0.000000e+00 0.000000e+00 0.000000e+00 0.000000e+00 0.000000e+00 9.680741e+01 0.000000e+00 0.000000e+00 2.276322e+01 0.000000e+00 0.000000e+00 0.000000e+00 0.000000e+00 0.000000e+00 1.042981e+01 0.000000e+00 0.000000e+00 6.968857e+00 4.809061e+00 0.000000e+00 4.118742e+01 0.000000e+00 0.000000e+00 4.396336e+02 0.000000e+00 0.000000e+00 9.122862e+01 0.000000e+00 0.000000e+00 3.512451e-04 5.245415e-05 2.550726e-05 0.000000e+00 0.000000e+00 0.000000e+00
 3.350000e+01 3.741194e-07 0.000000e+00 0.000000e+00 1.697747e+02 0.000000e+00 0.000000e+00 0.000000e+00 0.000000e+00 0.000000e+00 9.225470e+01 0.000000e+00 0.000000e+00 1.963147e+01 0.000000e+00 0.000000e+00 0.000000e+00 0.000000e+00 0.000000e+00 1.025293e+01 0.000000e+00 0.000000e+00 6.009453e+00 4.386247e+00 0.000000e+00 3.543186e+01 0.000000e+00 0.000000e+00 4.055718e+02 0.000000e+00 0.000000e+00 8.454126e+01 0.000000e+00 0.000000e+00 3.769705e-02 4.370113e-03 7.940570e-03 0.000000e+00 0.000000e+00 0.000000e+00
 3.600000e+01 1.030014e-07 0.000000e+00 0.000000e+00 1.623626e+02 0.000000e+00 0.000000e+00 0.000000e+00 0.000000e+00 0.000000e+00 8.826823e+01 0.000000e+00 0.000000e+00 1.675673e+01 0.000000e+00 0.000000e+00 0.000000e+00 0.000000e+00 0.000000e+00 1.008129e+01 0.000000e+00 0.000000e+00 5.466749e+00 4.123848e+00 0.000000e+00 2.875642e+01 0.000000e+00 0.000000e+00 3.602484e+02 0.000000e+00 0.000000e+00 7.265680e+01 0.000000e+00 0.000000e+00 2.904826e-01 2.426292e-02 6.342787e-02 0.000000e+00 0.000000e+00 0.000000e+00
 3.850000e+01 2.827067e-08 0.000000e+00 0.000000e+00 1.608821e+02 0.000000e+00 0.000000e+00 0.000000e+00 0.000000e+00 0.000000e+00 8.472401e+01 0.000000e+00 0.000000e+00 1.446341e+01 0.000000e+00 0.000000e+00 0.000000e+00 0.000000e+00 0.000000e+00 9.870286e+00 0.000000e+00 0.000000e+00 5.149005e+00 3.945413e+00 0.000000e+00 2.313471e+01 0.000000e+00 0.000000e+00 3.220415e+02 0.000000e+00 0.000000e+00 5.892922e+01 0.000000e+00 0.000000e+00 8.487090e-01 6.052613e-02 1.807364e-01 0.000000e+00 0.000000e+00 0.000000e+00
 4.100000e+01 8.545269e-09 0.000000e+00 0.000000e+00 1.537406e+02 0.000000e+00 0.000000e+00 0.000000e+00 0.000000e+00 0.000000e+00 8.128208e+01 0.000000e+00 0.000000e+00 1.266601e+01 0.000000e+00 0.000000e+00 0.000000e+00 0.000000e+00 0.000000e+00 9.619342e+00 0.000000e+00 0.000000e+00 4.931947e+00 3.798998e+00 0.000000e+00 1.985215e+01 0.000000e+00 0.000000e+00 2.950579e+02 0.000000e+00 0.000000e+00 4.773388e+01 0.000000e+00 0.000000e+00 1.572049e+00 1.047148e-01 3.305557e-01 4.809199e-09 0.000000e+00 0.000000e+00
