#             0.000000e+00 2.660500e-02 1.105040e-01 2.120260e-01 2.151280e-01 3.355290e-01 3.409890e-01 4.543370e-01 4.863100e-01 5.410000e-01 6.610000e-01 7.161780e-01 7.534600e-01 8.404200e-01 8.530000e-01 8.840000e-01 9.740000e-01 1.140000e+00 1.167700e+00 1.192260e+00 1.195000e+00 1.236660e+00 1.239000e+00 1.293700e+00 1.350900e+00 1.364000e+00 1.384000e+00 1.447000e+00 1.484000e+00 1.484540e+00 1.509900e+00 1.560000e+00 1.613570e+00 1.655000e+00 1.674000e+00 1.692900e+00 1.727460e+00 1.744400e+00 1.780000e+00 1.833670e+00 1.865970e+00 1.866970e+00
 1.000000e+00 2.724729e-11 3.101979e-11 3.383510e-11 6.046769e-12 1.964385e-11 2.887473e-12 1.164799e-11 8.534645e-12 7.795360e-12 9.638171e-12 3.301590e-12 6.632363e-12 3.458524e-12 5.963637e-13 3.634390e-12 2.915407e-12 2.128382e-12 4.326952e-13 1.336270e-12 2.325140e-13 6.843896e-13 1.276945e-13 5.683962e-13 5.506783e-13 4.254704e-13 4.882674e-13 4.451133e-13 3.361240e-13 2.922656e-13 6.406631e-14 2.158855e-13 2.519448e-13 1.164278e-13 1.723027e-13 6.556468e-14 1.212313e-13 1.121465e-13 8.460980e-14 9.035697e-14 8.187387e-14 5.069046e-14 1.137274e-08
 3.500000e+00 1.151303e-01 1.081964e-01 1.018779e-01 6.473596e-02 9.726036e-02 4.557003e-02 9.189829e-02 8.419470e-02 8.203853e-02 8.930601e-02 6.011470e-02 6.879256e-02 6.453794e-02 2.637948e-02 6.809473e-02 5.011706e-02 4.592095e-02 2.935888e-02 4.422294e-02 2.157770e-02 3.919063e-02 1.543432e-02 3.700447e-02 3.537405e-02 3.274687e-02 3.761380e-02 3.659700e-02 3.349974e-02 3.175550e-02 1.374593e-02 2.605388e-02 2.648469e-02 2.136210e-02 2.294047e-02 1.550170e-02 1.793182e-02 2.170178e-02 1.788931e-02 1.985780e-02 1.714117e-02 1.445178e-02 3.478037e-01
 6.000000e+00 2.837246e-01 2.109476e-01 1.721309e-01 2.525236e-01 2.052753e-01 2.493679e-01 2.678037e-01 2.621132e-01 2.604710e-01 2.246561e-01 2.237456e-01 1.562879e-01 2.460973e-01 2.172657e-01 2.110311e-01 1.211566e-01 1.189327e-01 2.218233e-01 1.417152e-01 1.950337e-01 2.197294e-01 1.904504e-01 2.169227e-01 1.635024e-01 1.608127e-01 1.853246e-01 1.842310e-01 1.807432e-01 1.786646e-01 1.755174e-01 1.530833e-01 1.269803e-01 1.917636e-01 1.231211e-01 1.654878e-01 9.807725e-02 1.644441e-01 1.410268e-01 1.612557e-01 1.155674e-01 1.344870e-01 1.338167e+01
 8.500000e+00 1.225584e-01 8.308901e-02 6.423542e-02 1.256667e-01 8.170478e-02 1.450620e-01 1.185848e-01 1.172017e-01 1.168058e-01 9.198197e-02 1.024579e-01 6.052139e-02 1.133954e-01 1.363905e-01 8.886984e-02 4.650287e-02 4.603971e-02 1.234098e-01 5.735411e-02 1.113937e-01 1.073407e-01 1.291083e-01 1.067076e-01 7.236742e-02 7.180010e-02 8.327352e-02 8.304130e-02 8.230314e-02 8.186486e-02 1.066281e-01 7.018289e-02 5.430520e-02 1.010899e-01 5.352386e-02 8.924860e-02 4.189668e-02 7.889206e-02 6.768841e-02 7.822998e-02 5.200808e-02 6.634326e-02 3.016240e+01
 1.100000e+01 4.020745e-02 2.602453e-02 1.978573e-02 4.344892e-02 2.564427e-02 5.428742e-02 3.908771e-02 3.870657e-02 3.859824e-02 2.925670e-02 3.381967e-02 1.878779e-02 3.767868e-02 5.181490e-02 2.843542e-02 1.423823e-02 1.412374e-02 4.390000e-02 1.798182e-02 3.960864e-02 3.610108e-02 4.981402e-02 3.593982e-02 2.324707e-02 2.310895e-02 2.701820e-02 2.696087e-02 2.677935e-02 2.667209e-02 3.839423e-02 2.271906e-02 1.723670e-02 3.453654e-02 1.704987e-02 3.048609e-02 1.314156e-02 2.595399e-02 2.212790e-02 2.579620e-02 1.669170e-02 2.181382e-02 2.769034e+01
 1.350000e+01 1.258140e-02 7.863333e-03 5.928901e-03 1.395810e-02 7.750542e-03 1.849163e-02 1.223496e-02 1.211889e-02 1.208606e-02 8.928603e-03 1.051003e-02 5.640589e-03 1.181031e-02 1.767277e-02 8.691232e-03 4.224225e-03 4.192834e-03 1.429232e-02 5.416578e-03 1.279652e-02 1.134852e-02 1.703053e-02 1.130208e-02 7.073183e-03 7.035662e-03 8.293071e-03 8.277243e-03 8.227260e-03 8.197818e-03 1.244401e-02 6.930490e-03 5.215357e-03 1.090346e-02 5.165686e-03 9.568361e-03 3.931659e-03 8.002453e-03 6.773001e-03 7.959918e-03 5.071257e-03 6.690235e-03 1.593575e+01
 1.600000e+01 4.026229e-03 2.436960e-03 1.825642e-03 4.551513e-03 2.401358e-03 6.361723e-03 3.911623e-03 3.873641e-03 3.862937e-03 2.790421e-03 3.327161e-03 1.737112e-03 3.773641e-03 6.065169e-03 2.716527e-03 1.287459e-03 1.278111e-03 4.706325e-03 1.670117e-03 4.168812e-03 3.626550e-03 5.837351e-03 3.611918e-03 2.194584e-03 2.183446e-03 2.594922e-03 2.590146e-03 2.575090e-03 2.566242e-03 4.055915e-03 2.152381e-03 1.611107e-03 3.487502e-03 1.596698e-03 3.036191e-03 1.202081e-03 2.507894e-03 2.106283e-03 2.495273e-03 1.569468e-03 2.082250e-03 9.607572e+00
 1.850000e+01 1.335999e-03 7.849398e-04 5.838912e-04 1.535546e-03 7.731553e-04 2.254287e-03 1.296549e-03 1.283555e-03 1.279901e-03 9.050462e-04 1.091812e-03 5.553068e-04 1.249541e-03 2.143272e-03 8.808115e-04 4.084107e-04 4.054388e-04 1.601371e-03 5.340502e-04 1.402810e-03 1.200020e-03 2.058922e-03 1.195129e-03 7.061802e-04 7.026427e-04 8.414134e-04 8.398786e-04 8.350472e-04 8.322121e-04 1.364341e-03 6.928144e-04 5.155969e-04 1.153795e-03 5.111282e-04 9.961328e-04 3.816492e-04 8.135994e-04 6.783301e-04 8.095923e-04 5.027231e-04 6.708256e-04 6.717802e+00
 2.100000e+01 4.587716e-04 2.626283e-04 1.941839e-04 5.373851e-04 2.593670e-04 8.250986e-04 4.475076e-04 4.437757e-04 4.427243e-04 3.071509e-04 3.754256e-04 1.863608e-04 4.339620e-04 7.888854e-04 2.997397e-04 1.362463e-04 1.351756e-04 5.688401e-04 1.789286e-04 4.931209e-04 4.153528e-04 7.545257e-04 4.135228e-04 2.379574e-04 2.366904e-04 2.853958e-04 2.848428e-04 2.831047e-04 2.820867e-04 4.784862e-04 2.331858e-04 1.724246e-04 3.981763e-04 1.708654e-04 3.409563e-04 1.267538e-04 2.754382e-04 2.280620e-04 2.740145e-04 1.679480e-04 2.254256e-04 5.133085e+00
 2.350000e+01 1.560216e-04 8.758322e-05 6.421618e-05 1.845100e-04 8.627081e-05 2.913247e-04 1.514165e-04 1.499112e-04 1.494888e-04 1.021733e-04 1.260582e-04 6.131090e-05 1.464718e-04 2.784176e-04 9.992750e-05 4.489214e-05 4.463708e-05 1.979642e-04 5.950417e-05 1.706904e-04 1.419491e-04 2.697296e-04 1.414984e-04 7.993548e-05 7.962612e-05 9.647114e-05 9.633558e-05 9.590845e-05 9.565749e-05 1.670034e-04 7.876506e-05 5.793037e-05 1.376625e-04 5.754791e-05 1.173494e-04 4.259118e-05 9.400482e-05 7.749246e-05 9.364788e-05 5.682737e-05 7.683161e-05 4.192788e+00
 2.600000e+01 5.627965e-05 3.098763e-05 2.255454e-05 6.735517e-05 3.051229e-05 1.093559e-04 5.458834e-05 5.403524e-05 5.388004e-05 3.623592e-05 4.507296e-05 2.145987e-05 5.259702e-05 1.038471e-04 3.527792e-05 1.563749e-05 1.552473e-05 7.182492e-05 2.066695e-05 6.148556e-05 5.053009e-05 9.969992e-05 5.032775e-05 2.789113e-05 2.775669e-05 3.374855e-05 3.368969e-05 3.350393e-05 3.339568e-05 5.981930e-05 2.738474e-05 1.999332e-05 4.863088e-05 1.983256e-05 4.121088e-05 1.464314e-05 3.268985e-05 2.684367e-05 3.253898e-05 1.953253e-05 2.656616e-05 3.558109e+00
 2.850000e+01 2.085890e-05 1.130034e-05 8.167909e-06 2.522987e-05 1.112460e-05 4.189485e-05 2.022763e-05 2.002174e-05 1.996400e-05 1.324897e-05 1.662493e-05 7.768613e-06 1.948742e-05 3.979092e-05 1.289766e-05 5.654270e-06 5.613201e-06 2.704052e-05 7.481281e-06 2.302802e-05 1.872208e-05 3.821118e-05 1.864728e-05 1.016313e-05 1.011410e-05 1.233902e-05 1.231757e-05 1.225016e-05 1.221071e-05 2.240614e-05 9.978780e-06 7.238280e-06 1.802090e-05 7.180310e-06 1.520050e-05 5.293337e-06 1.195356e-05 9.781713e-06 1.189861e-05 7.072165e-06 9.680687e-06 2.958127e+00
 3.100000e+01 7.935441e-06 4.240639e-06 3.045141e-06 9.688636e-06 4.173956e-06 1.638823e-05 7.693930e-06 7.615255e-06 7.593196e-06 4.981050e-06 6.300100e-06 2.894805e-06 7.411147e-06 1.556791e-05 4.848107e-06 2.105805e-06 2.090322e-06 1.042419e-05 2.786962e-06 8.840224e-06 7.118910e-06 1.495151e-05 7.090364e-06 3.809647e-06 3.791122e-06 4.636980e-06 4.628879e-06 4.603439e-06 4.588553e-06 8.600854e-06 3.740026e-06 2.695956e-06 6.851462e-06 2.674283e-06 5.757407e-06 1.969994e-06 4.491612e-06 3.665718e-06 4.470919e-06 2.633898e-06 3.627680e-06 2.490916e+00
 3.350000e+01 3.096378e-06 1.635087e-06 1.167000e-06 3.812706e-06 1.609204e-06 6.553971e-06 3.002135e-06 2.971411e-06 2.962797e-06 1.923711e-06 2.450792e-06 1.109081e-06 2.891596e-06 6.227539e-06 1.872102e-06 8.067096e-07 8.007382e-07 4.116648e-06 1.067647e-06 3.479036e-06 2.777625e-06 5.982407e-06 2.766497e-06 1.468047e-06 1.460886e-06 1.790485e-06 1.787356e-06 1.777530e-06 1.771782e-06 3.385004e-06 1.441141e-06 1.032737e-06 2.673406e-06 1.024430e-06 2.239451e-06 7.544011e-07 1.734363e-06 1.412445e-06 1.726379e-06 1.008961e-06 1.397764e-06 2.119681e+00
 3.600000e+01 1.237009e-06 6.465627e-07 4.588821e-07 1.534500e-06 6.362425e-07 2.673180e-06 1.199245e-06 1.186943e-06 1.183495e-06 7.615370e-07 9.766388e-07 4.359975e-07 1.155065e-06 2.540684e-06 7.410083e-07 3.171409e-07 3.147773e-07 1.661554e-06 4.195965e-07 1.400206e-06 1.109461e-06 2.441312e-06 1.105020e-06 5.801206e-07 5.772832e-07 7.086597e-07 7.074209e-07 7.035322e-07 7.012576e-07 1.362469e-06 5.694642e-07 4.058610e-07 1.067917e-06 4.025964e-07 8.922636e-07 2.964819e-07 6.864617e-07 5.581123e-07 6.833069e-07 3.965208e-07 5.523098e-07 1.814083e+00
 3.850000e+01 5.057604e-07 2.619569e-07 1.849493e-07 6.316469e-07 2.577582e-07 1.113403e-06 4.903319e-07 4.853037e-07 4.838944e-07 3.088515e-07 3.984943e-07 1.756937e-07 4.722728e-07 1.058640e-06 3.005378e-07 1.278563e-07 1.268971e-07 6.857387e-07 1.690518e-07 5.764479e-07 4.536132e-07 1.017446e-06 4.517971e-07 2.349234e-07 2.337693e-07 2.873421e-07 2.868385e-07 2.852576e-07 2.843329e-07 5.609209e-07 2.305889e-07 1.634950e-07 4.366153e-07 1.621749e-07 3.639884e-07 1.194585e-07 2.783181e-07 2.259721e-07 2.770358e-07 1.597186e-07 2.236127e-07 1.535623e+00
 4.100000e+01 2.085722e-07 1.070835e-07 7.521947e-08 2.621463e-07 1.053474e-07 4.674022e-07 2.021573e-07 2.000692e-07 1.994841e-07 1.263291e-07 1.639379e-07 7.141586e-08 1.946625e-07 4.443838e-07 1.229017e-07 5.198773e-08 5.159399e-08 2.851450e-07 6.869058e-08 2.391211e-07 1.869272e-07 4.270876e-07 1.861760e-07 9.592750e-08 9.545334e-08 1.174669e-07 1.172601e-07 1.166110e-07 1.162314e-07 2.326657e-07 9.414748e-08 6.642055e-08 1.799020e-07 6.588198e-08 1.496637e-07 4.854479e-08 1.137641e-07 9.225364e-08 1.132384e-07 6.488055e-08 9.128661e-08 1.309816e+00
