# Nuclide Ex         27060 5.859000e-02         ----        26059         ----         ----        25056         ----         ----        25057         ----         ----        27058 2.495000e-02         ----        25056         ----         ----        25058 7.177000e-02         ----        24055         ----         ----        25057         ----         ----        23052         ----         ----        27057         ----         ----        25054         ----         ----        25057         ----         ----        27056         ----         ----        27055         ----         ----
# Particle L        000000            1         ----       010000         ----         ----       001000         ----         ----       000001         ----         ----       200000            1         ----       100001         ----         ----       020000            1         ----       011000         ----         ----       010100         ----         ----       002000         ----         ----       300000         ----         ----       201000         ----         ----       120000         ----         ----       400000         ----         ----       500000         ----         ----
# HalfLife    1.663000e+08 6.280000e+02 0.000000e+00 3.844000e+06 0.000000e+00 0.000000e+00 9.284000e+03 0.000000e+00 0.000000e+00 8.540000e+01 0.000000e+00 0.000000e+00 6.122000e+06 3.276000e+04 0.000000e+00 9.284000e+03 0.000000e+00 0.000000e+00 3.000000e+00 6.540000e+01 0.000000e+00 2.098000e+02 0.000000e+00 0.000000e+00 8.540000e+01 0.000000e+00 0.000000e+00 2.246000e+02 0.000000e+00 0.000000e+00 2.348000e+07 0.000000e+00 0.000000e+00 2.696000e+07 0.000000e+00 0.000000e+00 8.540000e+01 0.000000e+00 0.000000e+00 6.673000e+06 0.000000e+00 0.000000e+00 6.311000e+04 0.000000e+00 0.000000e+00
 1.000000e+00 3.688982e-12 1.867335e-11 0.000000e+00 1.277952e-06 0.000000e+00 0.000000e+00 1.156105e-08 0.000000e+00 0.000000e+00 0.000000e+00 0.000000e+00 0.000000e+00 0.000000e+00 0.000000e+00 0.000000e+00 0.000000e+00 0.000000e+00 0.000000e+00 0.000000e+00 0.000000e+00 0.000000e+00 0.000000e+00 0.000000e+00 0.000000e+00 0.000000e+00 0.000000e+00 0.000000e+00 0.000000e+00 0.000000e+00 0.000000e+00 0.000000e+00 0.000000e+00 0.000000e+00 0.000000e+00 0.000000e+00 0.000000e+00 0.000000e+00 0.000000e+00 0.000000e+00 0.000000e+00 0.000000e+00 0.000000e+00 0.000000e+00 0.000000e+00 0.000000e+00
 3.500000e+00 4.218808e-03 1.590633e-02 0.000000e+00 8.656580e+00 0.000000e+00 0.000000e+00 2.241408e+00 0.000000e+00 0.000000e+00 0.000000e+00 0.000000e+00 0.000000e+00 0.000000e+00 0.000000e+00 0.000000e+00 0.000000e+00 0.000000e+00 0.000000e+00 0.000000e+00 0.000000e+00 0.000000e+00 0.000000e+00 0.000000e+00 0.000000e+00 0.000000e+00 0.000000e+00 0.000000e+00 0.000000e+00 0.000000e+00 0.000000e+00 0.000000e+00 0.000000e+00 0.000000e+00 0.000000e+00 0.000000e+00 0.000000e+00 0.000000e+00 0.000000e+00 0.000000e+00 0.000000e+00 0.000000e+00 0.000000e+00 0.000000e+00 0.000000e+00 0.000000e+00
 6.000000e+00 3.445440e-02 7.254024e-02 0.000000e+00 7.312204e+01 0.000000e+00 0.000000e+00 2.105496e+01 0.000000e+00 0.000000e+00 0.000000e+00 0.000000e+00 0.000000e+00 2.491572e+01 8.757046e+00 0.000000e+00 0.000000e+00 0.000000e+00 0.000000e+00 0.000000e+00 0.000000e+00 0.000000e+00 1.514002e-22 0.000000e+00 0.000000e+00 0.000000e+00 0.000000e+00 0.000000e+00 1.703983e-27 0.000000e+00 0.000000e+00 0.000000e+00 0.000000e+00 0.000000e+00 0.000000e+00 0.000000e+00 0.000000e+00 0.000000e+00 0.000000e+00 0.000000e+00 0.000000e+00 0.000000e+00 0.000000e+00 0.000000e+00 0.000000e+00 0.000000e+00
 8.500000e+00 4.722064e-02 6.206746e-02 0.000000e+00 1.189881e+02 0.000000e+00 0.000000e+00 3.379347e+01 0.000000e+00 0.000000e+00 0.000000e+00 0.000000e+00 0.000000e+00 3.619693e+02 1.831848e+02 0.000000e+00 0.000000e+00 0.000000e+00 0.000000e+00 0.000000e+00 0.000000e+00 0.000000e+00 8.520259e-11 0.000000e+00 0.000000e+00 0.000000e+00 0.000000e+00 0.000000e+00 2.137514e-15 0.000000e+00 0.000000e+00 0.000000e+00 0.000000e+00 0.000000e+00 0.000000e+00 0.000000e+00 0.000000e+00 0.000000e+00 0.000000e+00 0.000000e+00 0.000000e+00 0.000000e+00 0.000000e+00 0.000000e+00 0.000000e+00 0.000000e+00
 1.100000e+01 2.916375e-02 2.670578e-02 0.000000e+00 1.408742e+02 0.000000e+00 0.000000e+00 2.890736e+01 0.000000e+00 0.000000e+00 0.000000e+00 0.000000e+00 0.000000e+00 5.282595e+02 2.979244e+02 0.000000e+00 0.000000e+00 0.000000e+00 0.000000e+00 1.228955e-08 1.036279e-08 0.000000e+00 7.820564e-06 0.000000e+00 0.000000e+00 0.000000e+00 0.000000e+00 0.000000e+00 3.777721e-09 0.000000e+00 0.000000e+00 0.000000e+00 0.000000e+00 0.000000e+00 0.000000e+00 0.000000e+00 0.000000e+00 0.000000e+00 0.000000e+00 0.000000e+00 0.000000e+00 0.000000e+00 0.000000e+00 0.000000e+00 0.000000e+00 0.000000e+00
 1.350000e+01 8.314914e-03 5.393517e-03 0.000000e+00 1.568702e+02 0.000000e+00 0.000000e+00 1.631838e+01 0.000000e+00 0.000000e+00 0.000000e+00 0.000000e+00 0.000000e+00 5.444109e+02 3.354634e+02 0.000000e+00 0.000000e+00 0.000000e+00 0.000000e+00 4.901239e-04 4.922229e-04 0.000000e+00 4.154373e-03 0.000000e+00 0.000000e+00 1.129155e-22 0.000000e+00 0.000000e+00 1.863615e-05 0.000000e+00 0.000000e+00 0.000000e+00 0.000000e+00 0.000000e+00 0.000000e+00 0.000000e+00 0.000000e+00 0.000000e+00 0.000000e+00 0.000000e+00 0.000000e+00 0.000000e+00 0.000000e+00 0.000000e+00 0.000000e+00 0.000000e+00
 1.600000e+01 1.617049e-03 7.807614e-04 0.000000e+00 1.652416e+02 0.000000e+00 0.000000e+00 9.730028e+00 0.000000e+00 0.000000e+00 0.000000e+00 0.000000e+00 0.000000e+00 5.064457e+02 3.319132e+02 0.000000e+00 0.000000e+00 0.000000e+00 0.000000e+00 2.821441e-02 3.385266e-02 0.000000e+00 1.092872e-01 0.000000e+00 0.000000e+00 1.616164e-07 0.000000e+00 0.000000e+00 3.497792e-03 0.000000e+00 0.000000e+00 1.388679e+01 0.000000e+00 0.000000e+00 1.419001e-07 0.000000e+00 0.000000e+00 1.223399e-18 0.000000e+00 0.000000e+00 0.000000e+00 0.000000e+00 0.000000e+00 0.000000e+00 0.000000e+00 0.000000e+00
 1.850000e+01 2.924501e-04 1.252388e-04 0.000000e+00 1.673762e+02 0.000000e+00 0.000000e+00 6.758410e+00 0.000000e+00 0.000000e+00 0.000000e+00 0.000000e+00 0.000000e+00 3.892196e+02 2.700088e+02 0.000000e+00 0.000000e+00 0.000000e+00 0.000000e+00 1.600983e-01 2.095583e-01 0.000000e+00 6.358440e-01 0.000000e+00 0.000000e+00 8.647452e-04 0.000000e+00 0.000000e+00 6.345880e-02 0.000000e+00 0.000000e+00 1.409680e+02 0.000000e+00 0.000000e+00 6.192151e-03 0.000000e+00 0.000000e+00 1.507338e-06 0.000000e+00 0.000000e+00 0.000000e+00 0.000000e+00 0.000000e+00 0.000000e+00 0.000000e+00 0.000000e+00
 2.100000e+01 6.840817e-05 2.982519e-05 0.000000e+00 1.660440e+02 0.000000e+00 0.000000e+00 5.147145e+00 0.000000e+00 0.000000e+00 0.000000e+00 0.000000e+00 0.000000e+00 2.713924e+02 1.885874e+02 0.000000e+00 0.000000e+00 0.000000e+00 0.000000e+00 3.751835e-01 4.742618e-01 0.000000e+00 1.631809e+00 0.000000e+00 0.000000e+00 2.830922e-02 0.000000e+00 0.000000e+00 2.964734e-01 0.000000e+00 0.000000e+00 2.815690e+02 0.000000e+00 0.000000e+00 1.372203e+00 0.000000e+00 0.000000e+00 4.785267e-03 0.000000e+00 0.000000e+00 0.000000e+00 0.000000e+00 0.000000e+00 0.000000e+00 0.000000e+00 0.000000e+00
 2.350000e+01 2.417364e-05 1.097062e-05 0.000000e+00 1.621570e+02 0.000000e+00 0.000000e+00 4.197596e+00 0.000000e+00 0.000000e+00 0.000000e+00 0.000000e+00 0.000000e+00 1.972782e+02 1.323414e+02 0.000000e+00 0.000000e+00 0.000000e+00 0.000000e+00 5.866938e-01 6.982930e-01 0.000000e+00 2.566199e+00 0.000000e+00 0.000000e+00 1.473866e-01 0.000000e+00 0.000000e+00 6.872571e-01 0.000000e+00 0.000000e+00 3.559806e+02 0.000000e+00 0.000000e+00 1.468784e+01 0.000000e+00 0.000000e+00 1.508223e-01 0.000000e+00 0.000000e+00 0.000000e+00 0.000000e+00 0.000000e+00 0.000000e+00 0.000000e+00 0.000000e+00
 2.600000e+01 1.107301e-05 4.974679e-06 0.000000e+00 1.573589e+02 0.000000e+00 0.000000e+00 3.559828e+00 0.000000e+00 0.000000e+00 0.000000e+00 0.000000e+00 0.000000e+00 1.599447e+02 1.020461e+02 0.000000e+00 0.000000e+00 0.000000e+00 0.000000e+00 7.036899e-01 7.987522e-01 0.000000e+00 2.932414e+00 0.000000e+00 0.000000e+00 3.483041e-01 0.000000e+00 0.000000e+00 1.052816e+00 0.000000e+00 0.000000e+00 3.679121e+02 0.000000e+00 0.000000e+00 4.329762e+01 0.000000e+00 0.000000e+00 8.324455e-01 0.000000e+00 0.000000e+00 0.000000e+00 0.000000e+00 0.000000e+00 0.000000e+00 0.000000e+00 0.000000e+00
 2.850000e+01 4.869362e-06 2.067717e-06 0.000000e+00 1.516948e+02 0.000000e+00 0.000000e+00 2.958765e+00 0.000000e+00 0.000000e+00 0.000000e+00 0.000000e+00 0.000000e+00 1.410817e+02 8.782635e+01 0.000000e+00 0.000000e+00 0.000000e+00 0.000000e+00 7.562751e-01 8.252518e-01 0.000000e+00 2.771371e+00 0.000000e+00 0.000000e+00 6.136254e-01 0.000000e+00 0.000000e+00 1.172064e+00 0.000000e+00 0.000000e+00 3.377554e+02 0.000000e+00 0.000000e+00 7.377727e+01 0.000000e+00 0.000000e+00 2.145355e+00 0.000000e+00 0.000000e+00 2.691030e-01 0.000000e+00 0.000000e+00 0.000000e+00 0.000000e+00 0.000000e+00
 3.100000e+01 1.776328e-06 7.106653e-07 0.000000e+00 1.453670e+02 0.000000e+00 0.000000e+00 2.491159e+00 0.000000e+00 0.000000e+00 0.000000e+00 0.000000e+00 0.000000e+00 1.303126e+02 8.035486e+01 0.000000e+00 0.000000e+00 0.000000e+00 0.000000e+00 8.077679e-01 8.570131e-01 0.000000e+00 2.428246e+00 0.000000e+00 0.000000e+00 8.284778e-01 0.000000e+00 0.000000e+00 1.028264e+00 0.000000e+00 0.000000e+00 2.823766e+02 0.000000e+00 0.000000e+00 9.549651e+01 0.000000e+00 0.000000e+00 3.960510e+00 0.000000e+00 0.000000e+00 6.148156e+00 0.000000e+00 0.000000e+00 0.000000e+00 0.000000e+00 0.000000e+00
 3.350000e+01 5.453971e-07 2.114834e-07 0.000000e+00 1.388649e+02 0.000000e+00 0.000000e+00 2.119776e+00 0.000000e+00 0.000000e+00 0.000000e+00 0.000000e+00 0.000000e+00 1.234148e+02 7.566715e+01 0.000000e+00 0.000000e+00 0.000000e+00 0.000000e+00 8.265259e-01 8.611872e-01 0.000000e+00 2.132669e+00 0.000000e+00 0.000000e+00 8.966050e-01 0.000000e+00 0.000000e+00 7.782243e-01 0.000000e+00 0.000000e+00 2.241250e+02 0.000000e+00 0.000000e+00 1.040204e+02 0.000000e+00 0.000000e+00 5.925793e+00 0.000000e+00 0.000000e+00 2.088190e+01 0.000000e+00 0.000000e+00 0.000000e+00 0.000000e+00 0.000000e+00
 3.600000e+01 1.532842e-07 6.016232e-08 0.000000e+00 1.325168e+02 0.000000e+00 0.000000e+00 1.814121e+00 0.000000e+00 0.000000e+00 0.000000e+00 0.000000e+00 0.000000e+00 1.174082e+02 7.241629e+01 0.000000e+00 0.000000e+00 0.000000e+00 0.000000e+00 8.182212e-01 8.539076e-01 0.000000e+00 1.984888e+00 0.000000e+00 0.000000e+00 8.512555e-01 0.000000e+00 0.000000e+00 5.457647e-01 0.000000e+00 0.000000e+00 1.775492e+02 0.000000e+00 0.000000e+00 9.888651e+01 0.000000e+00 0.000000e+00 7.574430e+00 0.000000e+00 0.000000e+00 3.659691e+01 0.000000e+00 0.000000e+00 0.000000e+00 0.000000e+00 0.000000e+00
 3.850000e+01 4.356789e-08 1.791821e-08 0.000000e+00 1.264066e+02 0.000000e+00 0.000000e+00 1.535639e+00 0.000000e+00 0.000000e+00 0.000000e+00 0.000000e+00 0.000000e+00 1.118792e+02 6.904629e+01 0.000000e+00 0.000000e+00 0.000000e+00 0.000000e+00 8.133930e-01 8.461693e-01 0.000000e+00 1.848928e+00 0.000000e+00 0.000000e+00 7.590372e-01 0.000000e+00 0.000000e+00 3.729653e-01 0.000000e+00 0.000000e+00 1.465950e+02 0.000000e+00 0.000000e+00 8.355365e+01 0.000000e+00 0.000000e+00 8.578390e+00 0.000000e+00 0.000000e+00 4.725900e+01 0.000000e+00 0.000000e+00 3.528882e-04 0.000000e+00 0.000000e+00
 4.100000e+01 1.321404e-08 5.776751e-09 0.000000e+00 1.258246e+02 0.000000e+00 0.000000e+00 1.309822e+00 0.000000e+00 0.000000e+00 0.000000e+00 0.000000e+00 0.000000e+00 1.064819e+02 6.577155e+01 0.000000e+00 0.000000e+00 0.000000e+00 0.000000e+00 8.032522e-01 8.337197e-01 0.000000e+00 1.754661e+00 0.000000e+00 0.000000e+00 6.650896e-01 0.000000e+00 0.000000e+00 2.609622e-01 0.000000e+00 0.000000e+00 1.269549e+02 0.000000e+00 0.000000e+00 6.537992e+01 0.000000e+00 0.000000e+00 9.051096e+00 0.000000e+00 0.000000e+00 5.085722e+01 0.000000e+00 0.000000e+00 5.164332e-02 0.000000e+00 0.000000e+00
