#             0.000000e+00 5.487000e-02 1.563000e-01 3.682900e-01 4.075500e-01 8.389100e-01 1.009620e+00 1.073300e+00 1.136740e+00 1.374990e+00 1.391000e+00 1.454400e+00 1.460800e+00 1.508400e+00 1.544000e+00 1.634200e+00 1.651100e+00 1.679000e+00 1.783400e+00 1.784500e+00 1.853000e+00 1.922300e+00 1.925300e+00 2.056000e+00 2.109800e+00 2.113000e+00 2.133870e+00 2.136130e+00 2.234000e+00 2.267590e+00 2.280000e+00 2.291570e+00 2.320000e+00 2.354530e+00 0.000000e+00 0.000000e+00 0.000000e+00 0.000000e+00 0.000000e+00 0.000000e+00 0.000000e+00 2.355530e+00
 1.000000e+00 9.922367e-11 1.043248e-10 2.630868e-11 1.032814e-11 3.682910e-11 3.736916e-12 5.941374e-12 2.313035e-13 9.083509e-13 1.548797e-12 2.390249e-12 1.847259e-12 3.878986e-13 1.129627e-12 1.001143e-12 7.327411e-13 9.255165e-13 3.324940e-13 1.038533e-14 5.700327e-13 2.696623e-13 3.373610e-13 5.942179e-15 1.485434e-13 1.581164e-13 3.284260e-14 1.428809e-13 1.415211e-13 1.937308e-14 6.019741e-14 1.054738e-14 5.406289e-14 8.771676e-15 4.055306e-14 0.000000e+00 0.000000e+00 0.000000e+00 0.000000e+00 0.000000e+00 0.000000e+00 0.000000e+00 2.271892e-08
 3.500000e+00 3.209646e-01 2.922160e-01 1.954474e-01 1.320696e-01 2.502909e-01 1.048506e-01 1.487654e-01 2.395198e-02 5.749631e-02 9.700358e-02 1.028730e-01 9.517328e-02 4.670712e-02 8.203850e-02 7.807147e-02 6.853407e-02 7.320326e-02 2.469033e-02 5.417246e-03 6.010178e-02 4.755034e-02 4.820342e-02 4.118132e-03 3.390190e-02 3.470887e-02 1.476973e-02 3.319548e-02 3.305587e-02 1.148194e-02 2.240951e-02 8.121045e-03 2.132525e-02 7.440941e-03 1.867210e-02 0.000000e+00 0.000000e+00 0.000000e+00 0.000000e+00 0.000000e+00 0.000000e+00 0.000000e+00 2.320174e-01
 6.000000e+00 8.655521e-01 6.342512e-01 7.871861e-01 7.746648e-01 8.090085e-01 6.751307e-01 7.117886e-01 4.622701e-01 6.267032e-01 6.444127e-01 4.060434e-01 3.990383e-01 5.573685e-01 4.689235e-01 4.637937e-01 4.505666e-01 3.764051e-01 8.765398e-02 2.931479e-01 3.602946e-01 5.470154e-01 3.430310e-01 2.715268e-01 3.846075e-01 3.185904e-01 4.215021e-01 3.153790e-01 3.150766e-01 3.955751e-01 3.493245e-01 3.842302e-01 3.452526e-01 3.756450e-01 3.345024e-01 0.000000e+00 0.000000e+00 0.000000e+00 0.000000e+00 0.000000e+00 0.000000e+00 0.000000e+00 1.812892e+01
 8.500000e+00 4.319717e-01 2.904022e-01 4.469918e-01 5.139069e-01 4.151485e-01 4.135514e-01 3.877329e-01 4.331987e-01 4.671957e-01 3.694937e-01 1.948880e-01 1.931351e-01 3.794495e-01 2.458362e-01 2.445474e-01 2.412378e-01 1.875396e-01 3.771907e-02 3.939358e-01 1.836083e-01 3.436773e-01 1.794308e-01 3.833544e-01 2.249098e-01 1.735557e-01 3.396586e-01 1.727855e-01 1.727130e-01 3.318015e-01 2.161868e-01 3.871832e-01 2.151757e-01 3.841384e-01 2.124993e-01 0.000000e+00 0.000000e+00 0.000000e+00 0.000000e+00 0.000000e+00 0.000000e+00 0.000000e+00 5.708535e+01
 1.100000e+01 1.573943e-01 1.017757e-01 1.707876e-01 2.101532e-01 1.522853e-01 1.608591e-01 1.442842e-01 1.991816e-01 1.963261e-01 1.391564e-01 6.899839e-02 6.852237e-02 1.511837e-01 8.913606e-02 8.879106e-02 8.790918e-02 6.701791e-02 1.248506e-02 2.093448e-01 6.597377e-02 1.321272e-01 6.487492e-02 2.061274e-01 8.363730e-02 6.334669e-02 1.403686e-01 6.314775e-02 6.312904e-02 1.382845e-01 8.140258e-02 1.739093e-01 8.114546e-02 1.730820e-01 8.046665e-02 0.000000e+00 0.000000e+00 0.000000e+00 0.000000e+00 0.000000e+00 0.000000e+00 0.000000e+00 7.610001e+01
 1.350000e+01 5.059640e-02 3.180046e-02 5.618565e-02 7.223155e-02 4.903219e-02 5.318145e-02 4.665085e-02 7.211227e-02 6.795798e-02 4.516404e-02 2.160110e-02 2.146968e-02 5.034916e-02 2.817059e-02 2.807572e-02 2.783405e-02 2.105732e-02 3.730011e-03 8.197454e-02 2.077368e-02 4.317043e-02 2.047729e-02 8.097490e-02 2.667905e-02 2.006846e-02 4.728001e-02 2.001552e-02 2.001054e-02 4.669937e-02 2.608424e-02 6.133487e-02 2.601618e-02 6.109712e-02 2.583687e-02 0.000000e+00 0.000000e+00 0.000000e+00 0.000000e+00 0.000000e+00 0.000000e+00 0.000000e+00 5.305124e+01
 1.600000e+01 1.603213e-02 9.803221e-03 1.809564e-02 2.423706e-02 1.553017e-02 1.713107e-02 1.478191e-02 2.491732e-02 2.279584e-02 1.432369e-02 6.642018e-03 6.603902e-03 1.624396e-02 8.711428e-03 8.683815e-03 8.613659e-03 6.484955e-03 1.106506e-03 3.007177e-02 6.403692e-03 1.371945e-02 6.319246e-03 2.971726e-02 8.281979e-03 6.203534e-03 1.530541e-02 6.188612e-03 6.187211e-03 1.513045e-02 8.113391e-03 2.064129e-02 8.094193e-03 2.056573e-02 8.043702e-03 0.000000e+00 0.000000e+00 0.000000e+00 0.000000e+00 0.000000e+00 0.000000e+00 0.000000e+00 2.801398e+01
 1.850000e+01 5.194121e-03 3.090396e-03 5.946102e-03 8.306107e-03 5.022565e-03 5.620212e-03 4.776237e-03 8.726177e-03 7.786912e-03 4.627776e-03 2.081169e-03 2.069617e-03 5.326720e-03 2.745792e-03 2.737345e-03 2.715932e-03 2.033733e-03 3.387026e-04 1.114361e-02 2.009358e-03 4.434729e-03 1.984145e-03 1.100499e-02 2.615606e-03 1.949781e-03 5.022543e-03 1.945365e-03 1.944950e-03 4.966520e-03 2.565147e-03 7.035382e-03 2.559422e-03 7.009539e-03 2.544387e-03 0.000000e+00 0.000000e+00 0.000000e+00 0.000000e+00 0.000000e+00 0.000000e+00 0.000000e+00 1.589038e+01
 2.100000e+01 1.709314e-03 9.939945e-04 1.990936e-03 2.904065e-03 1.663629e-03 1.900107e-03 1.593437e-03 3.136789e-03 2.735625e-03 1.540301e-03 6.728645e-04 6.689832e-04 1.796600e-03 8.926400e-04 8.897726e-04 8.825203e-04 6.569823e-04 1.076820e-04 4.207799e-03 6.488753e-04 1.472254e-03 6.405252e-04 4.148202e-03 8.488249e-04 6.291994e-04 1.687751e-03 6.277482e-04 6.276120e-04 1.667934e-03 8.320402e-04 2.447201e-03 8.301425e-04 2.437482e-03 8.251643e-04 0.000000e+00 0.000000e+00 0.000000e+00 0.000000e+00 0.000000e+00 0.000000e+00 0.000000e+00 1.058794e+01
 2.350000e+01 5.639356e-04 3.217599e-04 6.635969e-04 9.966299e-04 5.458214e-04 6.284997e-04 5.214508e-04 1.093713e-03 9.374944e-04 5.087810e-04 2.169916e-04 2.160898e-04 6.019225e-04 2.905764e-04 2.898993e-04 2.881817e-04 2.132840e-04 3.478173e-05 1.565589e-03 2.113749e-04 4.922884e-04 2.093981e-04 1.548404e-03 2.801166e-04 2.067017e-04 5.748677e-04 2.063551e-04 2.063225e-04 5.698507e-04 2.760548e-04 8.627507e-04 2.755939e-04 8.601510e-04 2.743835e-04 0.000000e+00 0.000000e+00 0.000000e+00 0.000000e+00 0.000000e+00 0.000000e+00 0.000000e+00 7.849277e+00
 2.600000e+01 1.960288e-04 1.100155e-04 2.331861e-04 3.597303e-04 1.896271e-04 2.202737e-04 1.804454e-04 3.987082e-04 3.359300e-04 1.750327e-04 7.303539e-05 7.266663e-05 2.089853e-04 9.822767e-05 9.794943e-05 9.724655e-05 7.152928e-05 1.162988e-05 5.836377e-04 7.076359e-05 1.681324e-04 6.997727e-05 5.756151e-04 9.399867e-05 6.891457e-05 1.976229e-04 6.877873e-05 6.876598e-05 1.955649e-04 9.239208e-05 3.030033e-04 9.221089e-05 3.019017e-04 9.173600e-05 0.000000e+00 0.000000e+00 0.000000e+00 0.000000e+00 0.000000e+00 0.000000e+00 0.000000e+00 6.371084e+00
 2.850000e+01 7.019270e-05 3.884780e-05 8.431695e-05 1.330042e-04 6.789993e-05 7.964515e-05 6.461924e-05 1.493924e-04 1.241620e-04 6.268657e-05 2.564498e-05 2.551634e-05 7.556639e-05 3.469015e-05 3.459216e-05 3.434464e-05 2.511963e-05 4.077051e-06 2.250387e-04 2.485206e-05 6.021970e-05 2.457794e-05 2.218976e-04 3.320070e-05 2.420765e-05 7.145607e-05 2.416034e-05 2.415590e-05 7.071179e-05 3.263579e-05 1.119179e-04 3.257213e-05 1.115080e-04 3.240532e-05 0.000000e+00 0.000000e+00 0.000000e+00 0.000000e+00 0.000000e+00 0.000000e+00 0.000000e+00 5.254214e+00
 3.100000e+01 2.588436e-05 1.415226e-05 3.136733e-05 5.043202e-05 2.503525e-05 2.962328e-05 2.382423e-05 5.730640e-05 4.706399e-05 2.311308e-05 9.287969e-06 9.241675e-06 2.810660e-05 1.263483e-05 1.259929e-05 1.250959e-05 9.099085e-06 1.477066e-06 8.840919e-05 9.003266e-06 2.220871e-05 8.905025e-06 8.717254e-05 1.209627e-05 8.772542e-06 2.658605e-05 8.755632e-06 8.754046e-06 2.631097e-05 1.189233e-05 4.242650e-05 1.186944e-05 4.227200e-05 1.180942e-05 0.000000e+00 0.000000e+00 0.000000e+00 0.000000e+00 0.000000e+00 0.000000e+00 0.000000e+00 4.387560e+00
 3.350000e+01 9.825527e-06 5.312606e-06 1.200587e-05 1.964253e-05 9.502307e-06 1.133610e-05 9.042027e-06 2.256421e-05 1.832523e-05 8.772098e-06 3.466830e-06 3.449593e-06 1.075489e-05 4.741708e-06 4.728378e-06 4.694738e-06 3.396550e-06 5.519102e-07 3.558161e-05 3.360922e-06 8.429343e-06 3.324418e-06 3.508068e-05 4.539925e-06 3.275231e-06 1.017341e-05 3.268956e-06 3.268367e-06 1.006857e-05 4.463785e-06 1.651581e-05 4.455219e-06 1.645559e-05 4.432788e-06 0.000000e+00 0.000000e+00 0.000000e+00 0.000000e+00 0.000000e+00 0.000000e+00 0.000000e+00 3.721870e+00
 3.600000e+01 3.832463e-06 2.051146e-06 4.718476e-06 7.840253e-06 3.706114e-06 4.454746e-06 3.526438e-06 9.093468e-06 7.314215e-06 3.421399e-06 1.331438e-06 1.324847e-06 4.226648e-06 1.830484e-06 1.825352e-06 1.812403e-06 1.304566e-06 2.122663e-07 1.460766e-05 1.290955e-06 3.288180e-06 1.277015e-06 1.440277e-05 1.752854e-06 1.258238e-06 3.998830e-06 1.255844e-06 1.255619e-06 3.957781e-06 1.723588e-06 6.593491e-06 1.720296e-06 6.569516e-06 1.711678e-06 0.000000e+00 0.000000e+00 0.000000e+00 0.000000e+00 0.000000e+00 0.000000e+00 0.000000e+00 3.183431e+00
 3.850000e+01 1.549609e-06 8.210759e-07 1.921908e-06 3.242086e-06 1.498074e-06 1.813475e-06 1.424788e-06 3.793806e-06 3.022634e-06 1.382028e-06 5.297510e-07 5.271144e-07 1.719858e-06 7.319697e-07 7.299042e-07 7.246941e-07 5.190082e-07 8.457789e-08 6.203161e-06 5.135737e-07 1.327902e-06 5.080129e-07 6.115541e-06 7.007743e-07 5.005318e-07 1.626625e-06 4.995785e-07 4.994890e-07 1.609866e-06 6.890455e-07 2.722794e-06 6.877274e-07 2.712850e-06 6.842775e-07 0.000000e+00 0.000000e+00 0.000000e+00 0.000000e+00 0.000000e+00 0.000000e+00 0.000000e+00 2.738911e+00
 4.100000e+01 6.310581e-07 3.312494e-07 7.880028e-07 1.347481e-06 6.099022e-07 7.432462e-07 5.798811e-07 1.589395e-06 1.255928e-06 5.624007e-07 2.125140e-07 2.114525e-07 7.047051e-07 2.950589e-07 2.942225e-07 2.921131e-07 2.081901e-07 3.398175e-08 2.638224e-06 2.060037e-07 5.403008e-07 2.037710e-07 2.601052e-06 2.824371e-07 2.007624e-07 6.663697e-07 2.003790e-07 2.003431e-07 6.594780e-07 2.776916e-07 1.131030e-06 2.771583e-07 1.126886e-06 2.757627e-07 0.000000e+00 0.000000e+00 0.000000e+00 0.000000e+00 0.000000e+00 0.000000e+00 0.000000e+00 2.368478e+00
