# Reaction        (x,n)        (x,p)        (x,A)        (x,d)        (x,t)        (x,h)        (x,2n)       (x,np)       (x,nA)       (x,nd)       (x,nt)       (x,nh)       (x,2p)       (x,pA)       (x,pd)       (x,2A)   (x,Ad)   (x,3n)       (x,2np)      (x,2nA)      (x,npA)      (x,n2p)      (x,4n)       (x,5n)               
 1.000000e+00 1.137674e-04 3.715698e-05 2.301906e-08 2.259826e-16 0.000000e+00 0.000000e+00 0.000000e+00 0.000000e+00 0.000000e+00 0.000000e+00 0.000000e+00 0.000000e+00 0.000000e+00 0.000000e+00 0.000000e+00 0.000000e+00 0.000000e+00 0.000000e+00 0.000000e+00 0.000000e+00 0.000000e+00 0.000000e+00 0.000000e+00 0.000000e+00
 3.500000e+00 9.956100e+01 3.776161e+01 2.830838e+00 7.645333e-02 0.000000e+00 0.000000e+00 0.000000e+00 2.891571e-02 0.000000e+00 0.000000e+00 0.000000e+00 0.000000e+00 0.000000e+00 0.000000e+00 0.000000e+00 0.000000e+00 0.000000e+00 0.000000e+00 0.000000e+00 0.000000e+00 0.000000e+00 0.000000e+00 0.000000e+00 0.000000e+00
 6.000000e+00 4.329799e+02 2.267837e+02 3.408439e+01 1.403653e+00 0.000000e+00 0.000000e+00 0.000000e+00 1.304821e+02 2.123114e-08 0.000000e+00 0.000000e+00 0.000000e+00 1.016577e-26 4.098028e-09 0.000000e+00 0.000000e+00 0.000000e+00 0.000000e+00 0.000000e+00 0.000000e+00 0.000000e+00 0.000000e+00 0.000000e+00 0.000000e+00
 8.500000e+00 3.455615e+02 2.626870e+02 6.729391e+01 5.910466e+00 0.000000e+00 0.000000e+00 1.470369e+01 5.326859e+02 2.339625e-02 0.000000e+00 0.000000e+00 0.000000e+00 4.070353e-06 1.692833e-03 0.000000e+00 6.090019e-17 0.000000e+00 0.000000e+00 0.000000e+00 0.000000e+00 0.000000e+00 0.000000e+00 0.000000e+00 0.000000e+00
 1.100000e+01 2.309505e+02 2.270138e+02 8.018662e+01 1.333368e+01 0.000000e+00 0.000000e+00 2.173442e+02 6.598907e+02 5.721021e+00 0.000000e+00 0.000000e+00 0.000000e+00 3.651321e-02 2.711496e-01 0.000000e+00 8.449875e-10 1.564143e-16 0.000000e+00 0.000000e+00 0.000000e+00 0.000000e+00 0.000000e+00 0.000000e+00 0.000000e+00
 1.350000e+01 1.797946e+02 2.139480e+02 5.442694e+01 1.986584e+01 0.000000e+00 0.000000e+00 3.003089e+02 7.332534e+02 4.521797e+01 7.547042e-04 0.000000e+00 0.000000e+00 1.403090e+00 1.464174e+00 9.459084e-06 1.001975e-05 9.362392e-07 0.000000e+00 0.000000e+00 0.000000e+00 2.111702e-14 1.123396e-26 0.000000e+00 0.000000e+00
 1.600000e+01 1.606905e+02 2.118954e+02 2.846371e+01 2.494245e+01 0.000000e+00 0.000000e+00 2.994243e+02 7.890456e+02 9.080293e+01 1.546429e+00 0.000000e+00 0.000000e+00 6.500799e+00 4.807227e+00 8.027834e-02 4.256557e-03 3.950253e-04 0.000000e+00 1.635769e-01 0.000000e+00 6.340517e-06 5.029573e-05 0.000000e+00 0.000000e+00
 1.850000e+01 1.507320e+02 2.094800e+02 1.604026e+01 2.326701e+01 0.000000e+00 0.000000e+00 2.749465e+02 8.059295e+02 1.226190e+02 1.027543e+01 0.000000e+00 0.000000e+00 1.285111e+01 1.166753e+01 7.905188e-01 1.540903e-01 8.004947e-03 1.539711e-03 2.177089e+01 1.880083e-10 1.275400e-02 2.766257e-01 0.000000e+00 0.000000e+00
 2.100000e+01 1.450592e+02 2.064966e+02 1.063926e+01 1.904117e+01 0.000000e+00 0.000000e+00 2.170750e+02 7.614867e+02 1.324434e+02 2.285503e+01 0.000000e+00 0.000000e+00 1.762903e+01 1.947545e+01 1.967580e+00 1.081622e+00 6.718373e-02 5.891750e+00 1.195299e+02 1.126646e-04 8.322192e-01 5.851551e+00 0.000000e+00 0.000000e+00
 2.350000e+01 1.381837e+02 1.996699e+02 7.866830e+00 1.568408e+01 0.000000e+00 0.000000e+00 1.608758e+02 6.700610e+02 1.236903e+02 3.311759e+01 0.000000e+00 0.000000e+00 1.892102e+01 2.501093e+01 4.183071e+00 2.998232e+00 3.338372e-01 1.684656e+01 2.586750e+02 9.030771e-02 7.737856e+00 1.923427e+01 0.000000e+00 0.000000e+00
 2.600000e+01 1.310127e+02 1.921776e+02 6.377257e+00 1.309156e+01 0.000000e+00 0.000000e+00 1.264849e+02 5.918978e+02 1.003435e+02 3.977955e+01 0.000000e+00 0.000000e+00 1.756363e+01 2.510047e+01 6.882794e+00 5.110076e+00 9.388281e-01 2.547421e+01 3.668968e+02 2.920422e+00 2.484081e+01 3.501583e+01 0.000000e+00 0.000000e+00
 2.850000e+01 1.237532e+02 1.842662e+02 5.256474e+00 1.130646e+01 0.000000e+00 0.000000e+00 1.088107e+02 5.436339e+02 7.337829e+01 4.282759e+01 0.000000e+00 0.000000e+00 1.615828e+01 2.147598e+01 9.229828e+00 6.639267e+00 1.690873e+00 3.227337e+01 4.242434e+02 1.405473e+01 4.246970e+01 5.296790e+01 0.000000e+00 0.000000e+00
 3.100000e+01 1.167448e+02 1.759882e+02 4.388410e+00 9.643655e+00 0.000000e+00 0.000000e+00 9.969750e+01 5.142071e+02 5.211348e+01 4.080983e+01 0.000000e+00 0.000000e+00 1.572256e+01 1.695103e+01 1.053043e+01 7.039186e+00 2.438521e+00 3.431879e+01 4.485893e+02 2.951292e+01 5.473963e+01 7.010459e+01 0.000000e+00 0.000000e+00
 3.350000e+01 1.101693e+02 1.676635e+02 3.722199e+00 8.291782e+00 0.000000e+00 0.000000e+00 9.314287e+01 4.950509e+02 3.854905e+01 3.545731e+01 0.000000e+00 0.000000e+00 1.509402e+01 1.326654e+01 1.031485e+01 6.171611e+00 2.875321e+00 3.190209e+01 4.465232e+02 4.294573e+01 6.195401e+01 8.359208e+01 2.574565e-07 0.000000e+00
 3.600000e+01 1.040529e+02 1.596239e+02 3.183561e+00 7.181670e+00 0.000000e+00 0.000000e+00 8.911091e+01 4.774926e+02 3.018409e+01 2.965297e+01 0.000000e+00 0.000000e+00 1.473955e+01 1.089844e+01 9.213652e+00 4.690034e+00 2.890105e+00 2.770517e+01 4.216527e+02 5.020621e+01 6.662332e+01 9.083300e+01 6.180894e-03 0.000000e+00
 3.850000e+01 9.811412e+01 1.516351e+02 2.738965e+00 6.252935e+00 0.000000e+00 0.000000e+00 8.534910e+01 4.597779e+02 2.524772e+01 2.473518e+01 0.000000e+00 0.000000e+00 1.439217e+01 9.442332e+00 7.957667e+00 3.289974e+00 2.566121e+00 2.387903e+01 3.879982e+02 5.097164e+01 6.718041e+01 9.198534e+01 9.034514e-02 0.000000e+00
 4.100000e+01 9.670130e+01 1.444501e+02 2.368500e+00 5.499680e+00 0.000000e+00 0.000000e+00 8.203373e+01 4.431502e+02 2.215098e+01 2.094987e+01 0.000000e+00 0.000000e+00 1.407095e+01 8.534434e+00 6.863600e+00 2.195689e+00 2.107081e+00 2.103441e+01 3.560357e+02 4.507993e+01 6.299309e+01 8.955604e+01 3.569129e-01 0.000000e+00
